version 3
run General-4-20231018-20:19:12-22348
attr configname General
attr datetime 20231018-20:19:12
attr datetimef 20231018-201912
attr experiment General
attr inifile omnetpp.ini
attr iterationvars ""
attr iterationvarsd ""
attr iterationvarsf ""
attr measurement ""
attr network Reliability
attr processid 22348
attr repetition 4
attr replication #4
attr resultdir results
attr runnumber 4
attr seedset 4
config network Reliability
config Reliability.node[*].transmissionTime "uniform(1s, 2s)"
config Reliability.node[*].delayTime "uniform(0.01s, 0.2s)"
config Reliability.node[0].lossProbability 0.5
config Reliability.node[1].lossProbability 0.6
config Reliability.node[2].lossProbability 0.7
config Reliability.node[3].lossProbability 0.1
config Reliability.node[4].lossProbability 0.2
config Reliability.node[5].lossProbability 0.1
config record-eventlog true
config sim-time-limit 240s
config repeat 5

vector 0 Reliability.node[0] txVector ETV
vector 1 Reliability.node[1] txVector ETV
vector 2 Reliability.node[1] rxVector ETV
vector 3 Reliability.node[3] txVector ETV
vector 4 Reliability.node[3] rxVector ETV
vector 5 Reliability.node[4] txVector ETV
vector 6 Reliability.node[4] rxVector ETV
vector 7 Reliability.node[5] rxVector ETV
vector 8 Reliability.node[5] e2eVector ETV
vector 9 Reliability.node[2] txVector ETV
vector 10 Reliability.node[2] rxVector ETV
vector 11 Reliability.node[0] rxVector ETV
0	1	0.193735669288	1
0	1	0.193735669288	1
0	1	0.193735669288	1
0	3	1.740967922532	2
0	3	1.740967922532	2
0	3	1.740967922532	2
0	13	3.596588867404	3
0	13	3.596588867404	3
0	13	3.596588867404	3
0	25	5.168945359219	4
0	25	5.168945359219	4
0	25	5.168945359219	4
0	30	7.113949204017	5
0	30	7.113949204017	5
0	30	7.113949204017	5
0	39	8.281921387803	6
0	39	8.281921387803	6
0	39	8.281921387803	6
0	41	9.493101943437	7
0	41	9.493101943437	7
0	41	9.493101943437	7
0	43	11.130712192193	8
0	43	11.130712192193	8
0	43	11.130712192193	8
0	53	12.371750797298	9
0	53	12.371750797298	9
0	53	12.371750797298	9
0	55	13.454919892051	10
0	55	13.454919892051	10
0	55	13.454919892051	10
0	57	15.079850742048	11
0	57	15.079850742048	11
0	57	15.079850742048	11
0	59	17.009257396836	12
0	59	17.009257396836	12
0	59	17.009257396836	12
0	69	18.646814464977	13
0	69	18.646814464977	13
0	69	18.646814464977	13
0	81	20.051639677644	14
0	81	20.051639677644	14
0	81	20.051639677644	14
0	83	21.566373651767	15
0	83	21.566373651767	15
0	83	21.566373651767	15
0	85	22.630625029014	16
0	85	22.630625029014	16
0	85	22.630625029014	16
0	87	24.170699764661	17
0	87	24.170699764661	17
0	87	24.170699764661	17
0	99	25.762573410443	18
0	99	25.762573410443	18
0	99	25.762573410443	18
0	101	27.452217520134	19
0	101	27.452217520134	19
0	101	27.452217520134	19
0	113	29.378938207089	20
0	113	29.378938207089	20
0	113	29.378938207089	20
0	115	30.63986036476	21
0	115	30.63986036476	21
0	115	30.63986036476	21
0	117	31.752370700392	22
0	117	31.752370700392	22
0	117	31.752370700392	22
0	119	33.654792559252	23
0	119	33.654792559252	23
0	119	33.654792559252	23
0	131	34.657719154761	24
0	131	34.657719154761	24
0	131	34.657719154761	24
0	133	36.413078548073	25
0	133	36.413078548073	25
0	133	36.413078548073	25
0	145	38.356876053301	26
0	145	38.356876053301	26
0	145	38.356876053301	26
0	157	39.390753670515	27
0	157	39.390753670515	27
0	157	39.390753670515	27
0	159	40.678790499143	28
0	159	40.678790499143	28
0	159	40.678790499143	28
0	171	42.088425988251	29
0	171	42.088425988251	29
0	171	42.088425988251	29
0	183	43.842281438097	30
0	183	43.842281438097	30
0	183	43.842281438097	30
0	185	45.106541947381	31
0	185	45.106541947381	31
0	185	45.106541947381	31
0	197	47.041832803202	32
0	197	47.041832803202	32
0	197	47.041832803202	32
0	199	48.193718405825	33
0	199	48.193718405825	33
0	199	48.193718405825	33
0	201	50.183835325914	34
0	201	50.183835325914	34
0	201	50.183835325914	34
0	203	51.440640248277	35
0	203	51.440640248277	35
0	203	51.440640248277	35
0	205	52.543435488746	36
0	205	52.543435488746	36
0	205	52.543435488746	36
0	207	53.918775633827	37
0	207	53.918775633827	37
0	207	53.918775633827	37
0	209	55.113723321503	38
0	209	55.113723321503	38
0	209	55.113723321503	38
0	219	57.059551617281	39
0	219	57.059551617281	39
0	219	57.059551617281	39
0	229	58.244760851992	40
0	229	58.244760851992	40
0	229	58.244760851992	40
0	231	60.103481701726	41
0	231	60.103481701726	41
0	231	60.103481701726	41
0	233	61.566331459826	42
0	233	61.566331459826	42
0	233	61.566331459826	42
0	240	62.836696941557	43
0	240	62.836696941557	43
0	240	62.836696941557	43
0	252	63.973052130698	44
0	252	63.973052130698	44
0	252	63.973052130698	44
0	259	65.613613050117	45
0	259	65.613613050117	45
0	259	65.613613050117	45
0	261	67.050636524021	46
0	261	67.050636524021	46
0	261	67.050636524021	46
0	263	68.84263710297	47
0	263	68.84263710297	47
0	263	68.84263710297	47
0	273	70.122090703028	48
0	273	70.122090703028	48
0	273	70.122090703028	48
0	275	71.689459670487	49
0	275	71.689459670487	49
0	275	71.689459670487	49
0	277	72.854621445446	50
0	277	72.854621445446	50
0	277	72.854621445446	50
0	284	73.937329056359	51
0	284	73.937329056359	51
0	284	73.937329056359	51
0	286	75.569619595691	52
0	286	75.569619595691	52
0	286	75.569619595691	52
0	288	77.458322178492	53
0	288	77.458322178492	53
0	288	77.458322178492	53
0	290	79.031605782605	54
0	290	79.031605782605	54
0	290	79.031605782605	54
0	300	80.368785614067	55
0	300	80.368785614067	55
0	300	80.368785614067	55
0	310	81.952705484734	56
0	310	81.952705484734	56
0	310	81.952705484734	56
0	312	83.197777382716	57
0	312	83.197777382716	57
0	312	83.197777382716	57
0	314	84.462693105837	58
0	314	84.462693105837	58
0	314	84.462693105837	58
0	321	85.872128693772	59
0	321	85.872128693772	59
0	321	85.872128693772	59
0	323	87.079091717874	60
0	323	87.079091717874	60
0	323	87.079091717874	60
0	335	88.584898783512	61
0	335	88.584898783512	61
0	335	88.584898783512	61
0	337	90.156723477099	62
0	337	90.156723477099	62
0	337	90.156723477099	62
0	339	92.006788612496	63
0	339	92.006788612496	63
0	339	92.006788612496	63
0	349	93.442523350859	64
0	349	93.442523350859	64
0	349	93.442523350859	64
0	351	95.013757554734	65
0	351	95.013757554734	65
0	351	95.013757554734	65
0	363	96.553205747776	66
0	363	96.553205747776	66
0	363	96.553205747776	66
0	365	98.543634746377	67
0	365	98.543634746377	67
0	365	98.543634746377	67
0	367	99.615802166205	68
0	367	99.615802166205	68
0	367	99.615802166205	68
0	379	100.738252113493	69
0	379	100.738252113493	69
0	379	100.738252113493	69
0	389	101.939234416852	70
0	389	101.939234416852	70
0	389	101.939234416852	70
0	401	102.996815755883	71
0	401	102.996815755883	71
0	401	102.996815755883	71
0	403	104.914999057226	72
0	403	104.914999057226	72
0	403	104.914999057226	72
0	405	106.521143276397	73
0	405	106.521143276397	73
0	405	106.521143276397	73
0	407	108.170441825561	74
0	407	108.170441825561	74
0	407	108.170441825561	74
0	409	109.687188588235	75
0	409	109.687188588235	75
0	409	109.687188588235	75
0	419	110.73046907402	76
0	419	110.73046907402	76
0	419	110.73046907402	76
0	431	112.037414287835	77
0	431	112.037414287835	77
0	431	112.037414287835	77
0	438	114.013151184808	78
0	438	114.013151184808	78
0	438	114.013151184808	78
0	450	115.301250251395	79
0	450	115.301250251395	79
0	450	115.301250251395	79
0	457	117.052633701743	80
0	457	117.052633701743	80
0	457	117.052633701743	80
0	459	118.072695282673	81
0	459	118.072695282673	81
0	459	118.072695282673	81
0	461	119.194332923427	82
0	461	119.194332923427	82
0	461	119.194332923427	82
0	463	120.854191172788	83
0	463	120.854191172788	83
0	463	120.854191172788	83
0	465	122.505692560844	84
0	465	122.505692560844	84
0	465	122.505692560844	84
0	467	124.078019760236	85
0	467	124.078019760236	85
0	467	124.078019760236	85
0	469	125.411922318082	86
0	469	125.411922318082	86
0	469	125.411922318082	86
0	471	126.627382547514	87
0	471	126.627382547514	87
0	471	126.627382547514	87
0	483	127.960174151383	88
0	483	127.960174151383	88
0	483	127.960174151383	88
0	485	129.697655827192	89
0	485	129.697655827192	89
0	485	129.697655827192	89
0	487	130.954491249205	90
0	487	130.954491249205	90
0	487	130.954491249205	90
0	489	132.719147727511	91
0	489	132.719147727511	91
0	489	132.719147727511	91
0	491	133.904414007359	92
0	491	133.904414007359	92
0	491	133.904414007359	92
0	493	134.987237535569	93
0	493	134.987237535569	93
0	493	134.987237535569	93
0	505	136.471325541067	94
0	505	136.471325541067	94
0	505	136.471325541067	94
0	517	137.700049320388	95
0	517	137.700049320388	95
0	517	137.700049320388	95
0	519	138.762972704753	96
0	519	138.762972704753	96
0	519	138.762972704753	96
0	531	140.67512804774	97
0	531	140.67512804774	97
0	531	140.67512804774	97
0	541	142.105674556609	98
0	541	142.105674556609	98
0	541	142.105674556609	98
0	543	144.009182260524	99
0	543	144.009182260524	99
0	543	144.009182260524	99
0	545	145.980754304364	100
0	545	145.980754304364	100
0	545	145.980754304364	100
0	547	147.938873096289	101
0	547	147.938873096289	101
0	547	147.938873096289	101
0	549	149.624585543679	102
0	549	149.624585543679	102
0	549	149.624585543679	102
0	551	150.8180045189	103
0	551	150.8180045189	103
0	551	150.8180045189	103
0	563	152.192033876585	104
0	563	152.192033876585	104
0	563	152.192033876585	104
0	565	153.510352989346	105
0	565	153.510352989346	105
0	565	153.510352989346	105
0	567	154.738270487789	106
0	567	154.738270487789	106
0	567	154.738270487789	106
0	579	156.583656979645	107
0	579	156.583656979645	107
0	579	156.583656979645	107
0	581	158.509873163108	108
0	581	158.509873163108	108
0	581	158.509873163108	108
0	583	159.827602199665	109
0	583	159.827602199665	109
0	583	159.827602199665	109
0	585	161.668013988449	110
0	585	161.668013988449	110
0	585	161.668013988449	110
0	595	162.70837207736	111
0	595	162.70837207736	111
0	595	162.70837207736	111
0	597	164.180606215182	112
0	597	164.180606215182	112
0	597	164.180606215182	112
0	607	165.457133166646	113
0	607	165.457133166646	113
0	607	165.457133166646	113
0	619	166.948498785883	114
0	619	166.948498785883	114
0	619	166.948498785883	114
0	621	168.793227979369	115
0	621	168.793227979369	115
0	621	168.793227979369	115
0	623	169.941213559281	116
0	623	169.941213559281	116
0	623	169.941213559281	116
0	630	171.560863907371	117
0	630	171.560863907371	117
0	630	171.560863907371	117
0	632	173.539185342999	118
0	632	173.539185342999	118
0	632	173.539185342999	118
0	634	175.121705423264	119
0	634	175.121705423264	119
0	634	175.121705423264	119
0	636	176.199614897059	120
0	636	176.199614897059	120
0	636	176.199614897059	120
0	638	177.540412436394	121
0	638	177.540412436394	121
0	638	177.540412436394	121
0	645	178.648423463261	122
0	645	178.648423463261	122
0	645	178.648423463261	122
0	654	179.977129908899	123
0	654	179.977129908899	123
0	654	179.977129908899	123
0	656	181.697524688827	124
0	656	181.697524688827	124
0	656	181.697524688827	124
0	658	182.718698138293	125
0	658	182.718698138293	125
0	658	182.718698138293	125
0	660	184.581169259889	126
0	660	184.581169259889	126
0	660	184.581169259889	126
0	662	186.305361661749	127
0	662	186.305361661749	127
0	662	186.305361661749	127
0	667	188.003789668126	128
0	667	188.003789668126	128
0	667	188.003789668126	128
0	669	189.099834814124	129
0	669	189.099834814124	129
0	669	189.099834814124	129
0	681	191.077830991164	130
0	681	191.077830991164	130
0	681	191.077830991164	130
0	683	192.180751771588	131
0	683	192.180751771588	131
0	683	192.180751771588	131
0	693	193.662512199642	132
0	693	193.662512199642	132
0	693	193.662512199642	132
0	695	195.460360634528	133
0	695	195.460360634528	133
0	695	195.460360634528	133
0	697	196.783579429533	134
0	697	196.783579429533	134
0	697	196.783579429533	134
0	699	198.273004161581	135
0	699	198.273004161581	135
0	699	198.273004161581	135
0	701	199.773720244798	136
0	701	199.773720244798	136
0	701	199.773720244798	136
0	711	200.791215184066	137
0	711	200.791215184066	137
0	711	200.791215184066	137
0	721	202.159698851561	138
0	721	202.159698851561	138
0	721	202.159698851561	138
0	731	203.683099741969	139
0	731	203.683099741969	139
0	731	203.683099741969	139
0	733	205.217099273033	140
0	733	205.217099273033	140
0	733	205.217099273033	140
0	735	206.490530660297	141
0	735	206.490530660297	141
0	735	206.490530660297	141
0	745	208.140052253534	142
0	745	208.140052253534	142
0	745	208.140052253534	142
0	747	209.897674991903	143
0	747	209.897674991903	143
0	747	209.897674991903	143
0	757	211.58233256537	144
0	757	211.58233256537	144
0	757	211.58233256537	144
0	759	212.887739182836	145
0	759	212.887739182836	145
0	759	212.887739182836	145
0	766	214.112974472963	146
0	766	214.112974472963	146
0	766	214.112974472963	146
0	771	215.456091661858	147
0	771	215.456091661858	147
0	771	215.456091661858	147
0	783	217.227267335089	148
0	783	217.227267335089	148
0	783	217.227267335089	148
0	793	218.873361877319	149
0	793	218.873361877319	149
0	793	218.873361877319	149
0	795	220.650230608102	150
0	795	220.650230608102	150
0	795	220.650230608102	150
0	797	221.779424140848	151
0	797	221.779424140848	151
0	797	221.779424140848	151
0	799	222.79727260155	152
0	799	222.79727260155	152
0	799	222.79727260155	152
0	809	223.840478098638	153
0	809	223.840478098638	153
0	809	223.840478098638	153
0	811	225.451814169217	154
0	811	225.451814169217	154
0	811	225.451814169217	154
0	813	226.504915733975	155
0	813	226.504915733975	155
0	813	226.504915733975	155
0	825	228.131062508947	156
0	825	228.131062508947	156
0	825	228.131062508947	156
0	827	229.873555309525	157
0	827	229.873555309525	157
0	827	229.873555309525	157
0	839	231.781329461992	158
0	839	231.781329461992	158
0	839	231.781329461992	158
0	841	232.900550103434	159
0	841	232.900550103434	159
0	841	232.900550103434	159
0	851	234.258065416165	160
0	851	234.258065416165	160
0	851	234.258065416165	160
0	860	235.330435315999	161
0	860	235.330435315999	161
0	860	235.330435315999	161
0	872	236.97681123639	162
0	872	236.97681123639	162
0	872	236.97681123639	162
0	879	238.893141077985	163
0	879	238.893141077985	163
0	879	238.893141077985	163
1	4	1.945777949758	1
1	4	1.945777949758	2
1	4	1.945777949758	3
1	14	3.654149031033	4
1	14	3.654149031033	5
1	14	3.654149031033	6
1	26	5.338343496226	7
1	26	5.338343496226	8
1	26	5.338343496226	9
1	31	7.167362838669	10
1	31	7.167362838669	11
1	31	7.167362838669	12
1	44	11.226996326267	13
1	44	11.226996326267	14
1	44	11.226996326267	15
1	60	17.074124248095	16
1	60	17.074124248095	17
1	60	17.074124248095	18
1	70	18.734525352045	19
1	70	18.734525352045	20
1	70	18.734525352045	21
1	88	24.215245253296	22
1	88	24.215245253296	23
1	88	24.215245253296	24
1	102	27.595801330883	25
1	102	27.595801330883	26
1	102	27.595801330883	27
1	120	33.860919649257	28
1	120	33.860919649257	29
1	120	33.860919649257	30
1	134	36.607405791723	31
1	134	36.607405791723	32
1	134	36.607405791723	33
1	146	38.514980027828	34
1	146	38.514980027828	35
1	146	38.514980027828	36
1	160	40.776238617647	37
1	160	40.776238617647	38
1	160	40.776238617647	39
1	172	42.134028983355	40
1	172	42.134028983355	41
1	172	42.134028983355	42
1	186	45.206791477165	43
1	186	45.206791477165	44
1	186	45.206791477165	45
1	210	55.2086092248	46
1	210	55.2086092248	47
1	210	55.2086092248	48
1	220	57.095492689958	49
1	220	57.095492689958	50
1	220	57.095492689958	51
1	234	61.667041988505	52
1	234	61.667041988505	53
1	234	61.667041988505	54
1	241	62.953860525899	55
1	241	62.953860525899	56
1	241	62.953860525899	57
1	253	64.178474134447	58
1	253	64.178474134447	59
1	253	64.178474134447	60
1	264	69.052260616541	61
1	264	69.052260616541	62
1	264	69.052260616541	63
1	278	72.92988101756	64
1	278	72.92988101756	65
1	278	72.92988101756	66
1	291	79.127928609423	67
1	291	79.127928609423	68
1	291	79.127928609423	69
1	301	80.502121236667	70
1	301	80.502121236667	71
1	301	80.502121236667	72
1	315	84.650159408924	73
1	315	84.650159408924	74
1	315	84.650159408924	75
1	324	87.258892035553	76
1	324	87.258892035553	77
1	324	87.258892035553	78
1	340	92.120328638725	79
1	340	92.120328638725	80
1	340	92.120328638725	81
1	352	95.056459118876	82
1	352	95.056459118876	83
1	352	95.056459118876	84
1	368	99.736925585828	85
1	368	99.736925585828	86
1	368	99.736925585828	87
1	380	100.789032917827	88
1	380	100.789032917827	89
1	380	100.789032917827	90
1	390	102.013443494722	91
1	390	102.013443494722	92
1	390	102.013443494722	93
1	410	109.799674339789	94
1	410	109.799674339789	95
1	410	109.799674339789	96
1	420	110.888104504935	97
1	420	110.888104504935	98
1	420	110.888104504935	99
1	432	112.205976140619	100
1	432	112.205976140619	101
1	432	112.205976140619	102
1	439	114.195185758652	103
1	439	114.195185758652	104
1	439	114.195185758652	105
1	451	115.436676535251	106
1	451	115.436676535251	107
1	451	115.436676535251	108
1	472	126.691405457955	109
1	472	126.691405457955	110
1	472	126.691405457955	111
1	494	135.190349929508	112
1	494	135.190349929508	113
1	494	135.190349929508	114
1	506	136.585350787505	115
1	506	136.585350787505	116
1	506	136.585350787505	117
1	520	138.894967516296	118
1	520	138.894967516296	119
1	520	138.894967516296	120
1	532	140.847049465274	121
1	532	140.847049465274	122
1	532	140.847049465274	123
1	552	150.996855329055	124
1	552	150.996855329055	125
1	552	150.996855329055	126
1	568	154.821220191951	127
1	568	154.821220191951	128
1	568	154.821220191951	129
1	586	161.848001567174	130
1	586	161.848001567174	131
1	586	161.848001567174	132
1	598	164.204134685954	133
1	598	164.204134685954	134
1	598	164.204134685954	135
1	608	165.63572665198	136
1	608	165.63572665198	137
1	608	165.63572665198	138
1	624	169.987086667387	139
1	624	169.987086667387	140
1	624	169.987086667387	141
1	639	177.623121298527	142
1	639	177.623121298527	143
1	639	177.623121298527	144
1	646	178.843157004103	145
1	646	178.843157004103	146
1	646	178.843157004103	147
1	663	186.463654369026	148
1	663	186.463654369026	149
1	663	186.463654369026	150
1	670	189.204638202145	151
1	670	189.204638202145	152
1	670	189.204638202145	153
1	684	192.232151370599	154
1	684	192.232151370599	155
1	684	192.232151370599	156
1	702	199.975189504898	157
1	702	199.975189504898	158
1	702	199.975189504898	159
1	712	200.914826641668	160
1	712	200.914826641668	161
1	712	200.914826641668	162
1	722	202.35216236465	163
1	722	202.35216236465	164
1	722	202.35216236465	165
1	736	206.616339310466	166
1	736	206.616339310466	167
1	736	206.616339310466	168
1	748	209.929110530235	169
1	748	209.929110530235	170
1	748	209.929110530235	171
1	760	212.917029817043	172
1	760	212.917029817043	173
1	760	212.917029817043	174
1	767	214.312488628262	175
1	767	214.312488628262	176
1	767	214.312488628262	177
1	772	215.598258454601	178
1	772	215.598258454601	179
1	772	215.598258454601	180
1	784	217.348824729916	181
1	784	217.348824729916	182
1	784	217.348824729916	183
1	800	222.899281630463	184
1	800	222.899281630463	185
1	800	222.899281630463	186
1	814	226.654530227007	187
1	814	226.654530227007	188
1	814	226.654530227007	189
1	828	229.915698405976	190
1	828	229.915698405976	191
1	828	229.915698405976	192
1	842	232.983779930777	193
1	842	232.983779930777	194
1	842	232.983779930777	195
1	852	234.285348882875	196
1	852	234.285348882875	197
1	852	234.285348882875	198
1	861	235.452770345916	199
1	861	235.452770345916	200
1	861	235.452770345916	201
1	873	237.04543514706	202
1	873	237.04543514706	203
1	873	237.04543514706	204
1	880	238.964974410767	205
1	880	238.964974410767	206
1	880	238.964974410767	207
2	4	1.945777949758	1
2	8	2.126191821685	2
2	14	3.654149031033	3
2	18	3.922427548195	4
2	26	5.338343496226	5
2	31	7.167362838669	6
2	44	11.226996326267	7
2	60	17.074124248095	8
2	70	18.734525352045	9
2	88	24.215245253296	10
2	91	24.328446371915	11
2	102	27.595801330883	12
2	120	33.860919649257	13
2	122	34.012227765358	14
2	130	34.195221350927	15
2	134	36.607405791723	16
2	146	38.514980027828	17
2	154	38.773427217273	18
2	160	40.776238617647	19
2	172	42.134028983355	20
2	176	42.479502053221	21
2	182	42.776019360667	22
2	186	45.206791477165	23
2	195	45.791944180511	24
2	210	55.2086092248	25
2	216	55.544540382947	26
2	220	57.095492689958	27
2	234	61.667041988505	28
2	241	62.953860525899	29
2	248	63.167335765826	30
2	253	64.178474134447	31
2	264	69.052260616541	32
2	278	72.92988101756	33
2	282	73.237568339834	34
2	291	79.127928609423	35
2	297	79.297328814002	36
2	301	80.502121236667	37
2	315	84.650159408924	38
2	324	87.258892035553	39
2	331	87.660912361575	40
2	340	92.120328638725	41
2	352	95.056459118876	42
2	361	95.483023978891	43
2	368	99.736925585828	44
2	378	100.361963096174	45
2	380	100.789032917827	46
2	390	102.013443494722	47
2	410	109.799674339789	48
2	420	110.888104504935	49
2	424	111.092339632138	50
2	426	111.158602509023	51
2	432	112.205976140619	52
2	436	112.420844633229	53
2	439	114.195185758652	54
2	449	114.833358702454	55
2	451	115.436676535251	56
2	472	126.691405457955	57
2	481	127.204327657177	58
2	494	135.190349929508	59
2	499	135.447202297506	60
2	506	136.585350787505	61
2	514	136.868265165214	62
2	520	138.894967516296	63
2	524	139.197328319742	64
2	530	139.393112762285	65
2	532	140.847049465274	66
2	552	150.996855329055	67
2	558	151.194047658475	68
2	568	154.821220191951	69
2	574	155.161629407579	70
2	576	155.190344287608	71
2	586	161.848001567174	72
2	598	164.204134685954	73
2	602	164.375898897867	74
2	608	165.63572665198	75
2	624	169.987086667387	76
2	629	170.227525436011	77
2	639	177.623121298527	78
2	643	177.847150703681	79
2	646	178.843157004103	80
2	651	179.127916614594	81
2	652	179.128092665334	82
2	663	186.463654369026	83
2	670	189.204638202145	84
2	676	189.431755611408	85
2	679	189.491276808708	86
2	684	192.232151370599	87
2	702	199.975189504898	88
2	712	200.914826641668	89
2	716	201.110464942088	90
2	722	202.35216236465	91
2	736	206.616339310466	92
2	748	209.929110530235	93
2	753	210.295286906065	94
2	760	212.917029817043	95
2	764	213.290243945333	96
2	767	214.312488628262	97
2	772	215.598258454601	98
2	776	215.75714051065	99
2	778	215.808717120688	100
2	784	217.348824729916	101
2	787	217.528037394603	102
2	800	222.899281630463	103
2	814	226.654530227007	104
2	818	226.822123183654	105
2	828	229.915698405976	106
2	832	230.117156261063	107
2	842	232.983779930777	108
2	852	234.285348882875	109
2	859	234.681703745093	110
2	861	235.452770345916	111
2	866	235.65819265051	112
2	873	237.04543514706	113
2	880	238.964974410767	114
2	885	239.15633889199	115
3	5	2.079313628841	1
3	5	2.079313628841	2
3	16	3.788934099068	3
3	16	3.788934099068	4
3	32	7.264967171452	5
3	32	7.264967171452	6
3	47	11.367202482137	7
3	47	11.367202482137	8
3	63	17.188705131048	9
3	63	17.188705131048	10
3	73	18.863231718525	11
3	73	18.863231718525	12
3	90	24.304931490383	13
3	90	24.304931490383	14
3	103	27.644059430667	15
3	103	27.644059430667	16
3	125	34.058975205299	17
3	125	34.058975205299	18
3	137	36.806497104266	19
3	137	36.806497104266	20
3	148	38.636611521981	21
3	148	38.636611521981	22
3	162	40.894235236502	23
3	162	40.894235236502	24
3	179	42.566512602963	25
3	179	42.566512602963	26
3	189	45.410839561872	27
3	189	45.410839561872	28
3	213	55.347198340909	29
3	213	55.347198340909	30
3	223	57.255608565562	31
3	223	57.255608565562	32
3	237	61.773860443439	33
3	237	61.773860443439	34
3	242	63.023610547893	35
3	242	63.023610547893	36
3	255	64.281346625355	37
3	255	64.281346625355	38
3	266	69.116313104833	39
3	266	69.116313104833	40
3	281	73.137263715205	41
3	281	73.137263715205	42
3	292	79.155100193903	43
3	292	79.155100193903	44
3	304	80.682112000869	45
3	304	80.682112000869	46
3	317	84.833536851547	47
3	317	84.833536851547	48
3	326	87.457480928045	49
3	326	87.457480928045	50
3	343	92.277837815382	51
3	343	92.277837815382	52
3	355	95.174842658845	53
3	355	95.174842658845	54
3	371	99.898532435388	55
3	371	99.898532435388	56
3	381	100.886758321345	57
3	381	100.886758321345	58
3	391	102.07993306141	59
3	391	102.07993306141	60
3	411	109.968553378157	61
3	411	109.968553378157	62
3	422	111.045146588671	63
3	422	111.045146588671	64
3	435	112.393373215451	65
3	435	112.393373215451	66
3	441	114.310692200718	67
3	441	114.310692200718	68
3	475	126.840736374602	69
3	475	126.840736374602	70
3	497	135.380214815327	71
3	497	135.380214815327	72
3	507	136.628285893551	73
3	507	136.628285893551	74
3	527	139.310457956913	75
3	527	139.310457956913	76
3	534	140.961011225836	77
3	534	140.961011225836	78
3	553	151.09133116362	79
3	553	151.09133116362	80
3	570	154.989738408016	81
3	570	154.989738408016	82
3	589	161.979047196298	83
3	589	161.979047196298	84
3	610	165.801863300993	85
3	610	165.801863300993	86
3	625	170.044484003625	87
3	625	170.044484003625	88
3	641	177.821342068413	89
3	641	177.821342068413	90
3	649	178.973606629699	91
3	649	178.973606629699	92
3	671	189.295995536771	93
3	671	189.295995536771	94
3	686	192.365252896155	95
3	686	192.365252896155	96
3	705	200.149566917142	97
3	705	200.149566917142	98
3	714	201.037778418316	99
3	714	201.037778418316	100
3	723	202.401452311418	101
3	723	202.401452311418	102
3	739	206.676283245473	103
3	739	206.676283245473	104
3	751	210.113297669752	105
3	751	210.113297669752	106
3	763	213.121719927654	107
3	763	213.121719927654	108
3	773	215.651967071299	109
3	773	215.651967071299	110
3	786	217.498783510082	111
3	786	217.498783510082	112
3	803	223.104941628166	113
3	803	223.104941628166	114
3	817	226.814607760452	115
3	817	226.814607760452	116
3	830	230.040473910781	117
3	830	230.040473910781	118
3	843	233.062828547	119
3	843	233.062828547	120
3	856	234.475264156723	121
3	856	234.475264156723	122
3	864	235.613952173874	123
3	864	235.613952173874	124
3	875	237.203746886421	125
3	875	237.203746886421	126
3	881	239.081321643475	127
3	881	239.081321643475	128
4	5	2.079313628841	1
4	10	2.387416165855	2
4	16	3.788934099068	3
4	20	3.991594581782	4
4	32	7.264967171452	5
4	47	11.367202482137	6
4	52	11.536688806297	7
4	63	17.188705131048	8
4	68	17.575140890544	9
4	73	18.863231718525	10
4	80	19.076273974872	11
4	90	24.304931490383	12
4	98	24.530140340334	13
4	103	27.644059430667	14
4	111	27.841852760763	15
4	125	34.058975205299	16
4	128	34.131690612151	17
4	137	36.806497104266	18
4	144	37.034908057624	19
4	148	38.636611521981	20
4	162	40.894235236502	21
4	179	42.566512602963	22
4	189	45.410839561872	23
4	192	45.674915940991	24
4	213	55.347198340909	25
4	217	55.601364113178	26
4	223	57.255608565562	27
4	225	57.371702840723	28
4	237	61.773860443439	29
4	242	63.023610547893	30
4	250	63.18844119578	31
4	255	64.281346625355	32
4	266	69.116313104833	33
4	271	69.267180295082	34
4	281	73.137263715205	35
4	292	79.155100193903	36
4	296	79.264006739637	37
4	304	80.682112000869	38
4	306	80.748199772521	39
4	317	84.833536851547	40
4	326	87.457480928045	41
4	330	87.649534881696	42
4	343	92.277837815382	43
4	348	92.528759471806	44
4	355	95.174842658845	45
4	371	99.898532435388	46
4	376	100.291192014324	47
4	381	100.886758321345	48
4	391	102.07993306141	49
4	411	109.968553378157	50
4	418	110.28966147191	51
4	422	111.045146588671	52
4	430	111.272721708765	53
4	435	112.393373215451	54
4	441	114.310692200718	55
4	445	114.575730683859	56
4	475	126.840736374602	57
4	478	127.059365299138	58
4	497	135.380214815327	59
4	503	135.607103389281	60
4	507	136.628285893551	61
4	515	136.871507029293	62
4	527	139.310457956913	63
4	534	140.961011225836	64
4	537	141.129285110951	65
4	553	151.09133116362	66
4	561	151.288278651557	67
4	570	154.989738408016	68
4	578	155.337399600412	69
4	589	161.979047196298	70
4	592	162.178136858798	71
4	610	165.801863300993	72
4	613	165.879758333347	73
4	625	170.044484003625	74
4	641	177.821342068413	75
4	649	178.973606629699	76
4	671	189.295995536771	77
4	686	192.365252896155	78
4	691	192.693296325129	79
4	705	200.149566917142	80
4	714	201.037778418316	81
4	720	201.418827124522	82
4	723	202.401452311418	83
4	730	202.72663989717	84
4	739	206.676283245473	85
4	751	210.113297669752	86
4	763	213.121719927654	87
4	773	215.651967071299	88
4	780	215.904046911469	89
4	786	217.498783510082	90
4	790	217.660154286522	91
4	803	223.104941628166	92
4	808	223.349934920187	93
4	817	226.814607760452	94
4	822	227.08535216806	95
4	830	230.040473910781	96
4	837	230.271419162582	97
4	843	233.062828547	98
4	848	233.339222374414	99
4	856	234.475264156723	100
4	864	235.613952173874	101
4	867	235.768241362686	102
4	875	237.203746886421	103
4	881	239.081321643475	104
4	890	239.389488960056	105
5	9	2.28480577524	1
5	9	2.28480577524	2
5	9	2.28480577524	3
5	19	3.963204171598	4
5	19	3.963204171598	5
5	19	3.963204171598	6
5	49	11.42120752467	7
5	49	11.42120752467	8
5	49	11.42120752467	9
5	65	17.38864919614	10
5	65	17.38864919614	11
5	65	17.38864919614	12
5	76	19.009637769889	13
5	76	19.009637769889	14
5	76	19.009637769889	15
5	92	24.333560306287	16
5	92	24.333560306287	17
5	92	24.333560306287	18
5	108	27.747224338137	19
5	108	27.747224338137	20
5	108	27.747224338137	21
5	123	34.045674858004	22
5	123	34.045674858004	23
5	123	34.045674858004	24
5	138	36.828478171935	25
5	138	36.828478171935	26
5	138	36.828478171935	27
5	152	38.708381099611	28
5	152	38.708381099611	29
5	152	38.708381099611	30
5	166	41.020412172336	31
5	166	41.020412172336	32
5	166	41.020412172336	33
5	177	42.481926583028	34
5	177	42.481926583028	35
5	177	42.481926583028	36
5	191	45.569108009437	37
5	191	45.569108009437	38
5	191	45.569108009437	39
5	214	55.424648137558	40
5	214	55.424648137558	41
5	214	55.424648137558	42
5	224	57.320330398913	43
5	224	57.320330398913	44
5	224	57.320330398913	45
5	244	63.054479672758	46
5	244	63.054479672758	47
5	244	63.054479672758	48
5	269	69.18073138652	49
5	269	69.18073138652	50
5	269	69.18073138652	51
5	293	79.200535895011	52
5	293	79.200535895011	53
5	293	79.200535895011	54
5	305	80.715216193353	55
5	305	80.715216193353	56
5	305	80.715216193353	57
5	328	87.500892088268	58
5	328	87.500892088268	59
5	328	87.500892088268	60
5	344	92.343845488191	61
5	344	92.343845488191	62
5	344	92.343845488191	63
5	356	95.292675222974	64
5	356	95.292675222974	65
5	356	95.292675222974	66
5	373	100.098575212978	67
5	373	100.098575212978	68
5	373	100.098575212978	69
5	384	101.013512152534	70
5	384	101.013512152534	71
5	384	101.013512152534	72
5	393	102.148119441305	73
5	393	102.148119441305	74
5	393	102.148119441305	75
5	415	110.097343799596	76
5	415	110.097343799596	77
5	415	110.097343799596	78
5	425	111.131089391109	79
5	425	111.131089391109	80
5	425	111.131089391109	81
5	444	114.449677332751	82
5	444	114.449677332751	83
5	444	114.449677332751	84
5	477	126.984690754794	85
5	477	126.984690754794	86
5	477	126.984690754794	87
5	498	135.420819677937	88
5	498	135.420819677937	89
5	498	135.420819677937	90
5	509	136.706110783978	91
5	509	136.706110783978	92
5	509	136.706110783978	93
5	525	139.218111700147	94
5	525	139.218111700147	95
5	525	139.218111700147	96
5	535	141.036252837482	97
5	535	141.036252837482	98
5	535	141.036252837482	99
5	555	151.114944750572	100
5	555	151.114944750572	101
5	555	151.114944750572	102
5	573	155.131036269731	103
5	573	155.131036269731	104
5	573	155.131036269731	105
5	591	162.145787111318	106
5	591	162.145787111318	107
5	591	162.145787111318	108
5	603	164.377061786748	109
5	603	164.377061786748	110
5	603	164.377061786748	111
5	612	165.857118092309	112
5	612	165.857118092309	113
5	612	165.857118092309	114
5	673	189.347657965027	115
5	673	189.347657965027	116
5	673	189.347657965027	117
5	689	192.531687848192	118
5	689	192.531687848192	119
5	689	192.531687848192	120
5	706	200.18427883476	121
5	706	200.18427883476	122
5	706	200.18427883476	123
5	717	201.210627147842	124
5	717	201.210627147842	125
5	717	201.210627147842	126
5	726	202.583502251933	127
5	726	202.583502251933	128
5	726	202.583502251933	129
5	740	206.705049041095	130
5	740	206.705049041095	131
5	740	206.705049041095	132
5	752	210.275828536516	133
5	752	210.275828536516	134
5	752	210.275828536516	135
5	779	215.852102149424	136
5	779	215.852102149424	137
5	779	215.852102149424	138
5	788	217.542819456155	139
5	788	217.542819456155	140
5	788	217.542819456155	141
5	805	223.154079884724	142
5	805	223.154079884724	143
5	805	223.154079884724	144
5	821	226.990486590981	145
5	821	226.990486590981	146
5	821	226.990486590981	147
5	834	230.205955023439	148
5	834	230.205955023439	149
5	834	230.205955023439	150
5	847	233.250993212061	151
5	847	233.250993212061	152
5	847	233.250993212061	153
5	865	235.655834238331	154
5	865	235.655834238331	155
5	865	235.655834238331	156
5	886	239.227081466518	157
5	886	239.227081466518	158
5	886	239.227081466518	159
6	9	2.28480577524	1
6	19	3.963204171598	2
6	22	4.057448891218	3
6	49	11.42120752467	4
6	65	17.38864919614	5
6	76	19.009637769889	6
6	77	19.010438594621	7
6	92	24.333560306287	8
6	94	24.383263897988	9
6	108	27.747224338137	10
6	110	27.840267066656	11
6	123	34.045674858004	12
6	138	36.828478171935	13
6	141	36.919775896035	14
6	152	38.708381099611	15
6	166	41.020412172336	16
6	167	41.084872674264	17
6	177	42.481926583028	18
6	181	42.656116469181	19
6	191	45.569108009437	20
6	196	45.835954850258	21
6	214	55.424648137558	22
6	224	57.320330398913	23
6	244	63.054479672758	24
6	269	69.18073138652	25
6	293	79.200535895011	26
6	305	80.715216193353	27
6	328	87.500892088268	28
6	334	87.809826884307	29
6	344	92.343845488191	30
6	356	95.292675222974	31
6	362	95.493484089256	32
6	373	100.098575212978	33
6	377	100.360167537247	34
6	384	101.013512152534	35
6	393	102.148119441305	36
6	398	102.333793741538	37
6	415	110.097343799596	38
6	425	111.131089391109	39
6	427	111.198956963324	40
6	444	114.449677332751	41
6	448	114.804060508119	42
6	477	126.984690754794	43
6	482	127.236632958092	44
6	498	135.420819677937	45
6	509	136.706110783978	46
6	513	136.849195560743	47
6	525	139.218111700147	48
6	528	139.342120160468	49
6	535	141.036252837482	50
6	555	151.114944750572	51
6	562	151.341533156336	52
6	573	155.131036269731	53
6	591	162.145787111318	54
6	603	164.377061786748	55
6	612	165.857118092309	56
6	617	165.980287565421	57
6	673	189.347657965027	58
6	678	189.465785763253	59
6	689	192.531687848192	60
6	706	200.18427883476	61
6	717	201.210627147842	62
6	726	202.583502251933	63
6	740	206.705049041095	64
6	752	210.275828536516	65
6	779	215.852102149424	66
6	788	217.542819456155	67
6	805	223.154079884724	68
6	821	226.990486590981	69
6	834	230.205955023439	70
6	835	230.208673183694	71
6	847	233.250993212061	72
6	865	235.655834238331	73
6	871	235.875810734923	74
6	886	239.227081466518	75
7	11	2.425068764148	1
7	23	4.105547881612	2
7	51	11.530080091748	3
7	66	17.487836694412	4
7	79	19.047725404592	5
7	97	24.462172167729	6
7	112	27.935525785793	7
7	126	34.066419828461	8
7	139	36.85548186773	9
7	155	38.821820750752	10
7	170	41.228663567566	11
7	178	42.560335739406	12
7	194	45.751782925449	13
7	218	55.632874243175	14
7	228	57.524954029942	15
7	249	63.174707409768	16
7	272	69.360086419639	17
7	298	79.29781950199	18
7	308	80.884292233139	19
7	329	87.539739954326	20
7	345	92.385043960045	21
7	360	95.419604109419	22
7	375	100.283541682779	23
7	386	101.048288219241	24
7	397	102.333599950619	25
7	417	110.203013724318	26
7	428	111.229458098252	27
7	446	114.623703379367	28
7	479	127.080019051974	29
7	501	135.562770212184	30
7	511	136.735485793515	31
7	526	139.295165141347	32
7	540	141.225899238049	33
7	560	151.250480922417	34
7	577	155.20180344724	35
7	594	162.244583483008	36
7	605	164.4909724582	37
7	614	165.885398655379	38
7	675	189.423911428516	39
7	692	192.724841858699	40
7	708	200.217501944969	41
7	718	201.258388372609	42
7	729	202.640750978683	43
7	741	206.795364894403	44
7	754	210.352262168755	45
7	782	216.035282165813	46
7	792	217.701396678411	47
7	807	223.310035108957	48
7	823	227.109015825298	49
7	838	230.407598334066	50
7	849	233.432326437833	51
7	869	235.833454897324	52
7	887	239.251698060623	53
8	11	2.425068764148	2.23133309486
8	23	4.105547881612	2.36457995908
8	51	11.530080091748	2.036978148311
8	66	17.487836694412	2.407985952364
8	79	19.047725404592	2.038468007756
8	97	24.462172167729	1.831547138715
8	112	27.935525785793	2.17295237535
8	126	34.066419828461	2.314049128069
8	139	36.85548186773	2.197762712969
8	155	38.821820750752	2.408742202679
8	170	41.228663567566	1.837909897051
8	178	42.560335739406	1.881545240263
8	194	45.751782925449	1.909501487352
8	218	55.632874243175	1.714098609348
8	228	57.524954029942	2.411230708439
8	249	63.174707409768	1.608375949942
8	272	69.360086419639	2.309449895618
8	298	79.29781950199	1.839497323498
8	308	80.884292233139	1.852686450534
8	329	87.539739954326	1.667611260554
8	345	92.385043960045	2.228320482946
8	360	95.419604109419	1.97708075856
8	375	100.283541682779	1.739906936402
8	386	101.048288219241	1.432486053036
8	397	102.333599950619	1.595347837126
8	417	110.203013724318	2.032571898757
8	428	111.229458098252	1.542269510017
8	446	114.623703379367	2.586289091532
8	479	127.080019051974	1.668096733892
8	501	135.562770212184	1.658356204825
8	511	136.735485793515	1.748248257946
8	526	139.295165141347	1.595115820959
8	540	141.225899238049	2.462926533296
8	560	151.250480922417	1.625895378738
8	577	155.20180344724	1.691450457894
8	594	162.244583483008	2.416981283343
8	605	164.4909724582	1.78260038084
8	614	165.885398655379	1.704792440197
8	675	189.423911428516	1.42012176039
8	692	192.724841858699	1.647010867535
8	708	200.217501944969	1.944497783388
8	718	201.258388372609	1.484668127811
8	729	202.640750978683	1.849535794617
8	741	206.795364894403	1.57826562137
8	754	210.352262168755	2.212209915221
8	782	216.035282165813	1.92230769285
8	792	217.701396678411	2.245305016553
8	807	223.310035108957	1.530610968109
8	823	227.109015825298	1.657201656081
8	838	230.407598334066	2.276535825119
8	849	233.432326437833	1.650996975841
8	869	235.833454897324	1.575389481159
8	887	239.251698060623	2.274886824233
9	21	4.033834190402	1
9	21	4.033834190402	2
9	34	7.347633181219	3
9	34	7.347633181219	4
9	72	18.826045051468	5
9	72	18.826045051468	6
9	89	24.304338819733	7
9	89	24.304338819733	8
9	104	27.660670147451	9
9	104	27.660670147451	10
9	121	33.896724631529	11
9	121	33.896724631529	12
9	140	36.892158582937	13
9	140	36.892158582937	14
9	147	38.538156383495	15
9	147	38.538156383495	16
9	161	40.863526269392	17
9	161	40.863526269392	18
9	175	42.312447444179	19
9	175	42.312447444179	20
9	193	45.694953603319	21
9	193	45.694953603319	22
9	247	63.091692221359	23
9	247	63.091692221359	24
9	332	87.699583739426	25
9	332	87.699583739426	26
9	357	95.317824299429	27
9	357	95.317824299429	28
9	374	100.200608893197	29
9	374	100.200608893197	30
9	395	102.214906022843	31
9	395	102.214906022843	32
9	421	110.979029192288	33
9	421	110.979029192288	34
9	447	114.652325054772	35
9	447	114.652325054772	36
9	452	115.484683551375	37
9	452	115.484683551375	38
9	480	127.164992209273	39
9	480	127.164992209273	40
9	500	135.491531114418	41
9	500	135.491531114418	42
9	508	136.704363651283	43
9	508	136.704363651283	44
9	523	139.051040836227	45
9	523	139.051040836227	46
9	557	151.144527047296	47
9	557	151.144527047296	48
9	569	154.985845447361	49
9	569	154.985845447361	50
9	600	164.27181256292	51
9	600	164.27181256292	52
9	611	165.829554292643	53
9	611	165.829554292643	54
9	647	178.953210180007	55
9	647	178.953210180007	56
9	677	189.441528000837	57
9	677	189.441528000837	58
9	775	215.71817007875	59
9	775	215.71817007875	60
9	815	226.733456756838	61
9	815	226.733456756838	62
9	831	230.081096480127	63
9	831	230.081096480127	64
9	853	234.328474820137	65
9	853	234.328474820137	66
9	868	235.776994948138	67
9	868	235.776994948138	68
9	883	239.103364680209	69
9	883	239.103364680209	70
10	21	4.033834190402	1
10	34	7.347633181219	2
10	72	18.826045051468	3
10	89	24.304338819733	4
10	104	27.660670147451	5
10	121	33.896724631529	6
10	129	34.158427365573	7
10	140	36.892158582937	8
10	147	38.538156383495	9
10	161	40.863526269392	10
10	175	42.312447444179	11
10	193	45.694953603319	12
10	247	63.091692221359	13
10	332	87.699583739426	14
10	357	95.317824299429	15
10	374	100.200608893197	16
10	395	102.214906022843	17
10	421	110.979029192288	18
10	447	114.652325054772	19
10	452	115.484683551375	20
10	480	127.164992209273	21
10	500	135.491531114418	22
10	508	136.704363651283	23
10	523	139.051040836227	24
10	557	151.144527047296	25
10	559	151.223404960009	26
10	569	154.985845447361	27
10	600	164.27181256292	28
10	606	164.554011814644	29
10	611	165.829554292643	30
10	647	178.953210180007	31
10	677	189.441528000837	32
10	775	215.71817007875	33
10	815	226.733456756838	34
10	831	230.081096480127	35
10	853	234.328474820137	36
10	868	235.776994948138	37
10	883	239.103364680209	38
11	29	5.443149844332	1
11	33	7.326705070098	2
11	45	11.318316328684	3
11	71	18.817448508028	4
11	95	24.415812638683	5
11	107	27.742517607185	6
11	150	38.659902108878	7
11	188	45.401589073754	8
11	212	55.313183012728	9
11	235	61.710455287937	10
11	245	63.077677634077	11
11	254	64.217578678304	12
11	279	72.97962213672	13
11	295	79.260816755082	14
11	318	84.836747895196	15
11	383	100.997701247233	16
11	423	111.058300329772	17
11	474	126.734382397852	18
11	495	135.218886762106	19
11	512	136.751711630573	20
11	554	151.113711191743	21
11	572	155.031002759604	22
11	587	161.91928366537	23
11	601	164.302281828672	24
11	609	165.786214709289	25
11	626	170.093772911794	26
11	648	178.954458649255	27
11	761	212.963354463344	28
11	774	215.652520248898	29
11	816	226.749785951287	30
11	829	230.034346569387	31
11	862	235.499385955168	32
11	876	237.250924201014	33

