version 3
run General-3-20231018-20:19:12-22348
attr configname General
attr datetime 20231018-20:19:12
attr datetimef 20231018-201912
attr experiment General
attr inifile omnetpp.ini
attr iterationvars ""
attr iterationvarsd ""
attr iterationvarsf ""
attr measurement ""
attr network Reliability
attr processid 22348
attr repetition 3
attr replication #3
attr resultdir results
attr runnumber 3
attr seedset 3
config network Reliability
config Reliability.node[*].transmissionTime "uniform(1s, 2s)"
config Reliability.node[*].delayTime "uniform(0.01s, 0.2s)"
config Reliability.node[0].lossProbability 0.5
config Reliability.node[1].lossProbability 0.6
config Reliability.node[2].lossProbability 0.7
config Reliability.node[3].lossProbability 0.1
config Reliability.node[4].lossProbability 0.2
config Reliability.node[5].lossProbability 0.1
config record-eventlog true
config sim-time-limit 240s
config repeat 5

vector 0 Reliability.node[0] txVector ETV
vector 1 Reliability.node[1] txVector ETV
vector 2 Reliability.node[1] rxVector ETV
vector 3 Reliability.node[0] rxVector ETV
vector 4 Reliability.node[3] txVector ETV
vector 5 Reliability.node[3] rxVector ETV
vector 6 Reliability.node[4] txVector ETV
vector 7 Reliability.node[4] rxVector ETV
vector 8 Reliability.node[5] rxVector ETV
vector 9 Reliability.node[5] e2eVector ETV
vector 10 Reliability.node[2] txVector ETV
vector 11 Reliability.node[2] rxVector ETV
0	1	0.114651601831	1
0	1	0.114651601831	1
0	1	0.114651601831	1
0	8	1.822799424012	2
0	8	1.822799424012	2
0	8	1.822799424012	2
0	10	3.070687725744	3
0	10	3.070687725744	3
0	10	3.070687725744	3
0	22	4.511497564218	4
0	22	4.511497564218	4
0	22	4.511497564218	4
0	24	5.795022650459	5
0	24	5.795022650459	5
0	24	5.795022650459	5
0	26	7.381642622478	6
0	26	7.381642622478	6
0	26	7.381642622478	6
0	28	8.538510363154	7
0	28	8.538510363154	7
0	28	8.538510363154	7
0	40	10.296175608715	8
0	40	10.296175608715	8
0	40	10.296175608715	8
0	45	11.70989429236	9
0	45	11.70989429236	9
0	45	11.70989429236	9
0	47	13.116414209433	10
0	47	13.116414209433	10
0	47	13.116414209433	10
0	49	14.86457164616	11
0	49	14.86457164616	11
0	49	14.86457164616	11
0	51	16.156364419569	12
0	51	16.156364419569	12
0	51	16.156364419569	12
0	63	17.809995272035	13
0	63	17.809995272035	13
0	63	17.809995272035	13
0	75	19.172335730704	14
0	75	19.172335730704	14
0	75	19.172335730704	14
0	77	20.474599344261	15
0	77	20.474599344261	15
0	77	20.474599344261	15
0	79	22.446201953642	16
0	79	22.446201953642	16
0	79	22.446201953642	16
0	89	23.467427693844	17
0	89	23.467427693844	17
0	89	23.467427693844	17
0	91	25.457728882391	18
0	91	25.457728882391	18
0	91	25.457728882391	18
0	103	26.587022745587	19
0	103	26.587022745587	19
0	103	26.587022745587	19
0	115	28.067262698269	20
0	115	28.067262698269	20
0	115	28.067262698269	20
0	127	29.852199397587	21
0	127	29.852199397587	21
0	127	29.852199397587	21
0	129	31.029412782357	22
0	129	31.029412782357	22
0	129	31.029412782357	22
0	136	32.639058497108	23
0	136	32.639058497108	23
0	136	32.639058497108	23
0	138	34.36976662332	24
0	138	34.36976662332	24
0	138	34.36976662332	24
0	140	36.267503652561	25
0	140	36.267503652561	25
0	140	36.267503652561	25
0	142	37.542284164184	26
0	142	37.542284164184	26
0	142	37.542284164184	26
0	147	39.537727339032	27
0	147	39.537727339032	27
0	147	39.537727339032	27
0	159	40.62059835375	28
0	159	40.62059835375	28
0	159	40.62059835375	28
0	164	41.911470799313	29
0	164	41.911470799313	29
0	164	41.911470799313	29
0	176	43.472457066483	30
0	176	43.472457066483	30
0	176	43.472457066483	30
0	178	45.095860680171	31
0	178	45.095860680171	31
0	178	45.095860680171	31
0	180	46.300800449519	32
0	180	46.300800449519	32
0	180	46.300800449519	32
0	192	48.120342533175	33
0	192	48.120342533175	33
0	192	48.120342533175	33
0	194	49.839898332559	34
0	194	49.839898332559	34
0	194	49.839898332559	34
0	196	51.119192933735	35
0	196	51.119192933735	35
0	196	51.119192933735	35
0	198	52.562780612685	36
0	198	52.562780612685	36
0	198	52.562780612685	36
0	210	53.658347427916	37
0	210	53.658347427916	37
0	210	53.658347427916	37
0	212	54.703844735237	38
0	212	54.703844735237	38
0	212	54.703844735237	38
0	222	55.926221054817	39
0	222	55.926221054817	39
0	222	55.926221054817	39
0	224	57.826991859895	40
0	224	57.826991859895	40
0	224	57.826991859895	40
0	231	59.711233288354	41
0	231	59.711233288354	41
0	231	59.711233288354	41
0	233	61.704156845414	42
0	233	61.704156845414	42
0	233	61.704156845414	42
0	243	63.201939677891	43
0	243	63.201939677891	43
0	243	63.201939677891	43
0	245	64.425262655669	44
0	245	64.425262655669	44
0	245	64.425262655669	44
0	247	65.657361045086	45
0	247	65.657361045086	45
0	247	65.657361045086	45
0	249	66.658106565315	46
0	249	66.658106565315	46
0	249	66.658106565315	46
0	251	68.600020928846	47
0	251	68.600020928846	47
0	251	68.600020928846	47
0	253	69.762541620366	48
0	253	69.762541620366	48
0	253	69.762541620366	48
0	260	71.036893786236	49
0	260	71.036893786236	49
0	260	71.036893786236	49
0	262	72.408874095955	50
0	262	72.408874095955	50
0	262	72.408874095955	50
0	264	74.185636130233	51
0	264	74.185636130233	51
0	264	74.185636130233	51
0	276	75.413349028283	52
0	276	75.413349028283	52
0	276	75.413349028283	52
0	278	76.830615924976	53
0	278	76.830615924976	53
0	278	76.830615924976	53
0	280	77.931193637734	54
0	280	77.931193637734	54
0	280	77.931193637734	54
0	292	79.637249819774	55
0	292	79.637249819774	55
0	292	79.637249819774	55
0	294	81.465681744812	56
0	294	81.465681744812	56
0	294	81.465681744812	56
0	306	83.322299903331	57
0	306	83.322299903331	57
0	306	83.322299903331	57
0	308	85.138569152055	58
0	308	85.138569152055	58
0	308	85.138569152055	58
0	310	87.042581625821	59
0	310	87.042581625821	59
0	310	87.042581625821	59
0	312	88.229532621175	60
0	312	88.229532621175	60
0	312	88.229532621175	60
0	317	89.944419288615	61
0	317	89.944419288615	61
0	317	89.944419288615	61
0	319	91.375937513149	62
0	319	91.375937513149	62
0	319	91.375937513149	62
0	331	92.666422404422	63
0	331	92.666422404422	63
0	331	92.666422404422	63
0	333	94.428538247318	64
0	333	94.428538247318	64
0	333	94.428538247318	64
0	335	96.325601855134	65
0	335	96.325601855134	65
0	335	96.325601855134	65
0	345	97.452039154786	66
0	345	97.452039154786	66
0	345	97.452039154786	66
0	347	99.02901404987	67
0	347	99.02901404987	67
0	347	99.02901404987	67
0	349	100.738970762425	68
0	349	100.738970762425	68
0	349	100.738970762425	68
0	351	102.296338151283	69
0	351	102.296338151283	69
0	351	102.296338151283	69
0	353	103.867436900809	70
0	353	103.867436900809	70
0	353	103.867436900809	70
0	363	105.402412480283	71
0	363	105.402412480283	71
0	363	105.402412480283	71
0	365	106.918656961135	72
0	365	106.918656961135	72
0	365	106.918656961135	72
0	377	108.175699558183	73
0	377	108.175699558183	73
0	377	108.175699558183	73
0	379	109.18555638248	74
0	379	109.18555638248	74
0	379	109.18555638248	74
0	381	111.181342691257	75
0	381	111.181342691257	75
0	381	111.181342691257	75
0	383	112.674194013075	76
0	383	112.674194013075	76
0	383	112.674194013075	76
0	385	114.415007385033	77
0	385	114.415007385033	77
0	385	114.415007385033	77
0	397	115.489732293253	78
0	397	115.489732293253	78
0	397	115.489732293253	78
0	407	116.903351282775	79
0	407	116.903351282775	79
0	407	116.903351282775	79
0	409	118.858795656198	80
0	409	118.858795656198	80
0	409	118.858795656198	80
0	411	120.251267570378	81
0	411	120.251267570378	81
0	411	120.251267570378	81
0	423	122.249005098901	82
0	423	122.249005098901	82
0	423	122.249005098901	82
0	435	123.551864652968	83
0	435	123.551864652968	83
0	435	123.551864652968	83
0	437	124.83983931302	84
0	437	124.83983931302	84
0	437	124.83983931302	84
0	439	126.726323724099	85
0	439	126.726323724099	85
0	439	126.726323724099	85
0	441	128.187217742976	86
0	441	128.187217742976	86
0	441	128.187217742976	86
0	453	130.165622891931	87
0	453	130.165622891931	87
0	453	130.165622891931	87
0	455	131.700263397841	88
0	455	131.700263397841	88
0	455	131.700263397841	88
0	457	132.744378618503	89
0	457	132.744378618503	89
0	457	132.744378618503	89
0	469	134.272383814983	90
0	469	134.272383814983	90
0	469	134.272383814983	90
0	471	135.821620679766	91
0	471	135.821620679766	91
0	471	135.821620679766	91
0	478	136.95486334672	92
0	478	136.95486334672	92
0	478	136.95486334672	92
0	485	138.246145551631	93
0	485	138.246145551631	93
0	485	138.246145551631	93
0	487	140.134865875661	94
0	487	140.134865875661	94
0	487	140.134865875661	94
0	489	141.640832152988	95
0	489	141.640832152988	95
0	489	141.640832152988	95
0	491	143.590069177865	96
0	491	143.590069177865	96
0	491	143.590069177865	96
0	493	145.285575468165	97
0	493	145.285575468165	97
0	493	145.285575468165	97
0	500	146.6120690448	98
0	500	146.6120690448	98
0	500	146.6120690448	98
0	502	148.00357080328	99
0	502	148.00357080328	99
0	502	148.00357080328	99
0	512	149.5049316793	100
0	512	149.5049316793	100
0	512	149.5049316793	100
0	522	151.370920246539	101
0	522	151.370920246539	101
0	522	151.370920246539	101
0	524	153.052545429279	102
0	524	153.052545429279	102
0	524	153.052545429279	102
0	526	154.159310366797	103
0	526	154.159310366797	103
0	526	154.159310366797	103
0	536	155.470859703214	104
0	536	155.470859703214	104
0	536	155.470859703214	104
0	538	157.072740455696	105
0	538	157.072740455696	105
0	538	157.072740455696	105
0	550	158.701054874414	106
0	550	158.701054874414	106
0	550	158.701054874414	106
0	562	160.042633231103	107
0	562	160.042633231103	107
0	562	160.042633231103	107
0	564	161.464009588657	108
0	564	161.464009588657	108
0	564	161.464009588657	108
0	566	162.732986372968	109
0	566	162.732986372968	109
0	566	162.732986372968	109
0	578	164.281653543308	110
0	578	164.281653543308	110
0	578	164.281653543308	110
0	590	165.897888906372	111
0	590	165.897888906372	111
0	590	165.897888906372	111
0	602	166.964458894522	112
0	602	166.964458894522	112
0	602	166.964458894522	112
0	604	167.98591864675	113
0	604	167.98591864675	113
0	604	167.98591864675	113
0	616	169.212639306511	114
0	616	169.212639306511	114
0	616	169.212639306511	114
0	618	170.567413576019	115
0	618	170.567413576019	115
0	618	170.567413576019	115
0	620	172.290562735011	116
0	620	172.290562735011	116
0	620	172.290562735011	116
0	630	173.949341989427	117
0	630	173.949341989427	117
0	630	173.949341989427	117
0	640	175.893358463959	118
0	640	175.893358463959	118
0	640	175.893358463959	118
0	642	177.119937338938	119
0	642	177.119937338938	119
0	642	177.119937338938	119
0	644	178.682613398951	120
0	644	178.682613398951	120
0	644	178.682613398951	120
0	654	180.025411039429	121
0	654	180.025411039429	121
0	654	180.025411039429	121
0	666	181.848400058063	122
0	666	181.848400058063	122
0	666	181.848400058063	122
0	668	183.306127997186	123
0	668	183.306127997186	123
0	668	183.306127997186	123
0	670	184.712230481511	124
0	670	184.712230481511	124
0	670	184.712230481511	124
0	672	186.317813857296	125
0	672	186.317813857296	125
0	672	186.317813857296	125
0	682	187.821584421047	126
0	682	187.821584421047	126
0	682	187.821584421047	126
0	684	188.866061924328	127
0	684	188.866061924328	127
0	684	188.866061924328	127
0	686	190.722223073547	128
0	686	190.722223073547	128
0	686	190.722223073547	128
0	698	191.989990256098	129
0	698	191.989990256098	129
0	698	191.989990256098	129
0	708	193.249295353028	130
0	708	193.249295353028	130
0	708	193.249295353028	130
0	710	194.573688353482	131
0	710	194.573688353482	131
0	710	194.573688353482	131
0	712	195.803574750503	132
0	712	195.803574750503	132
0	712	195.803574750503	132
0	714	197.521434898326	133
0	714	197.521434898326	133
0	714	197.521434898326	133
0	716	199.414577268135	134
0	716	199.414577268135	134
0	716	199.414577268135	134
0	718	200.51367542667	135
0	718	200.51367542667	135
0	718	200.51367542667	135
0	720	202.135867401098	136
0	720	202.135867401098	136
0	720	202.135867401098	136
0	730	203.700832208458	137
0	730	203.700832208458	137
0	730	203.700832208458	137
0	742	205.450441232256	138
0	742	205.450441232256	138
0	742	205.450441232256	138
0	744	207.092721244625	139
0	744	207.092721244625	139
0	744	207.092721244625	139
0	746	209.056639367554	140
0	746	209.056639367554	140
0	746	209.056639367554	140
0	758	210.573024626894	141
0	758	210.573024626894	141
0	758	210.573024626894	141
0	760	212.081685900295	142
0	760	212.081685900295	142
0	760	212.081685900295	142
0	772	213.399648780309	143
0	772	213.399648780309	143
0	772	213.399648780309	143
0	774	214.937527523682	144
0	774	214.937527523682	144
0	774	214.937527523682	144
0	776	216.575985953983	145
0	776	216.575985953983	145
0	776	216.575985953983	145
0	778	217.896010319542	146
0	778	217.896010319542	146
0	778	217.896010319542	146
0	783	219.808714799888	147
0	783	219.808714799888	147
0	783	219.808714799888	147
0	793	221.187730889141	148
0	793	221.187730889141	148
0	793	221.187730889141	148
0	795	222.524987540513	149
0	795	222.524987540513	149
0	795	222.524987540513	149
0	805	224.215255747854	150
0	805	224.215255747854	150
0	805	224.215255747854	150
0	807	226.040151679495	151
0	807	226.040151679495	151
0	807	226.040151679495	151
0	809	227.164504547443	152
0	809	227.164504547443	152
0	809	227.164504547443	152
0	811	228.178340633007	153
0	811	228.178340633007	153
0	811	228.178340633007	153
0	813	229.54167046801	154
0	813	229.54167046801	154
0	813	229.54167046801	154
0	823	230.860019058527	155
0	823	230.860019058527	155
0	823	230.860019058527	155
0	825	232.544805021563	156
0	825	232.544805021563	156
0	825	232.544805021563	156
0	827	233.773719367178	157
0	827	233.773719367178	157
0	827	233.773719367178	157
0	837	234.851858656227	158
0	837	234.851858656227	158
0	837	234.851858656227	158
0	839	236.47266085197	159
0	839	236.47266085197	159
0	839	236.47266085197	159
0	841	238.016692067103	160
0	841	238.016692067103	160
0	841	238.016692067103	160
0	848	239.311859217545	161
0	848	239.311859217545	161
0	848	239.311859217545	161
1	2	0.148089329092	1
1	2	0.148089329092	2
1	2	0.148089329092	3
1	11	3.108462509904	4
1	11	3.108462509904	5
1	11	3.108462509904	6
1	29	8.661993675552	7
1	29	8.661993675552	8
1	29	8.661993675552	9
1	41	10.333696840877	10
1	41	10.333696840877	11
1	41	10.333696840877	12
1	52	16.263324835223	13
1	52	16.263324835223	14
1	52	16.263324835223	15
1	64	17.898808753114	16
1	64	17.898808753114	17
1	64	17.898808753114	18
1	80	22.510012952926	19
1	80	22.510012952926	20
1	80	22.510012952926	21
1	92	25.609332499507	22
1	92	25.609332499507	23
1	92	25.609332499507	24
1	104	26.774433786211	25
1	104	26.774433786211	26
1	104	26.774433786211	27
1	116	28.125809451422	28
1	116	28.125809451422	29
1	116	28.125809451422	30
1	130	31.063401278646	31
1	130	31.063401278646	32
1	130	31.063401278646	33
1	143	37.686206557909	34
1	143	37.686206557909	35
1	143	37.686206557909	36
1	148	39.582362431995	37
1	148	39.582362431995	38
1	148	39.582362431995	39
1	160	40.782795820485	40
1	160	40.782795820485	41
1	160	40.782795820485	42
1	165	42.09134052671	43
1	165	42.09134052671	44
1	165	42.09134052671	45
1	181	46.366508809311	46
1	181	46.366508809311	47
1	181	46.366508809311	48
1	199	52.704964858665	49
1	199	52.704964858665	50
1	199	52.704964858665	51
1	213	54.734416628961	52
1	213	54.734416628961	53
1	213	54.734416628961	54
1	225	57.915597777156	55
1	225	57.915597777156	56
1	225	57.915597777156	57
1	234	61.806528360769	58
1	234	61.806528360769	59
1	234	61.806528360769	60
1	254	69.911646963845	61
1	254	69.911646963845	62
1	254	69.911646963845	63
1	265	74.356367439089	64
1	265	74.356367439089	65
1	265	74.356367439089	66
1	281	78.04655907298	67
1	281	78.04655907298	68
1	281	78.04655907298	69
1	295	81.493674953632	70
1	295	81.493674953632	71
1	295	81.493674953632	72
1	313	88.377655392455	73
1	313	88.377655392455	74
1	313	88.377655392455	75
1	320	91.569669796532	76
1	320	91.569669796532	77
1	320	91.569669796532	78
1	336	96.449784178342	79
1	336	96.449784178342	80
1	336	96.449784178342	81
1	354	103.921446986144	82
1	354	103.921446986144	83
1	354	103.921446986144	84
1	366	107.046996527456	85
1	366	107.046996527456	86
1	366	107.046996527456	87
1	386	114.442486060202	88
1	386	114.442486060202	89
1	386	114.442486060202	90
1	398	115.696533032967	91
1	398	115.696533032967	92
1	398	115.696533032967	93
1	412	120.461065873867	94
1	412	120.461065873867	95
1	412	120.461065873867	96
1	424	122.273229157714	97
1	424	122.273229157714	98
1	424	122.273229157714	99
1	442	128.278914142992	100
1	442	128.278914142992	101
1	442	128.278914142992	102
1	458	132.861739100968	103
1	458	132.861739100968	104
1	458	132.861739100968	105
1	472	135.899591843128	106
1	472	135.899591843128	107
1	472	135.899591843128	108
1	479	137.107659930897	109
1	479	137.107659930897	110
1	479	137.107659930897	111
1	494	145.420565486801	112
1	494	145.420565486801	113
1	494	145.420565486801	114
1	503	148.209275706266	115
1	503	148.209275706266	116
1	503	148.209275706266	117
1	513	149.70198533294	118
1	513	149.70198533294	119
1	513	149.70198533294	120
1	527	154.212332071596	121
1	527	154.212332071596	122
1	527	154.212332071596	123
1	539	157.178575802755	124
1	539	157.178575802755	125
1	539	157.178575802755	126
1	551	158.888697858408	127
1	551	158.888697858408	128
1	551	158.888697858408	129
1	567	162.801334752741	130
1	567	162.801334752741	131
1	567	162.801334752741	132
1	579	164.461054303295	133
1	579	164.461054303295	134
1	579	164.461054303295	135
1	591	166.052711689069	136
1	591	166.052711689069	137
1	591	166.052711689069	138
1	605	168.099334787346	139
1	605	168.099334787346	140
1	605	168.099334787346	141
1	621	172.445337338517	142
1	621	172.445337338517	143
1	621	172.445337338517	144
1	631	174.040804054001	145
1	631	174.040804054001	146
1	631	174.040804054001	147
1	645	178.831045998269	148
1	645	178.831045998269	149
1	645	178.831045998269	150
1	655	180.06026567618	151
1	655	180.06026567618	152
1	655	180.06026567618	153
1	673	186.465564762655	154
1	673	186.465564762655	155
1	673	186.465564762655	156
1	687	190.864962281725	157
1	687	190.864962281725	158
1	687	190.864962281725	159
1	699	192.168657041513	160
1	699	192.168657041513	161
1	699	192.168657041513	162
1	721	202.336300057543	163
1	721	202.336300057543	164
1	721	202.336300057543	165
1	731	203.854783596345	166
1	731	203.854783596345	167
1	731	203.854783596345	168
1	747	209.219560340953	169
1	747	209.219560340953	170
1	747	209.219560340953	171
1	761	212.13131344128	172
1	761	212.13131344128	173
1	761	212.13131344128	174
1	779	217.954454730174	175
1	779	217.954454730174	176
1	779	217.954454730174	177
1	784	219.965019906852	178
1	784	219.965019906852	179
1	784	219.965019906852	180
1	796	222.721661556929	181
1	796	222.721661556929	182
1	796	222.721661556929	183
1	814	229.654826625756	184
1	814	229.654826625756	185
1	814	229.654826625756	186
1	828	233.9773831059	187
1	828	233.9773831059	188
1	828	233.9773831059	189
1	842	238.221341898779	190
1	842	238.221341898779	191
1	842	238.221341898779	192
2	2	0.148089329092	1
2	11	3.108462509904	2
2	15	3.288173406161	3
2	29	8.661993675552	4
2	41	10.333696840877	5
2	52	16.263324835223	6
2	64	17.898808753114	7
2	80	22.510012952926	8
2	92	25.609332499507	9
2	104	26.774433786211	10
2	116	28.125809451422	11
2	122	28.416676470983	12
2	130	31.063401278646	13
2	143	37.686206557909	14
2	148	39.582362431995	15
2	160	40.782795820485	16
2	165	42.09134052671	17
2	169	42.226488787118	18
2	173	42.304703004781	19
2	181	46.366508809311	20
2	190	46.757739471429	21
2	199	52.704964858665	22
2	209	53.22769948004	23
2	213	54.734416628961	24
2	225	57.915597777156	25
2	234	61.806528360769	26
2	254	69.911646963845	27
2	265	74.356367439089	28
2	281	78.04655907298	29
2	285	78.231081799141	30
2	286	78.234101650418	31
2	295	81.493674953632	32
2	303	81.749584320915	33
2	313	88.377655392455	34
2	320	91.569669796532	35
2	325	91.907057144081	36
2	336	96.449784178342	37
2	340	96.613765550065	38
2	354	103.921446986144	39
2	366	107.046996527456	40
2	375	107.396029487476	41
2	386	114.442486060202	42
2	398	115.696533032967	43
2	412	120.461065873867	44
2	414	120.558724352888	45
2	424	122.273229157714	46
2	442	128.278914142992	47
2	447	128.510892296141	48
2	458	132.861739100968	49
2	472	135.899591843128	50
2	479	137.107659930897	51
2	482	137.213398963531	52
2	494	145.420565486801	53
2	503	148.209275706266	54
2	509	148.568500399762	55
2	513	149.70198533294	56
2	527	154.212332071596	57
2	531	154.421766586177	58
2	539	157.178575802755	59
2	548	157.56116871743	60
2	551	158.888697858408	61
2	567	162.801334752741	62
2	577	163.145354954989	63
2	579	164.461054303295	64
2	591	166.052711689069	65
2	595	166.170384543762	66
2	605	168.099334787346	67
2	621	172.445337338517	68
2	631	174.040804054001	69
2	645	178.831045998269	70
2	649	179.069893207277	71
2	655	180.06026567618	72
2	659	180.295637125816	73
2	673	186.465564762655	74
2	687	190.864962281725	75
2	699	192.168657041513	76
2	703	192.362322816985	77
2	721	202.336300057543	78
2	731	203.854783596345	79
2	747	209.219560340953	80
2	757	209.86003821292	81
2	761	212.13131344128	82
2	770	212.421263488245	83
2	779	217.954454730174	84
2	784	219.965019906852	85
2	796	222.721661556929	86
2	814	229.654826625756	87
2	828	233.9773831059	88
2	842	238.221341898779	89
3	4	0.223361230375	1
3	35	8.837332113743	2
3	54	16.409235225764	3
3	82	22.621677655409	4
3	119	28.330508139968	5
3	152	39.784706798193	6
3	162	40.943601476678	7
3	172	42.286114005679	8
3	183	46.443983484692	9
3	282	78.078251809613	10
3	298	81.664976896598	11
3	314	88.476394975964	12
3	323	91.760804862416	13
3	337	96.483638425359	14
3	368	107.182391836962	15
3	388	114.537775873573	16
3	416	120.649932720617	17
3	425	122.300285178978	18
3	443	128.381882532961	19
3	460	133.009677433309	20
3	473	135.936614410852	21
3	506	148.410563832303	22
3	528	154.243800634348	23
3	571	162.944704017262	24
3	593	166.102922165861	25
3	646	178.881746230665	26
3	688	190.934968366479	27
3	702	192.344986269653	28
3	797	222.80030271777	29
3	817	229.859960992486	30
3	831	234.143873476205	31
4	5	0.265146573274	1
4	5	0.265146573274	2
4	14	3.215260822207	3
4	14	3.215260822207	4
4	30	8.730934880985	5
4	30	8.730934880985	6
4	55	16.448828524846	7
4	55	16.448828524846	8
4	65	18.005701866407	9
4	65	18.005701866407	10
4	81	22.534957943585	11
4	81	22.534957943585	12
4	94	25.665017316254	13
4	94	25.665017316254	14
4	106	26.935936727629	15
4	106	26.935936727629	16
4	118	28.307494021632	17
4	118	28.307494021632	18
4	131	31.090795717216	19
4	131	31.090795717216	20
4	150	39.705106990721	21
4	150	39.705106990721	22
4	166	42.129367980147	23
4	166	42.129367980147	24
4	182	46.406633937025	25
4	182	46.406633937025	26
4	200	52.826564484112	27
4	200	52.826564484112	28
4	216	54.903140559747	29
4	216	54.903140559747	30
4	226	57.948622262419	31
4	226	57.948622262419	32
4	236	61.944425770352	33
4	236	61.944425770352	34
4	255	70.011945603185	35
4	255	70.011945603185	36
4	266	74.426589288999	37
4	266	74.426589288999	38
4	284	78.122550836616	39
4	284	78.122550836616	40
4	296	81.53376583844	41
4	296	81.53376583844	42
4	322	91.71673943664	43
4	322	91.71673943664	44
4	338	96.585499392289	45
4	338	96.585499392289	46
4	355	103.958451035252	47
4	355	103.958451035252	48
4	369	107.24864092713	49
4	369	107.24864092713	50
4	387	114.53587779597	51
4	387	114.53587779597	52
4	400	115.885903530996	53
4	400	115.885903530996	54
4	413	120.496796358717	55
4	413	120.496796358717	56
4	427	122.482915102664	57
4	427	122.482915102664	58
4	444	128.434931718091	59
4	444	128.434931718091	60
4	461	133.023358611172	61
4	461	133.023358611172	62
4	474	135.953146496588	63
4	474	135.953146496588	64
4	496	145.622882893762	65
4	496	145.622882893762	66
4	505	148.365006711716	67
4	505	148.365006711716	68
4	514	149.753067059486	69
4	514	149.753067059486	70
4	530	154.395548165123	71
4	530	154.395548165123	72
4	541	157.358604515931	73
4	541	157.358604515931	74
4	556	159.067259923343	75
4	556	159.067259923343	76
4	568	162.836461171101	77
4	568	162.836461171101	78
4	582	164.648027936523	79
4	582	164.648027936523	80
4	592	166.095162481959	81
4	592	166.095162481959	82
4	607	168.242810402379	83
4	607	168.242810402379	84
4	624	172.595236265927	85
4	624	172.595236265927	86
4	633	174.085886424349	87
4	633	174.085886424349	88
4	648	179.004884608834	89
4	648	179.004884608834	90
4	657	180.199262683723	91
4	657	180.199262683723	92
4	675	186.549818468467	93
4	675	186.549818468467	94
4	690	191.069778223371	95
4	690	191.069778223371	96
4	701	192.329348034553	97
4	701	192.329348034553	98
4	723	202.384044094058	99
4	723	202.384044094058	100
4	732	203.893834328607	101
4	732	203.893834328607	102
4	749	209.382418127966	103
4	749	209.382418127966	104
4	762	212.159206979101	105
4	762	212.159206979101	106
4	785	220.05349346247	107
4	785	220.05349346247	108
4	798	222.816195745783	109
4	798	222.816195745783	110
4	816	229.784655664114	111
4	816	229.784655664114	112
4	830	234.130584797138	113
4	830	234.130584797138	114
4	843	238.279952535506	115
4	843	238.279952535506	116
5	5	0.265146573274	1
5	14	3.215260822207	2
5	19	3.496030062083	3
5	30	8.730934880985	4
5	37	8.91187240088	5
5	55	16.448828524846	6
5	59	16.613468676176	7
5	65	18.005701866407	8
5	71	18.269611484109	9
5	81	22.534957943585	10
5	86	22.677948969135	11
5	94	25.665017316254	12
5	99	25.934484644643	13
5	106	26.935936727629	14
5	113	27.174876640577	15
5	118	28.307494021632	16
5	126	28.540862192983	17
5	131	31.090795717216	18
5	150	39.705106990721	19
5	157	39.938262638928	20
5	166	42.129367980147	21
5	174	42.319285653394	22
5	182	46.406633937025	23
5	200	52.826564484112	24
5	206	53.086763902201	25
5	216	54.903140559747	26
5	221	55.286461722849	27
5	226	57.948622262419	28
5	236	61.944425770352	29
5	241	62.219302015822	30
5	255	70.011945603185	31
5	266	74.426589288999	32
5	284	78.122550836616	33
5	289	78.3524155574	34
5	296	81.53376583844	35
5	322	91.71673943664	36
5	328	92.101695862655	37
5	338	96.585499392289	38
5	343	96.867125156475	39
5	355	103.958451035252	40
5	362	104.301454618358	41
5	369	107.24864092713	42
5	376	107.404068883353	43
5	387	114.53587779597	44
5	393	114.686900622796	45
5	400	115.885903530996	46
5	413	120.496796358717	47
5	418	120.750276003601	48
5	427	122.482915102664	49
5	430	122.71100308161	50
5	444	128.434931718091	51
5	452	128.755629654769	52
5	461	133.023358611172	53
5	465	133.271702073687	54
5	474	135.953146496588	55
5	496	145.622882893762	56
5	505	148.365006711716	57
5	510	148.584667548132	58
5	514	149.753067059486	59
5	530	154.395548165123	60
5	541	157.358604515931	61
5	547	157.559958264779	62
5	556	159.067259923343	63
5	561	159.376452444422	64
5	568	162.836461171101	65
5	574	163.062134311551	66
5	582	164.648027936523	67
5	585	164.801263835658	68
5	592	166.095162481959	69
5	600	166.453082937796	70
5	607	168.242810402379	71
5	611	168.494196836361	72
5	624	172.595236265927	73
5	628	172.79184808386	74
5	633	174.085886424349	75
5	637	174.277968103259	76
5	648	179.004884608834	77
5	651	179.232614879598	78
5	657	180.199262683723	79
5	664	180.490046412932	80
5	675	186.549818468467	81
5	681	186.908256948938	82
5	690	191.069778223371	83
5	697	191.38183258893	84
5	701	192.329348034553	85
5	707	192.630701443781	86
5	723	202.384044094058	87
5	727	202.648312923673	88
5	732	203.893834328607	89
5	737	204.132013105846	90
5	749	209.382418127966	91
5	753	209.620538434483	92
5	762	212.159206979101	93
5	765	212.280741447174	94
5	785	220.05349346247	95
5	798	222.816195745783	96
5	801	222.92682463968	97
5	816	229.784655664114	98
5	821	230.05036895365	99
5	830	234.130584797138	100
5	836	234.322159454555	101
5	843	238.279952535506	102
6	16	3.302502786058	1
6	16	3.302502786058	2
6	16	3.302502786058	3
6	32	8.764119501944	4
6	32	8.764119501944	5
6	32	8.764119501944	6
6	57	16.55520672046	7
6	57	16.55520672046	8
6	57	16.55520672046	9
6	68	18.156646145546	10
6	68	18.156646145546	11
6	68	18.156646145546	12
6	83	22.645224778837	13
6	83	22.645224778837	14
6	83	22.645224778837	15
6	97	25.814523554734	16
6	97	25.814523554734	17
6	97	25.814523554734	18
6	109	27.051253943383	19
6	109	27.051253943383	20
6	109	27.051253943383	21
6	120	28.344554286484	22
6	120	28.344554286484	23
6	120	28.344554286484	24
6	154	39.853531827008	25
6	154	39.853531827008	26
6	154	39.853531827008	27
6	167	42.175866734262	28
6	167	42.175866734262	29
6	167	42.175866734262	30
6	185	46.51830837435	31
6	185	46.51830837435	32
6	185	46.51830837435	33
6	203	52.924068713781	34
6	203	52.924068713781	35
6	203	52.924068713781	36
6	218	55.108951518178	37
6	218	55.108951518178	38
6	218	55.108951518178	39
6	239	62.081985721218	40
6	239	62.081985721218	41
6	239	62.081985721218	42
6	271	74.571064732078	43
6	271	74.571064732078	44
6	271	74.571064732078	45
6	287	78.24393387426	46
6	287	78.24393387426	47
6	287	78.24393387426	48
6	299	81.681364185687	49
6	299	81.681364185687	50
6	299	81.681364185687	51
6	324	91.90692994685	52
6	324	91.90692994685	53
6	324	91.90692994685	54
6	341	96.733713280167	55
6	341	96.733713280167	56
6	341	96.733713280167	57
6	359	104.162129776169	58
6	359	104.162129776169	59
6	359	104.162129776169	60
6	370	107.25453320239	61
6	370	107.25453320239	62
6	370	107.25453320239	63
6	391	114.657252426304	64
6	391	114.657252426304	65
6	391	114.657252426304	66
6	403	115.968268438044	67
6	403	115.968268438044	68
6	403	115.968268438044	69
6	417	120.691685548434	70
6	417	120.691685548434	71
6	417	120.691685548434	72
6	429	122.635517004679	73
6	429	122.635517004679	74
6	429	122.635517004679	75
6	449	128.628503522359	76
6	449	128.628503522359	77
6	449	128.628503522359	78
6	463	133.146985288575	79
6	463	133.146985288575	80
6	463	133.146985288575	81
6	507	148.510640880277	82
6	507	148.510640880277	83
6	507	148.510640880277	84
6	518	149.914541963902	85
6	518	149.914541963902	86
6	518	149.914541963902	87
6	532	154.43198661182	88
6	532	154.43198661182	89
6	532	154.43198661182	90
6	543	157.426968543329	91
6	543	157.426968543329	92
6	543	157.426968543329	93
6	558	159.177501723969	94
6	558	159.177501723969	95
6	558	159.177501723969	96
6	570	162.939194370732	97
6	570	162.939194370732	98
6	570	162.939194370732	99
6	583	164.751349179705	100
6	583	164.751349179705	101
6	583	164.751349179705	102
6	596	166.293659480063	103
6	596	166.293659480063	104
6	596	166.293659480063	105
6	609	168.308511024047	106
6	609	168.308511024047	107
6	609	168.308511024047	108
6	625	172.657059682372	109
6	625	172.657059682372	110
6	625	172.657059682372	111
6	634	174.131993021185	112
6	634	174.131993021185	113
6	634	174.131993021185	114
6	650	179.185427301227	115
6	650	179.185427301227	116
6	650	179.185427301227	117
6	661	180.366876855696	118
6	661	180.366876855696	119
6	661	180.366876855696	120
6	678	186.710254603034	121
6	678	186.710254603034	122
6	678	186.710254603034	123
6	691	191.182880438092	124
6	691	191.182880438092	125
6	691	191.182880438092	126
6	704	192.436680176912	127
6	704	192.436680176912	128
6	704	192.436680176912	129
6	726	202.531226073108	130
6	726	202.531226073108	131
6	726	202.531226073108	132
6	736	204.099794990262	133
6	736	204.099794990262	134
6	736	204.099794990262	135
6	752	209.578631692178	136
6	752	209.578631692178	137
6	752	209.578631692178	138
6	763	212.193955807563	139
6	763	212.193955807563	140
6	763	212.193955807563	141
6	788	220.13596835253	142
6	788	220.13596835253	143
6	788	220.13596835253	144
6	799	222.845575045902	145
6	799	222.845575045902	146
6	799	222.845575045902	147
6	819	229.973557985616	148
6	819	229.973557985616	149
6	819	229.973557985616	150
6	832	234.192540670471	151
6	832	234.192540670471	152
6	832	234.192540670471	153
7	16	3.302502786058	1
7	21	3.639759891664	2
7	32	8.764119501944	3
7	34	8.824649419833	4
7	57	16.55520672046	5
7	62	16.871317045575	6
7	68	18.156646145546	7
7	83	22.645224778837	8
7	97	25.814523554734	9
7	102	26.148334550661	10
7	109	27.051253943383	11
7	110	27.076333185498	12
7	120	28.344554286484	13
7	125	28.509471139818	14
7	154	39.853531827008	15
7	167	42.175866734262	16
7	175	42.369858706917	17
7	185	46.51830837435	18
7	191	46.785693565492	19
7	203	52.924068713781	20
7	208	53.184307961305	21
7	218	55.108951518178	22
7	239	62.081985721218	23
7	271	74.571064732078	24
7	272	74.593244224048	25
7	287	78.24393387426	26
7	288	78.28446155215	27
7	299	81.681364185687	28
7	324	91.90692994685	29
7	327	92.037165306405	30
7	341	96.733713280167	31
7	359	104.162129776169	32
7	370	107.25453320239	33
7	373	107.373664805719	34
7	391	114.657252426304	35
7	392	114.660535989768	36
7	403	115.968268438044	37
7	417	120.691685548434	38
7	421	120.834661254471	39
7	429	122.635517004679	40
7	434	122.859255012644	41
7	449	128.628503522359	42
7	463	133.146985288575	43
7	468	133.541824412638	44
7	507	148.510640880277	45
7	518	149.914541963902	46
7	532	154.43198661182	47
7	543	157.426968543329	48
7	545	157.486113039237	49
7	558	159.177501723969	50
7	570	162.939194370732	51
7	583	164.751349179705	52
7	588	164.884674946633	53
7	596	166.293659480063	54
7	597	166.301272863736	55
7	609	168.308511024047	56
7	614	168.599414704597	57
7	625	172.657059682372	58
7	634	174.131993021185	59
7	650	179.185427301227	60
7	661	180.366876855696	61
7	678	186.710254603034	62
7	691	191.182880438092	63
7	704	192.436680176912	64
7	726	202.531226073108	65
7	736	204.099794990262	66
7	752	209.578631692178	67
7	763	212.193955807563	68
7	788	220.13596835253	69
7	799	222.845575045902	70
7	819	229.973557985616	71
7	832	234.192540670471	72
8	17	3.327059343864	1
8	36	8.8459276756	2
8	58	16.587322982793	3
8	70	18.241217391685	4
8	88	22.84111400788	5
8	98	25.8846620221	6
8	112	27.108566253155	7
8	123	28.421251588707	8
8	156	39.938132952788	9
8	171	42.27558745892	10
8	189	46.70402248206	11
8	207	53.106372536087	12
8	219	55.178812714288	13
8	242	62.253742192856	14
8	273	74.595819535757	15
8	291	78.452892679338	16
8	305	81.797914097649	17
8	329	92.112169229592	18
8	342	96.769688608755	19
8	361	104.2219739997	20
8	371	107.325907682386	21
8	395	114.755071340041	22
8	404	115.989419276099	23
8	419	120.754854391667	24
8	432	122.796115688027	25
8	451	128.741718795018	26
8	464	133.235914993738	27
8	508	148.533436689323	28
8	519	149.958388354357	29
8	535	154.63930794727	30
8	546	157.545221294751	31
8	560	159.369024082476	32
8	576	163.135136183505	33
8	589	164.934970716855	34
8	601	166.464563977428	35
8	613	168.513627276716	36
8	626	172.701270194696	37
8	639	174.314219277513	38
8	653	179.390570684908	39
8	665	180.511023472981	40
8	680	186.862853118688	41
8	695	191.289971793674	42
8	705	192.556730085839	43
8	729	202.712985248193	44
8	738	204.173203434462	45
8	754	209.66942463965	46
8	764	212.279678194344	47
8	790	220.212006671475	48
8	802	222.945985338321	49
8	820	230.030618198859	50
8	833	234.229439204366	51
9	17	3.327059343864	1.504259919852
9	36	8.8459276756	1.464285053122
9	58	16.587322982793	1.722751336633
9	70	18.241217391685	2.084852972116
9	88	22.84111400788	2.366514663619
9	98	25.8846620221	2.417234328256
9	112	27.108566253155	1.650837370764
9	123	28.421251588707	1.83422884312
9	156	39.938132952788	2.395848788604
9	171	42.27558745892	1.65498910517
9	189	46.70402248206	1.608161801889
9	207	53.106372536087	1.987179602352
9	219	55.178812714288	1.520465286372
9	242	62.253742192856	2.542508904502
9	273	74.595819535757	2.186945439802
9	291	78.452892679338	1.622276754362
9	305	81.797914097649	2.160664277875
9	329	92.112169229592	2.167749940977
9	342	96.769688608755	2.341150361437
9	361	104.2219739997	1.925635848417
9	371	107.325907682386	1.923495202103
9	395	114.755071340041	2.080877326966
9	404	115.989419276099	1.574411891066
9	419	120.754854391667	1.896058735469
9	432	122.796115688027	2.544848117649
9	451	128.741718795018	2.015395070919
9	464	133.235914993738	1.535651595897
9	508	148.533436689323	1.921367644523
9	519	149.958388354357	1.954817551077
9	535	154.63930794727	1.586762517991
9	546	157.545221294751	2.074361591537
9	560	159.369024082476	2.29628362678
9	576	163.135136183505	1.671126594848
9	589	164.934970716855	2.201984343887
9	601	166.464563977428	2.18291043412
9	613	168.513627276716	1.549168382194
9	626	172.701270194696	2.133856618677
9	639	174.314219277513	2.023656542502
9	653	179.390570684908	2.27063334597
9	665	180.511023472981	1.82841007403
9	680	186.862853118688	2.150622637177
9	695	191.289971793674	2.423909869346
9	705	192.556730085839	1.834507012292
9	729	202.712985248193	2.199309821523
9	738	204.173203434462	2.037336033364
9	754	209.66942463965	2.576703395025
9	764	212.279678194344	1.70665356745
9	790	220.212006671475	2.315996351933
9	802	222.945985338321	1.75825444918
9	820	230.030618198859	1.852277565852
9	833	234.229439204366	1.684634182803
10	18	3.434766720163	1
10	18	3.434766720163	2
10	31	8.74020274656	3
10	31	8.74020274656	4
10	60	16.719716633622	5
10	60	16.719716633622	6
10	72	18.303591758505	7
10	72	18.303591758505	8
10	100	25.968887869249	9
10	100	25.968887869249	10
10	105	26.860919578367	11
10	105	26.860919578367	12
10	121	28.397303237371	13
10	121	28.397303237371	14
10	149	39.643858033348	15
10	149	39.643858033348	16
10	170	42.255492365546	17
10	170	42.255492365546	18
10	188	46.696709072361	19
10	188	46.696709072361	20
10	205	53.027479226898	21
10	205	53.027479226898	22
10	267	74.520889256384	23
10	267	74.520889256384	24
10	283	78.079929327255	25
10	283	78.079929327255	26
10	297	81.642114305544	27
10	297	81.642114305544	28
10	326	92.006392280246	29
10	326	92.006392280246	30
10	367	107.159471652333	31
10	367	107.159471652333	32
10	389	114.571436103471	33
10	389	114.571436103471	34
10	420	120.803106659418	35
10	420	120.803106659418	36
10	431	122.75497906625	37
10	431	122.75497906625	38
10	446	128.467788808114	39
10	446	128.467788808114	40
10	466	133.332951637959	41
10	466	133.332951637959	42
10	481	137.174911017987	43
10	481	137.174911017987	44
10	542	157.359830110685	45
10	542	157.359830110685	46
10	552	158.928168444144	47
10	552	158.928168444144	48
10	573	163.060335463807	49
10	573	163.060335463807	50
10	586	164.83132773631	51
10	586	164.83132773631	52
10	594	166.155938307903	53
10	594	166.155938307903	54
10	612	168.502137393457	55
10	612	168.502137393457	56
10	656	180.194267997533	57
10	656	180.194267997533	58
10	689	191.06746511665	59
10	689	191.06746511665	60
10	739	204.264408617981	61
10	739	204.264408617981	62
10	755	209.676178685355	63
10	755	209.676178685355	64
10	766	212.30480649513	65
10	766	212.30480649513	66
11	18	3.434766720163	1
11	31	8.74020274656	2
11	33	8.811235794559	3
11	60	16.719716633622	4
11	72	18.303591758505	5
11	100	25.968887869249	6
11	105	26.860919578367	7
11	114	27.176294412394	8
11	121	28.397303237371	9
11	149	39.643858033348	10
11	158	40.007943813262	11
11	170	42.255492365546	12
11	188	46.696709072361	13
11	205	53.027479226898	14
11	267	74.520889256384	15
11	283	78.079929327255	16
11	297	81.642114305544	17
11	301	81.722918562014	18
11	326	92.006392280246	19
11	367	107.159471652333	20
11	374	107.393059968252	21
11	389	114.571436103471	22
11	420	120.803106659418	23
11	431	122.75497906625	24
11	446	128.467788808114	25
11	450	128.717593956891	26
11	466	133.332951637959	27
11	481	137.174911017987	28
11	542	157.359830110685	29
11	552	158.928168444144	30
11	573	163.060335463807	31
11	586	164.83132773631	32
11	594	166.155938307903	33
11	599	166.438995629077	34
11	612	168.502137393457	35
11	656	180.194267997533	36
11	689	191.06746511665	37
11	739	204.264408617981	38
11	755	209.676178685355	39
11	766	212.30480649513	40
11	769	212.365024699222	41

