version 3
run General-2-20231018-20:19:12-22348
attr configname General
attr datetime 20231018-20:19:12
attr datetimef 20231018-201912
attr experiment General
attr inifile omnetpp.ini
attr iterationvars ""
attr iterationvarsd ""
attr iterationvarsf ""
attr measurement ""
attr network Reliability
attr processid 22348
attr repetition 2
attr replication #2
attr resultdir results
attr runnumber 2
attr seedset 2
config network Reliability
config Reliability.node[*].transmissionTime "uniform(1s, 2s)"
config Reliability.node[*].delayTime "uniform(0.01s, 0.2s)"
config Reliability.node[0].lossProbability 0.5
config Reliability.node[1].lossProbability 0.6
config Reliability.node[2].lossProbability 0.7
config Reliability.node[3].lossProbability 0.1
config Reliability.node[4].lossProbability 0.2
config Reliability.node[5].lossProbability 0.1
config record-eventlog true
config sim-time-limit 240s
config repeat 5

vector 0 Reliability.node[0] txVector ETV
vector 1 Reliability.node[1] txVector ETV
vector 2 Reliability.node[1] rxVector ETV
vector 3 Reliability.node[3] txVector ETV
vector 4 Reliability.node[3] rxVector ETV
vector 5 Reliability.node[0] rxVector ETV
vector 6 Reliability.node[4] txVector ETV
vector 7 Reliability.node[4] rxVector ETV
vector 8 Reliability.node[5] rxVector ETV
vector 9 Reliability.node[5] e2eVector ETV
vector 10 Reliability.node[2] txVector ETV
vector 11 Reliability.node[2] rxVector ETV
0	1	0.092839031499	1
0	1	0.092839031499	1
0	1	0.092839031499	1
0	8	1.118765259413	2
0	8	1.118765259413	2
0	8	1.118765259413	2
0	10	2.238715803269	3
0	10	2.238715803269	3
0	10	2.238715803269	3
0	20	3.505543079711	4
0	20	3.505543079711	4
0	20	3.505543079711	4
0	22	5.352104570968	5
0	22	5.352104570968	5
0	22	5.352104570968	5
0	24	7.321736978618	6
0	24	7.321736978618	6
0	24	7.321736978618	6
0	26	8.387023482257	7
0	26	8.387023482257	7
0	26	8.387023482257	7
0	28	9.503216804955	8
0	28	9.503216804955	8
0	28	9.503216804955	8
0	30	10.630376776699	9
0	30	10.630376776699	9
0	30	10.630376776699	9
0	32	12.196141907033	10
0	32	12.196141907033	10
0	32	12.196141907033	10
0	42	13.303087591678	11
0	42	13.303087591678	11
0	42	13.303087591678	11
0	52	15.096725044325	12
0	52	15.096725044325	12
0	52	15.096725044325	12
0	64	16.524271008577	13
0	64	16.524271008577	13
0	64	16.524271008577	13
0	66	17.771448245523	14
0	66	17.771448245523	14
0	66	17.771448245523	14
0	78	19.659751991992	15
0	78	19.659751991992	15
0	78	19.659751991992	15
0	80	21.370969232888	16
0	80	21.370969232888	16
0	80	21.370969232888	16
0	92	22.874969671964	17
0	92	22.874969671964	17
0	92	22.874969671964	17
0	94	23.90052061716	18
0	94	23.90052061716	18
0	94	23.90052061716	18
0	96	25.403727534245	19
0	96	25.403727534245	19
0	96	25.403727534245	19
0	106	26.900801329426	20
0	106	26.900801329426	20
0	106	26.900801329426	20
0	116	28.558313713194	21
0	116	28.558313713194	21
0	116	28.558313713194	21
0	118	30.42723034324	22
0	118	30.42723034324	22
0	118	30.42723034324	22
0	130	32.026210315776	23
0	130	32.026210315776	23
0	130	32.026210315776	23
0	142	33.066221550823	24
0	142	33.066221550823	24
0	142	33.066221550823	24
0	144	34.2789889218	25
0	144	34.2789889218	25
0	144	34.2789889218	25
0	146	35.908348648361	26
0	146	35.908348648361	26
0	146	35.908348648361	26
0	148	37.08346503742	27
0	148	37.08346503742	27
0	148	37.08346503742	27
0	160	38.178753087082	28
0	160	38.178753087082	28
0	160	38.178753087082	28
0	162	39.340219653928	29
0	162	39.340219653928	29
0	162	39.340219653928	29
0	164	41.176737305261	30
0	164	41.176737305261	30
0	164	41.176737305261	30
0	166	42.918492349582	31
0	166	42.918492349582	31
0	166	42.918492349582	31
0	173	44.541764682643	32
0	173	44.541764682643	32
0	173	44.541764682643	32
0	175	45.898899617391	33
0	175	45.898899617391	33
0	175	45.898899617391	33
0	177	47.809555134289	34
0	177	47.809555134289	34
0	177	47.809555134289	34
0	179	48.875218804479	35
0	179	48.875218804479	35
0	179	48.875218804479	35
0	181	50.233459112253	36
0	181	50.233459112253	36
0	181	50.233459112253	36
0	183	51.901886161668	37
0	183	51.901886161668	37
0	183	51.901886161668	37
0	195	52.932254413627	38
0	195	52.932254413627	38
0	195	52.932254413627	38
0	197	54.686435366068	39
0	197	54.686435366068	39
0	197	54.686435366068	39
0	209	55.728864556896	40
0	209	55.728864556896	40
0	209	55.728864556896	40
0	211	57.586704074191	41
0	211	57.586704074191	41
0	211	57.586704074191	41
0	216	59.53339819775	42
0	216	59.53339819775	42
0	216	59.53339819775	42
0	223	60.558599621309	43
0	223	60.558599621309	43
0	223	60.558599621309	43
0	235	62.186780839944	44
0	235	62.186780839944	44
0	235	62.186780839944	44
0	247	63.617994743883	45
0	247	63.617994743883	45
0	247	63.617994743883	45
0	249	64.898854734394	46
0	249	64.898854734394	46
0	249	64.898854734394	46
0	251	66.703986274562	47
0	251	66.703986274562	47
0	251	66.703986274562	47
0	253	68.029832541029	48
0	253	68.029832541029	48
0	253	68.029832541029	48
0	255	69.760512740835	49
0	255	69.760512740835	49
0	255	69.760512740835	49
0	257	71.517013024557	50
0	257	71.517013024557	50
0	257	71.517013024557	50
0	267	72.624200424663	51
0	267	72.624200424663	51
0	267	72.624200424663	51
0	269	74.250544386701	52
0	269	74.250544386701	52
0	269	74.250544386701	52
0	276	75.424987210212	53
0	276	75.424987210212	53
0	276	75.424987210212	53
0	278	77.206646639406	54
0	278	77.206646639406	54
0	278	77.206646639406	54
0	280	78.951684899879	55
0	280	78.951684899879	55
0	280	78.951684899879	55
0	292	80.644084142772	56
0	292	80.644084142772	56
0	292	80.644084142772	56
0	304	81.819808332268	57
0	304	81.819808332268	57
0	304	81.819808332268	57
0	306	83.802946699336	58
0	306	83.802946699336	58
0	306	83.802946699336	58
0	308	85.321471730498	59
0	308	85.321471730498	59
0	308	85.321471730498	59
0	310	86.409259287891	60
0	310	86.409259287891	60
0	310	86.409259287891	60
0	312	88.137322227488	61
0	312	88.137322227488	61
0	312	88.137322227488	61
0	322	89.651724283601	62
0	322	89.651724283601	62
0	322	89.651724283601	62
0	324	91.526993098453	63
0	324	91.526993098453	63
0	324	91.526993098453	63
0	329	92.806900256098	64
0	329	92.806900256098	64
0	329	92.806900256098	64
0	331	94.160114151909	65
0	331	94.160114151909	65
0	331	94.160114151909	65
0	341	95.592247252603	66
0	341	95.592247252603	66
0	341	95.592247252603	66
0	351	96.72352647527	67
0	351	96.72352647527	67
0	351	96.72352647527	67
0	353	97.867946939095	68
0	353	97.867946939095	68
0	353	97.867946939095	68
0	355	99.749182240124	69
0	355	99.749182240124	69
0	355	99.749182240124	69
0	357	100.77896398913	70
0	357	100.77896398913	70
0	357	100.77896398913	70
0	359	102.74607712102	71
0	359	102.74607712102	71
0	359	102.74607712102	71
0	361	104.651999716199	72
0	361	104.651999716199	72
0	361	104.651999716199	72
0	363	106.030002127186	73
0	363	106.030002127186	73
0	363	106.030002127186	73
0	373	107.989708122582	74
0	373	107.989708122582	74
0	373	107.989708122582	74
0	375	109.735246937274	75
0	375	109.735246937274	75
0	375	109.735246937274	75
0	387	110.989473627432	76
0	387	110.989473627432	76
0	387	110.989473627432	76
0	389	112.404141886177	77
0	389	112.404141886177	77
0	389	112.404141886177	77
0	391	114.05292049867	78
0	391	114.05292049867	78
0	391	114.05292049867	78
0	403	115.264518078201	79
0	403	115.264518078201	79
0	403	115.264518078201	79
0	405	117.194308502617	80
0	405	117.194308502617	80
0	405	117.194308502617	80
0	417	118.196191160259	81
0	417	118.196191160259	81
0	417	118.196191160259	81
0	429	119.356468082191	82
0	429	119.356468082191	82
0	429	119.356468082191	82
0	431	120.554467973085	83
0	431	120.554467973085	83
0	431	120.554467973085	83
0	441	121.863076899685	84
0	441	121.863076899685	84
0	441	121.863076899685	84
0	443	123.557316023875	85
0	443	123.557316023875	85
0	443	123.557316023875	85
0	445	124.856837292453	86
0	445	124.856837292453	86
0	445	124.856837292453	86
0	457	126.660013161851	87
0	457	126.660013161851	87
0	457	126.660013161851	87
0	467	127.880314816274	88
0	467	127.880314816274	88
0	467	127.880314816274	88
0	469	129.686650027773	89
0	469	129.686650027773	89
0	469	129.686650027773	89
0	471	131.68596694341	90
0	471	131.68596694341	90
0	471	131.68596694341	90
0	473	133.434151971499	91
0	473	133.434151971499	91
0	473	133.434151971499	91
0	475	134.614920300684	92
0	475	134.614920300684	92
0	475	134.614920300684	92
0	477	136.186929118839	93
0	477	136.186929118839	93
0	477	136.186929118839	93
0	487	137.58912353336	94
0	487	137.58912353336	94
0	487	137.58912353336	94
0	497	139.229771194767	95
0	497	139.229771194767	95
0	497	139.229771194767	95
0	499	140.394203696187	96
0	499	140.394203696187	96
0	499	140.394203696187	96
0	511	142.355593886945	97
0	511	142.355593886945	97
0	511	142.355593886945	97
0	513	143.83158263147	98
0	513	143.83158263147	98
0	513	143.83158263147	98
0	523	145.023784771581	99
0	523	145.023784771581	99
0	523	145.023784771581	99
0	525	146.963947078931	100
0	525	146.963947078931	100
0	525	146.963947078931	100
0	532	148.904344630214	101
0	532	148.904344630214	101
0	532	148.904344630214	101
0	537	150.858532888601	102
0	537	150.858532888601	102
0	537	150.858532888601	102
0	539	152.444088337729	103
0	539	152.444088337729	103
0	539	152.444088337729	103
0	541	153.749596692408	104
0	541	153.749596692408	104
0	541	153.749596692408	104
0	548	155.66227384612	105
0	548	155.66227384612	105
0	548	155.66227384612	105
0	550	156.675244541159	106
0	550	156.675244541159	106
0	550	156.675244541159	106
0	552	158.437675101701	107
0	552	158.437675101701	107
0	552	158.437675101701	107
0	554	160.154323542975	108
0	554	160.154323542975	108
0	554	160.154323542975	108
0	556	161.733525505541	109
0	556	161.733525505541	109
0	556	161.733525505541	109
0	558	162.762034078846	110
0	558	162.762034078846	110
0	558	162.762034078846	110
0	560	164.303510716204	111
0	560	164.303510716204	111
0	560	164.303510716204	111
0	570	166.133139885748	112
0	570	166.133139885748	112
0	570	166.133139885748	112
0	572	167.937858527079	113
0	572	167.937858527079	113
0	572	167.937858527079	113
0	574	169.490638487059	114
0	574	169.490638487059	114
0	574	169.490638487059	114
0	576	171.198118577729	115
0	576	171.198118577729	115
0	576	171.198118577729	115
0	585	172.494323531882	116
0	585	172.494323531882	116
0	585	172.494323531882	116
0	597	173.762093374523	117
0	597	173.762093374523	117
0	597	173.762093374523	117
0	599	175.02663298535	118
0	599	175.02663298535	118
0	599	175.02663298535	118
0	601	176.719806243915	119
0	601	176.719806243915	119
0	601	176.719806243915	119
0	603	178.310531058365	120
0	603	178.310531058365	120
0	603	178.310531058365	120
0	605	180.123048754192	121
0	605	180.123048754192	121
0	605	180.123048754192	121
0	607	181.689311332318	122
0	607	181.689311332318	122
0	607	181.689311332318	122
0	619	182.703215155301	123
0	619	182.703215155301	123
0	619	182.703215155301	123
0	621	184.100625484732	124
0	621	184.100625484732	124
0	621	184.100625484732	124
0	623	185.221466234203	125
0	623	185.221466234203	125
0	623	185.221466234203	125
0	633	186.921663980016	126
0	633	186.921663980016	126
0	633	186.921663980016	126
0	643	188.023152134165	127
0	643	188.023152134165	127
0	643	188.023152134165	127
0	653	189.898573473578	128
0	653	189.898573473578	128
0	653	189.898573473578	128
0	655	191.344275668978	129
0	655	191.344275668978	129
0	655	191.344275668978	129
0	657	193.040531332155	130
0	657	193.040531332155	130
0	657	193.040531332155	130
0	659	194.362913127073	131
0	659	194.362913127073	131
0	659	194.362913127073	131
0	661	195.81147534006	132
0	661	195.81147534006	132
0	661	195.81147534006	132
0	663	197.574336819832	133
0	663	197.574336819832	133
0	663	197.574336819832	133
0	673	198.712815336433	134
0	673	198.712815336433	134
0	673	198.712815336433	134
0	675	200.383568227307	135
0	675	200.383568227307	135
0	675	200.383568227307	135
0	677	201.839800264237	136
0	677	201.839800264237	136
0	677	201.839800264237	136
0	679	203.35078133458	137
0	679	203.35078133458	137
0	679	203.35078133458	137
0	681	205.318134639428	138
0	681	205.318134639428	138
0	681	205.318134639428	138
0	691	206.421999505504	139
0	691	206.421999505504	139
0	691	206.421999505504	139
0	701	207.624890764958	140
0	701	207.624890764958	140
0	701	207.624890764958	140
0	713	209.43373537298	141
0	713	209.43373537298	141
0	713	209.43373537298	141
0	715	211.057776604096	142
0	715	211.057776604096	142
0	715	211.057776604096	142
0	727	212.170827953626	143
0	727	212.170827953626	143
0	727	212.170827953626	143
0	729	213.284461883145	144
0	729	213.284461883145	144
0	729	213.284461883145	144
0	731	215.001355392408	145
0	731	215.001355392408	145
0	731	215.001355392408	145
0	733	216.828164005435	146
0	733	216.828164005435	146
0	733	216.828164005435	146
0	735	218.10289996864	147
0	735	218.10289996864	147
0	735	218.10289996864	147
0	747	219.418792109487	148
0	747	219.418792109487	148
0	747	219.418792109487	148
0	754	221.093639711633	149
0	754	221.093639711633	149
0	754	221.093639711633	149
0	756	222.103359108109	150
0	756	222.103359108109	150
0	756	222.103359108109	150
0	758	223.208748977648	151
0	758	223.208748977648	151
0	758	223.208748977648	151
0	760	225.176894824736	152
0	760	225.176894824736	152
0	760	225.176894824736	152
0	772	226.646162607258	153
0	772	226.646162607258	153
0	772	226.646162607258	153
0	774	228.18017719222	154
0	774	228.18017719222	154
0	774	228.18017719222	154
0	776	229.681465978983	155
0	776	229.681465978983	155
0	776	229.681465978983	155
0	778	231.504679870808	156
0	778	231.504679870808	156
0	778	231.504679870808	156
0	788	232.988869969284	157
0	788	232.988869969284	157
0	788	232.988869969284	157
0	790	234.736236637475	158
0	790	234.736236637475	158
0	790	234.736236637475	158
0	797	236.02492498841	159
0	797	236.02492498841	159
0	797	236.02492498841	159
0	799	237.064390711271	160
0	799	237.064390711271	160
0	799	237.064390711271	160
0	801	238.246342293237	161
0	801	238.246342293237	161
0	801	238.246342293237	161
1	2	0.148004626979	1
1	2	0.148004626979	2
1	2	0.148004626979	3
1	11	2.350899227087	4
1	11	2.350899227087	5
1	11	2.350899227087	6
1	33	12.258290588791	7
1	33	12.258290588791	8
1	33	12.258290588791	9
1	43	13.439563233485	10
1	43	13.439563233485	11
1	43	13.439563233485	12
1	53	15.165884346822	13
1	53	15.165884346822	14
1	53	15.165884346822	15
1	67	17.804205675502	16
1	67	17.804205675502	17
1	67	17.804205675502	18
1	81	21.489281077503	19
1	81	21.489281077503	20
1	81	21.489281077503	21
1	97	25.56955030339	22
1	97	25.56955030339	23
1	97	25.56955030339	24
1	107	27.102792007068	25
1	107	27.102792007068	26
1	107	27.102792007068	27
1	119	30.589498140105	28
1	119	30.589498140105	29
1	119	30.589498140105	30
1	131	32.161814327074	31
1	131	32.161814327074	32
1	131	32.161814327074	33
1	149	37.20128827918	34
1	149	37.20128827918	35
1	149	37.20128827918	36
1	167	43.062566246391	37
1	167	43.062566246391	38
1	167	43.062566246391	39
1	184	51.959511313357	40
1	184	51.959511313357	41
1	184	51.959511313357	42
1	198	54.767935174543	43
1	198	54.767935174543	44
1	198	54.767935174543	45
1	212	57.685451484255	46
1	212	57.685451484255	47
1	212	57.685451484255	48
1	217	59.584722954815	49
1	217	59.584722954815	50
1	217	59.584722954815	51
1	224	60.65238311511	52
1	224	60.65238311511	53
1	224	60.65238311511	54
1	236	62.373327594953	55
1	236	62.373327594953	56
1	236	62.373327594953	57
1	258	71.588346798943	58
1	258	71.588346798943	59
1	258	71.588346798943	60
1	270	74.349295443997	61
1	270	74.349295443997	62
1	270	74.349295443997	63
1	281	79.036220921387	64
1	281	79.036220921387	65
1	281	79.036220921387	66
1	293	80.803674351393	67
1	293	80.803674351393	68
1	293	80.803674351393	69
1	313	88.198724618555	70
1	313	88.198724618555	71
1	313	88.198724618555	72
1	325	91.72778002726	73
1	325	91.72778002726	74
1	325	91.72778002726	75
1	332	94.211422090241	76
1	332	94.211422090241	77
1	332	94.211422090241	78
1	342	95.615107918146	79
1	342	95.615107918146	80
1	342	95.615107918146	81
1	364	106.114102102319	82
1	364	106.114102102319	83
1	364	106.114102102319	84
1	376	109.824647483718	85
1	376	109.824647483718	86
1	376	109.824647483718	87
1	392	114.111369025411	88
1	392	114.111369025411	89
1	392	114.111369025411	90
1	406	117.375466770412	91
1	406	117.375466770412	92
1	406	117.375466770412	93
1	418	118.274400448298	94
1	418	118.274400448298	95
1	418	118.274400448298	96
1	432	120.61282887859	97
1	432	120.61282887859	98
1	432	120.61282887859	99
1	446	124.978438460782	100
1	446	124.978438460782	101
1	446	124.978438460782	102
1	458	126.772857902935	103
1	458	126.772857902935	104
1	458	126.772857902935	105
1	478	136.277689017428	106
1	478	136.277689017428	107
1	478	136.277689017428	108
1	488	137.614394950353	109
1	488	137.614394950353	110
1	488	137.614394950353	111
1	500	140.445254009677	112
1	500	140.445254009677	113
1	500	140.445254009677	114
1	514	143.915749359663	115
1	514	143.915749359663	116
1	514	143.915749359663	117
1	526	147.084164197935	118
1	526	147.084164197935	119
1	526	147.084164197935	120
1	533	149.100054394773	121
1	533	149.100054394773	122
1	533	149.100054394773	123
1	542	153.824580263997	124
1	542	153.824580263997	125
1	542	153.824580263997	126
1	561	164.435967739379	127
1	561	164.435967739379	128
1	561	164.435967739379	129
1	577	171.282970887501	130
1	577	171.282970887501	131
1	577	171.282970887501	132
1	586	172.594922732056	133
1	586	172.594922732056	134
1	586	172.594922732056	135
1	608	181.770673094058	136
1	608	181.770673094058	137
1	608	181.770673094058	138
1	624	185.281289743772	139
1	624	185.281289743772	140
1	624	185.281289743772	141
1	634	187.120960774501	142
1	634	187.120960774501	143
1	634	187.120960774501	144
1	644	188.09729959189	145
1	644	188.09729959189	146
1	644	188.09729959189	147
1	664	197.72725828946	148
1	664	197.72725828946	149
1	664	197.72725828946	150
1	682	205.493170753598	151
1	682	205.493170753598	152
1	682	205.493170753598	153
1	692	206.467639404109	154
1	692	206.467639404109	155
1	692	206.467639404109	156
1	702	207.815643635433	157
1	702	207.815643635433	158
1	702	207.815643635433	159
1	716	211.253038174751	160
1	716	211.253038174751	161
1	716	211.253038174751	162
1	736	218.294613111603	163
1	736	218.294613111603	164
1	736	218.294613111603	165
1	748	219.44355040322	166
1	748	219.44355040322	167
1	748	219.44355040322	168
1	761	225.276256383444	169
1	761	225.276256383444	170
1	761	225.276256383444	171
1	779	231.69111852915	172
1	779	231.69111852915	173
1	779	231.69111852915	174
1	791	234.851467937362	175
1	791	234.851467937362	176
1	791	234.851467937362	177
2	2	0.148004626979	1
2	7	0.350585763984	2
2	11	2.350899227087	3
2	33	12.258290588791	4
2	43	13.439563233485	5
2	53	15.165884346822	6
2	67	17.804205675502	7
2	74	18.120010068782	8
2	81	21.489281077503	9
2	86	21.652141658251	10
2	97	25.56955030339	11
2	107	27.102792007068	12
2	119	30.589498140105	13
2	124	30.874040714753	14
2	129	31.135225474284	15
2	131	32.161814327074	16
2	149	37.20128827918	17
2	158	37.550970237382	18
2	167	43.062566246391	19
2	184	51.959511313357	20
2	198	54.767935174543	21
2	203	54.895530513983	22
2	212	57.685451484255	23
2	217	59.584722954815	24
2	224	60.65238311511	25
2	228	60.884599053632	26
2	236	62.373327594953	27
2	243	62.671717341928	28
2	258	71.588346798943	29
2	262	71.83763242223	30
2	270	74.349295443997	31
2	281	79.036220921387	32
2	293	80.803674351393	33
2	297	80.906320519905	34
2	313	88.198724618555	35
2	325	91.72778002726	36
2	332	94.211422090241	37
2	342	95.615107918146	38
2	364	106.114102102319	39
2	371	106.329579966551	40
2	376	109.824647483718	41
2	382	109.978310575647	42
2	392	114.111369025411	43
2	397	114.304576837587	44
2	406	117.375466770412	45
2	418	118.274400448298	46
2	421	118.402065348794	47
2	432	120.61282887859	48
2	446	124.978438460782	49
2	458	126.772857902935	50
2	463	127.020601496023	51
2	478	136.277689017428	52
2	488	137.614394950353	53
2	500	140.445254009677	54
2	506	140.72147745211	55
2	514	143.915749359663	56
2	526	147.084164197935	57
2	531	147.453697716937	58
2	533	149.100054394773	59
2	542	153.824580263997	60
2	546	154.077250482988	61
2	561	164.435967739379	62
2	565	164.708600173712	63
2	577	171.282970887501	64
2	583	171.645439221241	65
2	584	171.647688220015	66
2	586	172.594922732056	67
2	591	172.746373541455	68
2	608	181.770673094058	69
2	624	185.281289743772	70
2	634	187.120960774501	71
2	638	187.409681060614	72
2	644	188.09729959189	73
2	664	197.72725828946	74
2	670	197.976230288972	75
2	682	205.493170753598	76
2	692	206.467639404109	77
2	697	206.689653637241	78
2	702	207.815643635433	79
2	711	208.185890755454	80
2	716	211.253038174751	81
2	736	218.294613111603	82
2	748	219.44355040322	83
2	761	225.276256383444	84
2	770	225.777506001537	85
2	779	231.69111852915	86
2	791	234.851467937362	87
3	3	0.250715881687	1
3	3	0.250715881687	2
3	12	2.471436224254	3
3	12	2.471436224254	4
3	35	12.344757583014	5
3	35	12.344757583014	6
3	45	13.490399968096	7
3	45	13.490399968096	8
3	56	15.333430592548	9
3	56	15.333430592548	10
3	68	17.919778002991	11
3	68	17.919778002991	12
3	82	21.558632580288	13
3	82	21.558632580288	14
3	98	25.656215964806	15
3	98	25.656215964806	16
3	110	27.20197516008	17
3	110	27.20197516008	18
3	121	30.679533572999	19
3	121	30.679533572999	20
3	134	32.352125363584	21
3	134	32.352125363584	22
3	150	37.262123911548	23
3	150	37.262123911548	24
3	170	43.236994817199	25
3	170	43.236994817199	26
3	185	51.980002002511	27
3	185	51.980002002511	28
3	202	54.87347833866	29
3	202	54.87347833866	30
3	218	59.624129165318	31
3	218	59.624129165318	32
3	227	60.818633139071	33
3	227	60.818633139071	34
3	237	62.520119756683	35
3	237	62.520119756683	36
3	259	71.650314230557	37
3	259	71.650314230557	38
3	271	74.371810480407	39
3	271	74.371810480407	40
3	282	79.103009103727	41
3	282	79.103009103727	42
3	295	80.861465179521	43
3	295	80.861465179521	44
3	316	88.377034992001	45
3	316	88.377034992001	46
3	333	94.276335661462	47
3	333	94.276335661462	48
3	344	95.675814065125	49
3	344	95.675814065125	50
3	365	106.175671622109	51
3	365	106.175671622109	52
3	378	109.910193676738	53
3	378	109.910193676738	54
3	393	114.15361898133	55
3	393	114.15361898133	56
3	408	117.51988029996	57
3	408	117.51988029996	58
3	422	118.4739266212	59
3	422	118.4739266212	60
3	435	120.787333404324	61
3	435	120.787333404324	62
3	448	125.111871604113	63
3	448	125.111871604113	64
3	460	126.895355510609	65
3	460	126.895355510609	66
3	481	136.416241331695	67
3	481	136.416241331695	68
3	490	137.789182367361	69
3	490	137.789182367361	70
3	501	140.566271004557	71
3	501	140.566271004557	72
3	517	144.102803934083	73
3	517	144.102803934083	74
3	529	147.26663319551	75
3	529	147.26663319551	76
3	545	154.022066246309	77
3	545	154.022066246309	78
3	564	164.6389120948	79
3	564	164.6389120948	80
3	580	171.478533773864	81
3	580	171.478533773864	82
3	590	172.717706670495	83
3	590	172.717706670495	84
3	611	181.952350183387	85
3	611	181.952350183387	86
3	626	185.444433240672	87
3	626	185.444433240672	88
3	637	187.299836062903	89
3	637	187.299836062903	90
3	646	188.170053674868	91
3	646	188.170053674868	92
3	667	197.873343815903	93
3	667	197.873343815903	94
3	685	205.696903031836	95
3	685	205.696903031836	96
3	694	206.597346044597	97
3	694	206.597346044597	98
3	703	207.953936465808	99
3	703	207.953936465808	100
3	717	211.299527421849	101
3	717	211.299527421849	102
3	739	218.491880312846	103
3	739	218.491880312846	104
3	750	219.568154037804	105
3	750	219.568154037804	106
3	762	225.347482702037	107
3	762	225.347482702037	108
3	782	231.870208059777	109
3	782	231.870208059777	110
3	794	235.026549912838	111
3	794	235.026549912838	112
4	3	0.250715881687	1
4	12	2.471436224254	2
4	17	2.655277481583	3
4	35	12.344757583014	4
4	39	12.514872064167	5
4	45	13.490399968096	6
4	51	13.902385269206	7
4	56	15.333430592548	8
4	59	15.540686701392	9
4	68	17.919778002991	10
4	76	18.155067535638	11
4	82	21.558632580288	12
4	88	21.657998242436	13
4	98	25.656215964806	14
4	105	25.998943388838	15
4	110	27.20197516008	16
4	115	27.575323095529	17
4	121	30.679533572999	18
4	127	30.978266189728	19
4	134	32.352125363584	20
4	137	32.560564193964	21
4	150	37.262123911548	22
4	156	37.4720168752	23
4	170	43.236994817199	24
4	185	51.980002002511	25
4	191	52.256378477418	26
4	202	54.87347833866	27
4	207	55.072062305696	28
4	218	59.624129165318	29
4	227	60.818633139071	30
4	234	61.035100622808	31
4	237	62.520119756683	32
4	259	71.650314230557	33
4	264	71.878004424951	34
4	271	74.371810480407	35
4	282	79.103009103727	36
4	291	79.423426938681	37
4	295	80.861465179521	38
4	302	81.135431873467	39
4	316	88.377034992001	40
4	320	88.663435697321	41
4	333	94.276335661462	42
4	339	94.453927823849	43
4	344	95.675814065125	44
4	349	95.884953223232	45
4	365	106.175671622109	46
4	367	106.241123581369	47
4	378	109.910193676738	48
4	381	109.975380481834	49
4	393	114.15361898133	50
4	399	114.390983036921	51
4	408	117.51988029996	52
4	415	117.762263500701	53
4	422	118.4739266212	54
4	426	118.668042984595	55
4	435	120.787333404324	56
4	440	121.026120183803	57
4	448	125.111871604113	58
4	460	126.895355510609	59
4	465	127.141882011275	60
4	481	136.416241331695	61
4	485	136.811642571963	62
4	490	137.789182367361	63
4	494	138.061660875041	64
4	501	140.566271004557	65
4	507	140.761398732868	66
4	517	144.102803934083	67
4	521	144.446738618903	68
4	529	147.26663319551	69
4	545	154.022066246309	70
4	564	164.6389120948	71
4	580	171.478533773864	72
4	590	172.717706670495	73
4	611	181.952350183387	74
4	618	182.109945219889	75
4	626	185.444433240672	76
4	631	185.585511837604	77
4	637	187.299836062903	78
4	640	187.564592761113	79
4	646	188.170053674868	80
4	650	188.329039037114	81
4	667	197.873343815903	82
4	671	198.095307237915	83
4	685	205.696903031836	84
4	690	205.985394851407	85
4	694	206.597346044597	86
4	698	206.786964171562	87
4	703	207.953936465808	88
4	709	208.103249668464	89
4	717	211.299527421849	90
4	725	211.498749050153	91
4	739	218.491880312846	92
4	744	218.668997940051	93
4	750	219.568154037804	94
4	762	225.347482702037	95
4	769	225.589863828732	96
4	782	231.870208059777	97
4	786	232.231902778141	98
4	794	235.026549912838	99
5	13	2.488914655394	1
5	46	13.569764028232	2
5	55	15.26886632665	3
5	69	18.003032403045	4
5	83	21.570753927714	5
5	99	25.66838241172	6
5	108	27.163572799179	7
5	133	32.321050599717	8
5	169	43.136957404218	9
5	186	52.030878567547	10
5	213	57.761262793718	11
5	226	60.793022381954	12
5	260	71.69101269232	13
5	285	79.242513086153	14
5	328	91.874425306105	15
5	394	114.184619999332	16
5	419	118.300347829391	17
5	447	125.055554700093	18
5	461	126.899800809231	19
5	479	136.310437741403	20
5	502	140.571078068455	21
5	516	143.958936564274	22
5	544	153.952875828681	23
5	578	171.462925737404	24
5	589	172.696816543561	25
5	635	187.157539342067	26
5	647	188.174980893734	27
5	666	197.804982435989	28
5	684	205.64829241994	29
5	704	207.99319171436	30
5	763	225.412680578212	31
5	793	234.972624700137	32
6	16	2.586162846103	1
6	16	2.586162846103	2
6	16	2.586162846103	3
6	37	12.403088796137	4
6	37	12.403088796137	5
6	37	12.403088796137	6
6	48	13.693664673742	7
6	48	13.693664673742	8
6	48	13.693664673742	9
6	57	15.50508866644	10
6	57	15.50508866644	11
6	57	15.50508866644	12
6	71	18.0541232555	13
6	71	18.0541232555	14
6	71	18.0541232555	15
6	85	21.635524948216	16
6	85	21.635524948216	17
6	85	21.635524948216	18
6	102	25.796076069471	19
6	102	25.796076069471	20
6	102	25.796076069471	21
6	112	27.371347886794	22
6	112	27.371347886794	23
6	112	27.371347886794	24
6	123	30.852903689764	25
6	123	30.852903689764	26
6	123	30.852903689764	27
6	135	32.465085935433	28
6	135	32.465085935433	29
6	135	32.465085935433	30
6	155	37.44273193878	31
6	155	37.44273193878	32
6	155	37.44273193878	33
6	187	52.055183084209	34
6	187	52.055183084209	35
6	187	52.055183084209	36
6	204	54.989006300701	37
6	204	54.989006300701	38
6	204	54.989006300701	39
6	230	60.93416542036	40
6	230	60.93416542036	41
6	230	60.93416542036	42
6	240	62.59833584872	43
6	240	62.59833584872	44
6	240	62.59833584872	45
6	263	71.850324665433	46
6	263	71.850324665433	47
6	263	71.850324665433	48
6	286	79.265557223728	49
6	286	79.265557223728	50
6	286	79.265557223728	51
6	300	81.051536208991	52
6	300	81.051536208991	53
6	300	81.051536208991	54
6	317	88.486467042249	55
6	317	88.486467042249	56
6	317	88.486467042249	57
6	335	94.384391020461	58
6	335	94.384391020461	59
6	335	94.384391020461	60
6	346	95.785853717439	61
6	346	95.785853717439	62
6	346	95.785853717439	63
6	366	106.2039346651	64
6	366	106.2039346651	65
6	366	106.2039346651	66
6	380	109.942144968534	67
6	380	109.942144968534	68
6	380	109.942144968534	69
6	396	114.297571649562	70
6	396	114.297571649562	71
6	396	114.297571649562	72
6	410	117.622322695233	73
6	410	117.622322695233	74
6	410	117.622322695233	75
6	424	118.512949054969	76
6	424	118.512949054969	77
6	424	118.512949054969	78
6	436	120.82289048505	79
6	436	120.82289048505	80
6	436	120.82289048505	81
6	450	125.182305863829	82
6	450	125.182305863829	83
6	450	125.182305863829	84
6	462	126.972498593209	85
6	462	126.972498593209	86
6	462	126.972498593209	87
6	483	136.609524899345	88
6	483	136.609524899345	89
6	483	136.609524899345	90
6	493	137.999100624624	91
6	493	137.999100624624	92
6	493	137.999100624624	93
6	505	140.719706698745	94
6	505	140.719706698745	95
6	505	140.719706698745	96
6	519	144.307838782081	97
6	519	144.307838782081	98
6	519	144.307838782081	99
6	566	164.744340845355	100
6	566	164.744340845355	101
6	566	164.744340845355	102
6	588	172.686098392458	103
6	588	172.686098392458	104
6	588	172.686098392458	105
6	614	182.031159735852	106
6	614	182.031159735852	107
6	614	182.031159735852	108
6	629	185.502071411109	109
6	629	185.502071411109	110
6	629	185.502071411109	111
6	639	187.493442445267	112
6	639	187.493442445267	113
6	639	187.493442445267	114
6	649	188.274543220313	115
6	649	188.274543220313	116
6	649	188.274543220313	117
6	668	197.909119230233	118
6	668	197.909119230233	119
6	668	197.909119230233	120
6	686	205.789792570644	121
6	686	205.789792570644	122
6	686	205.789792570644	123
6	696	206.677169551838	124
6	696	206.677169551838	125
6	696	206.677169551838	126
6	708	208.067744675473	127
6	708	208.067744675473	128
6	708	208.067744675473	129
6	720	211.394454222968	130
6	720	211.394454222968	131
6	720	211.394454222968	132
6	743	218.645849873675	133
6	743	218.645849873675	134
6	743	218.645849873675	135
6	766	225.496332915997	136
6	766	225.496332915997	137
6	766	225.496332915997	138
6	784	232.077976556178	139
6	784	232.077976556178	140
6	784	232.077976556178	141
7	16	2.586162846103	1
7	37	12.403088796137	2
7	48	13.693664673742	3
7	57	15.50508866644	4
7	62	15.7769672248	5
7	71	18.0541232555	6
7	72	18.060768769991	7
7	85	21.635524948216	8
7	87	21.653479905638	9
7	102	25.796076069471	10
7	112	27.371347886794	11
7	123	30.852903689764	12
7	128	31.038438630562	13
7	135	32.465085935433	14
7	141	32.697299508824	15
7	155	37.44273193878	16
7	187	52.055183084209	17
7	194	52.375820307131	18
7	204	54.989006300701	19
7	205	54.99093892769	20
7	230	60.93416542036	21
7	231	60.934789636427	22
7	240	62.59833584872	23
7	246	62.718931773558	24
7	263	71.850324665433	25
7	286	79.265557223728	26
7	300	81.051536208991	27
7	317	88.486467042249	28
7	335	94.384391020461	29
7	346	95.785853717439	30
7	366	106.2039346651	31
7	380	109.942144968534	32
7	385	110.107202629165	33
7	396	114.297571649562	34
7	400	114.443371908468	35
7	410	117.622322695233	36
7	412	117.642168515954	37
7	424	118.512949054969	38
7	436	120.82289048505	39
7	450	125.182305863829	40
7	453	125.250734161247	41
7	462	126.972498593209	42
7	483	136.609524899345	43
7	493	137.999100624624	44
7	505	140.719706698745	45
7	519	144.307838782081	46
7	566	164.744340845355	47
7	588	172.686098392458	48
7	593	172.795830928352	49
7	614	182.031159735852	50
7	615	182.048471256316	51
7	629	185.502071411109	52
7	639	187.493442445267	53
7	649	188.274543220313	54
7	668	197.909119230233	55
7	686	205.789792570644	56
7	696	206.677169551838	57
7	708	208.067744675473	58
7	720	211.394454222968	59
7	743	218.645849873675	60
7	766	225.496332915997	61
7	771	225.793400701917	62
7	784	232.077976556178	63
8	19	2.768418151374	1
8	41	12.573775847308	2
8	49	13.778571268453	3
8	61	15.705225846879	4
8	77	18.173695962367	5
8	89	21.723118136753	6
8	103	25.824017633774	7
8	113	27.539169436786	8
8	125	30.923021609768	9
8	139	32.617994853729	10
8	159	37.558760149459	11
8	190	52.157932041308	12
8	208	55.138211478991	13
8	233	61.03355430716	14
8	242	62.657951322674	15
8	265	71.933166600819	16
8	289	79.309455687231	17
8	303	81.207067305889	18
8	321	88.690871115348	19
8	340	94.53565442979	20
8	348	95.876395240221	21
8	372	106.403137102478	22
8	384	109.995641400508	23
8	402	114.50311511502	24
8	414	117.73828446057	25
8	427	118.689188424059	26
8	439	120.981116526814	27
8	452	125.242954662266	28
8	464	127.03186724887	29
8	484	136.681682440642	30
8	496	138.203907993777	31
8	509	140.846887182717	32
8	522	144.480224292327	33
8	569	164.852355947848	34
8	592	172.786591690338	35
8	616	182.059371705348	36
8	630	185.548094258006	37
8	641	187.571643857823	38
8	651	188.357936069207	39
8	672	198.117072480678	40
8	688	205.847130841692	41
8	699	206.835389738991	42
8	712	208.191787896476	43
8	724	211.491327937061	44
8	745	218.709160905143	45
8	767	225.564976985179	46
8	787	232.261082697792	47
9	19	2.768418151374	1.649652891961
9	41	12.573775847308	1.943399070609
9	49	13.778571268453	1.58242936142
9	61	15.705225846879	2.402138255201
9	77	18.173695962367	1.64942495379
9	89	21.723118136753	2.063366144761
9	103	25.824017633774	1.923497016614
9	113	27.539169436786	2.135441902541
9	125	30.923021609768	2.364707896574
9	139	32.617994853729	2.190764510489
9	159	37.558760149459	1.650411501098
9	190	52.157932041308	1.924472929055
9	208	55.138211478991	2.205957065364
9	233	61.03355430716	1.50015610941
9	242	62.657951322674	2.099351701365
9	265	71.933166600819	2.172653859984
9	289	79.309455687231	2.102809047825
9	303	81.207067305889	2.25538240601
9	321	88.690871115348	2.281611827457
9	340	94.53565442979	1.728754173692
9	348	95.876395240221	1.716281088312
9	372	106.403137102478	1.751137386279
9	384	109.995641400508	2.005933277926
9	402	114.50311511502	2.098973228843
9	414	117.73828446057	2.473766382369
9	427	118.689188424059	1.494879921442
9	439	120.981116526814	1.624648444623
9	452	125.242954662266	1.685638638391
9	464	127.03186724887	2.175029956417
9	484	136.681682440642	2.066762139958
9	496	138.203907993777	2.016978874938
9	509	140.846887182717	1.61711598795
9	522	144.480224292327	2.124630405382
9	569	164.852355947848	2.090321869002
9	592	172.786591690338	1.588473112609
9	616	182.059371705348	1.936322951156
9	630	185.548094258006	1.447468773274
9	641	187.571643857823	2.35017762362
9	651	188.357936069207	1.436272089191
9	672	198.117072480678	2.305597140618
9	688	205.847130841692	2.496349507112
9	699	206.835389738991	1.517255099563
9	712	208.191787896476	1.769788390972
9	724	211.491327937061	2.057592564081
9	745	218.709160905143	1.880996899708
9	767	225.564976985179	2.356228007531
9	787	232.261082697792	2.579616718809
10	60	15.679774965651	1
10	60	15.679774965651	2
10	70	18.008615935305	3
10	70	18.008615935305	4
10	84	21.61447150822	5
10	84	21.61447150822	6
10	126	30.938688893147	7
10	126	30.938688893147	8
10	138	32.589188413309	9
10	138	32.589188413309	10
10	154	37.37039874453	11
10	154	37.37039874453	12
10	192	52.263660091537	13
10	192	52.263660091537	14
10	200	54.823197224401	15
10	200	54.823197224401	16
10	225	60.780735214714	17
10	225	60.780735214714	18
10	239	62.553370873299	19
10	239	62.553370873299	20
10	283	79.178033068135	21
10	283	79.178033068135	22
10	296	80.869718476964	23
10	296	80.869718476964	24
10	379	109.940934133082	25
10	379	109.940934133082	26
10	395	114.286212615959	27
10	395	114.286212615959	28
10	409	117.576781611183	29
10	409	117.576781611183	30
10	420	118.300642695666	31
10	420	118.300642695666	32
10	451	125.227170113445	33
10	451	125.227170113445	34
10	504	140.629710084408	35
10	504	140.629710084408	36
10	579	171.47838590651	37
10	579	171.47838590651	38
10	587	172.6523565806	39
10	587	172.6523565806	40
10	610	181.940442398825	41
10	610	181.940442398825	42
10	706	208.024061150012	43
10	706	208.024061150012	44
10	721	211.42174134589	45
10	721	211.42174134589	46
10	738	218.43727691451	47
10	738	218.43727691451	48
10	768	225.585333060293	49
10	768	225.585333060293	50
11	60	15.679774965651	1
11	70	18.008615935305	2
11	84	21.61447150822	3
11	126	30.938688893147	4
11	138	32.589188413309	5
11	154	37.37039874453	6
11	192	52.263660091537	7
11	200	54.823197224401	8
11	225	60.780735214714	9
11	239	62.553370873299	10
11	245	62.684195552665	11
11	283	79.178033068135	12
11	296	80.869718476964	13
11	379	109.940934133082	14
11	395	114.286212615959	15
11	409	117.576781611183	16
11	420	118.300642695666	17
11	451	125.227170113445	18
11	504	140.629710084408	19
11	579	171.47838590651	20
11	587	172.6523565806	21
11	610	181.940442398825	22
11	706	208.024061150012	23
11	721	211.42174134589	24
11	738	218.43727691451	25
11	768	225.585333060293	26

