version 3
run General-2-20231019-19:13:55-57309
attr configname General
attr datetime 20231019-19:13:55
attr datetimef 20231019-191355
attr experiment General
attr inifile omnetpp.ini
attr iterationvars ""
attr iterationvarsd ""
attr iterationvarsf ""
attr measurement ""
attr network Reliability
attr processid 57309
attr repetition 2
attr replication #2
attr resultdir results
attr runnumber 2
attr seedset 2
config network Reliability
config Reliability.node[*].transmissionTime "uniform(1s, 2s)"
config Reliability.node[*].delayTime "uniform(0.01s, 0.2s)"
config Reliability.node[0].lossProbability 0.3
config Reliability.node[1].lossProbability 0.3
config Reliability.node[2].lossProbability 0.3
config Reliability.node[3].lossProbability 0.3/2
config Reliability.node[4].lossProbability 0.3/2
config Reliability.node[5].lossProbability 0.3*2
config Reliability.node[6].lossProbability 0.3*2
config Reliability.node[7].lossProbability 0.3*3
config record-eventlog true
config sim-time-limit 240s
config repeat 5

vector 0 Reliability.node[0] txVector ETV
vector 1 Reliability.node[2] txVector ETV
vector 2 Reliability.node[2] rxVector ETV
vector 3 Reliability.node[1] txVector ETV
vector 4 Reliability.node[1] rxVector ETV
vector 5 Reliability.node[4] txVector ETV
vector 6 Reliability.node[4] rxVector ETV
vector 7 Reliability.node[0] rxVector ETV
vector 8 Reliability.node[6] txVector ETV
vector 9 Reliability.node[6] rxVector ETV
vector 10 Reliability.node[3] txVector ETV
vector 11 Reliability.node[3] rxVector ETV
vector 12 Reliability.node[5] txVector ETV
vector 13 Reliability.node[5] rxVector ETV
vector 14 Reliability.node[7] rxVector ETV
vector 15 Reliability.node[7] e2eVector ETV
0	1	0.092839031499	1
0	1	0.092839031499	2
0	1	0.092839031499	2
0	1	0.092839031499	2
0	20	2.024379895087	3
0	20	2.024379895087	4
0	20	2.024379895087	4
0	20	2.024379895087	4
0	23	3.529625983927	5
0	23	3.529625983927	6
0	23	3.529625983927	6
0	23	3.529625983927	6
0	26	4.645819306625	7
0	26	4.645819306625	8
0	26	4.645819306625	8
0	26	4.645819306625	8
0	45	6.242564614648	9
0	45	6.242564614648	10
0	45	6.242564614648	10
0	45	6.242564614648	10
0	59	7.557862095786	11
0	59	7.557862095786	12
0	59	7.557862095786	12
0	59	7.557862095786	12
0	78	8.625006464096	13
0	78	8.625006464096	14
0	78	8.625006464096	14
0	78	8.625006464096	14
0	94	9.630550885126	15
0	94	9.630550885126	16
0	94	9.630550885126	16
0	94	9.630550885126	16
0	111	10.672348591983	17
0	111	10.672348591983	18
0	111	10.672348591983	18
0	111	10.672348591983	18
0	127	12.479559732852	19
0	127	12.479559732852	20
0	127	12.479559732852	20
0	127	12.479559732852	20
0	136	13.666186876846	21
0	136	13.666186876846	22
0	136	13.666186876846	22
0	136	13.666186876846	22
0	145	15.450978799741	23
0	145	15.450978799741	24
0	145	15.450978799741	24
0	145	15.450978799741	24
0	148	17.094290226949	25
0	148	17.094290226949	26
0	148	17.094290226949	26
0	148	17.094290226949	26
0	159	18.930807878282	27
0	159	18.930807878282	28
0	159	18.930807878282	28
0	159	18.930807878282	28
0	174	20.520589869721	29
0	174	20.520589869721	30
0	174	20.520589869721	30
0	174	20.520589869721	30
0	188	22.393717209827	31
0	188	22.393717209827	32
0	188	22.393717209827	32
0	188	22.393717209827	32
0	203	23.875175367594	33
0	203	23.875175367594	34
0	203	23.875175367594	34
0	203	23.875175367594	34
0	220	25.503356586229	35
0	220	25.503356586229	36
0	220	25.503356586229	36
0	220	25.503356586229	36
0	237	26.63475119371	37
0	237	26.63475119371	38
0	237	26.63475119371	38
0	237	26.63475119371	38
0	254	28.582174535161	39
0	254	28.582174535161	40
0	254	28.582174535161	40
0	254	28.582174535161	40
0	263	30.274573778054	41
0	263	30.274573778054	42
0	263	30.274573778054	42
0	263	30.274573778054	42
0	280	31.665548040085	43
0	280	31.665548040085	44
0	280	31.665548040085	44
0	280	31.665548040085	44
0	297	32.753335597478	45
0	297	32.753335597478	46
0	297	32.753335597478	46
0	297	32.753335597478	46
0	311	33.961377214426	47
0	311	33.961377214426	48
0	311	33.961377214426	48
0	311	33.961377214426	48
0	328	34.990526534868	49
0	328	34.990526534868	50
0	328	34.990526534868	50
0	328	34.990526534868	50
0	339	36.950232530264	51
0	339	36.950232530264	52
0	339	36.950232530264	52
0	339	36.950232530264	52
0	353	38.204459220422	53
0	353	38.204459220422	54
0	353	38.204459220422	54
0	353	38.204459220422	54
0	372	39.406819887477	55
0	372	39.406819887477	56
0	372	39.406819887477	56
0	372	39.406819887477	56
0	375	40.541246645636	57
0	375	40.541246645636	58
0	375	40.541246645636	58
0	375	40.541246645636	58
0	392	42.020426971856	59
0	392	42.020426971856	60
0	392	42.020426971856	60
0	392	42.020426971856	60
0	408	43.733618929302	61
0	408	43.733618929302	62
0	408	43.733618929302	62
0	408	43.733618929302	62
0	411	45.401340477885	63
0	411	45.401340477885	64
0	411	45.401340477885	64
0	411	45.401340477885	64
0	428	47.277280550468	65
0	428	47.277280550468	66
0	428	47.277280550468	66
0	428	47.277280550468	66
0	447	48.814587369579	67
0	447	48.814587369579	68
0	447	48.814587369579	68
0	447	48.814587369579	68
0	464	50.555289278058	69
0	464	50.555289278058	70
0	464	50.555289278058	70
0	464	50.555289278058	70
0	481	51.909683557711	71
0	481	51.909683557711	72
0	481	51.909683557711	72
0	481	51.909683557711	72
0	495	52.913019000571	73
0	495	52.913019000571	74
0	495	52.913019000571	74
0	495	52.913019000571	74
0	512	54.842368177157	75
0	512	54.842368177157	76
0	512	54.842368177157	76
0	512	54.842368177157	76
0	528	56.53898929527	77
0	528	56.53898929527	78
0	528	56.53898929527	78
0	528	56.53898929527	78
0	542	58.300613746764	79
0	542	58.300613746764	80
0	542	58.300613746764	80
0	542	58.300613746764	80
0	556	59.993787005329	81
0	556	59.993787005329	82
0	556	59.993787005329	82
0	556	59.993787005329	82
0	570	61.214679972985	83
0	570	61.214679972985	84
0	570	61.214679972985	84
0	570	61.214679972985	84
0	581	62.351642325073	85
0	581	62.351642325073	86
0	581	62.351642325073	86
0	581	62.351642325073	86
0	595	63.636628944678	87
0	595	63.636628944678	88
0	595	63.636628944678	88
0	595	63.636628944678	88
0	612	65.634908473603	89
0	612	65.634908473603	90
0	612	65.634908473603	90
0	612	65.634908473603	90
0	629	67.225661714347	91
0	629	67.225661714347	92
0	629	67.225661714347	92
0	629	67.225661714347	92
0	648	69.12151556557	93
0	648	69.12151556557	94
0	648	69.12151556557	94
0	648	69.12151556557	94
0	667	70.622721597338	95
0	667	70.622721597338	96
0	667	70.622721597338	96
0	667	70.622721597338	96
0	675	71.966179874744	97
0	675	71.966179874744	98
0	675	71.966179874744	98
0	675	71.966179874744	98
0	684	73.724744666386	99
0	684	73.724744666386	100
0	684	73.724744666386	100
0	684	73.724744666386	100
0	700	75.580287644425	101
0	700	75.580287644425	102
0	700	75.580287644425	102
0	700	75.580287644425	102
0	719	77.479117748811	103
0	719	77.479117748811	104
0	719	77.479117748811	104
0	719	77.479117748811	104
0	727	79.202243642899	105
0	727	79.202243642899	106
0	727	79.202243642899	106
0	727	79.202243642899	106
0	743	81.091674240324	107
0	743	81.091674240324	108
0	743	81.091674240324	108
0	743	81.091674240324	108
0	746	83.048823763867	109
0	746	83.048823763867	110
0	746	83.048823763867	110
0	746	83.048823763867	110
0	749	84.633238963568	111
0	749	84.633238963568	112
0	749	84.633238963568	112
0	749	84.633238963568	112
0	766	86.115167863219	113
0	766	86.115167863219	114
0	766	86.115167863219	114
0	766	86.115167863219	114
0	780	87.544875289331	115
0	780	87.544875289331	116
0	780	87.544875289331	116
0	780	87.544875289331	116
0	789	88.985320077062	117
0	789	88.985320077062	118
0	789	88.985320077062	118
0	789	88.985320077062	118
0	803	90.141081057739	119
0	803	90.141081057739	120
0	803	90.141081057739	120
0	803	90.141081057739	120
0	819	92.12116723812	121
0	819	92.12116723812	122
0	819	92.12116723812	122
0	819	92.12116723812	122
0	833	93.636517799011	123
0	833	93.636517799011	124
0	833	93.636517799011	124
0	833	93.636517799011	124
0	847	95.529295998643	125
0	847	95.529295998643	126
0	847	95.529295998643	126
0	847	95.529295998643	126
0	864	97.110063966148	127
0	864	97.110063966148	128
0	864	97.110063966148	128
0	864	97.110063966148	128
0	880	98.885585194471	129
0	880	98.885585194471	130
0	880	98.885585194471	130
0	880	98.885585194471	130
0	891	100.218480715313	131
0	891	100.218480715313	132
0	891	100.218480715313	132
0	891	100.218480715313	132
0	894	101.840665961168	133
0	894	101.840665961168	134
0	894	101.840665961168	134
0	894	101.840665961168	134
0	908	103.342822619499	135
0	908	103.342822619499	136
0	908	103.342822619499	136
0	908	103.342822619499	136
0	925	104.816208576569	137
0	925	104.816208576569	138
0	925	104.816208576569	138
0	925	104.816208576569	138
0	939	106.591383818788	139
0	939	106.591383818788	140
0	939	106.591383818788	140
0	939	106.591383818788	140
0	953	108.31532726881	141
0	953	108.31532726881	142
0	953	108.31532726881	142
0	953	108.31532726881	142
0	961	110.074307168386	143
0	961	110.074307168386	144
0	961	110.074307168386	144
0	961	110.074307168386	144
0	964	111.473489383719	145
0	964	111.473489383719	146
0	964	111.473489383719	146
0	964	111.473489383719	146
0	983	113.090024689696	147
0	983	113.090024689696	148
0	983	113.090024689696	148
0	983	113.090024689696	148
0	999	115.004361850693	149
0	999	115.004361850693	150
0	999	115.004361850693	150
0	999	115.004361850693	150
0	1015	116.189820426068	151
0	1015	116.189820426068	152
0	1015	116.189820426068	152
0	1015	116.189820426068	152
0	1023	117.714770808368	153
0	1023	117.714770808368	154
0	1023	117.714770808368	154
0	1023	117.714770808368	154
0	1038	119.486300976965	155
0	1038	119.486300976965	156
0	1038	119.486300976965	156
0	1038	119.486300976965	156
0	1054	121.108143573878	157
0	1054	121.108143573878	158
0	1054	121.108143573878	158
0	1054	121.108143573878	158
0	1068	122.390779370227	159
0	1068	122.390779370227	160
0	1068	122.390779370227	160
0	1068	122.390779370227	160
0	1085	123.39846305225	161
0	1085	123.39846305225	162
0	1085	123.39846305225	162
0	1085	123.39846305225	162
0	1101	124.587047699159	163
0	1101	124.587047699159	164
0	1101	124.587047699159	164
0	1101	124.587047699159	164
0	1120	126.016901978543	165
0	1120	126.016901978543	166
0	1120	126.016901978543	166
0	1120	126.016901978543	166
0	1131	127.729354535248	167
0	1131	127.729354535248	168
0	1131	127.729354535248	168
0	1131	127.729354535248	168
0	1148	128.991911415495	169
0	1148	128.991911415495	170
0	1148	128.991911415495	170
0	1148	128.991911415495	170
0	1167	130.975367741212	171
0	1167	130.975367741212	172
0	1167	130.975367741212	172
0	1167	130.975367741212	172
0	1183	132.272538532288	173
0	1183	132.272538532288	174
0	1183	132.272538532288	174
0	1183	132.272538532288	174
0	1202	134.067003194493	175
0	1202	134.067003194493	176
0	1202	134.067003194493	176
0	1202	134.067003194493	176
0	1205	135.740468116727	177
0	1205	135.740468116727	178
0	1205	135.740468116727	178
0	1205	135.740468116727	178
0	1210	137.668865691422	179
0	1210	137.668865691422	180
0	1210	137.668865691422	180
0	1210	137.668865691422	180
0	1229	139.137177602405	181
0	1229	139.137177602405	182
0	1229	139.137177602405	182
0	1229	139.137177602405	182
0	1232	140.354200835357	183
0	1232	140.354200835357	184
0	1232	140.354200835357	184
0	1232	140.354200835357	184
0	1249	141.891724046803	185
0	1249	141.891724046803	186
0	1249	141.891724046803	186
0	1249	141.891724046803	186
0	1268	143.254302429519	187
0	1268	143.254302429519	188
0	1268	143.254302429519	188
0	1268	143.254302429519	188
0	1276	144.354520011013	189
0	1276	144.354520011013	190
0	1276	144.354520011013	190
0	1276	144.354520011013	190
0	1293	146.3313843494	191
0	1293	146.3313843494	192
0	1293	146.3313843494	192
0	1293	146.3313843494	192
0	1310	148.318718586834	193
0	1310	148.318718586834	194
0	1310	148.318718586834	194
0	1310	148.318718586834	194
0	1327	150.210508666951	195
0	1327	150.210508666951	196
0	1327	150.210508666951	196
0	1327	150.210508666951	196
0	1344	151.786282398058	197
0	1344	151.786282398058	198
0	1344	151.786282398058	198
0	1344	151.786282398058	198
0	1361	153.523646197533	199
0	1361	153.523646197533	200
0	1361	153.523646197533	200
0	1361	153.523646197533	200
0	1376	155.026246097423	201
0	1376	155.026246097423	202
0	1376	155.026246097423	202
0	1376	155.026246097423	202
0	1387	156.307651110012	203
0	1387	156.307651110012	204
0	1387	156.307651110012	204
0	1387	156.307651110012	204
0	1406	158.263173013013	205
0	1406	158.263173013013	206
0	1406	158.263173013013	206
0	1406	158.263173013013	206
0	1425	159.479334134162	207
0	1425	159.479334134162	208
0	1425	159.479334134162	208
0	1425	159.479334134162	208
0	1439	160.718603526494	209
0	1439	160.718603526494	210
0	1439	160.718603526494	210
0	1439	160.718603526494	210
0	1442	162.032608028753	211
0	1442	162.032608028753	212
0	1442	162.032608028753	212
0	1442	162.032608028753	212
0	1456	163.693112089318	213
0	1456	163.693112089318	214
0	1456	163.693112089318	214
0	1456	163.693112089318	214
0	1472	165.688092102782	215
0	1472	165.688092102782	216
0	1472	165.688092102782	216
0	1472	165.688092102782	216
0	1489	166.725311211796	217
0	1489	166.725311211796	218
0	1489	166.725311211796	218
0	1489	166.725311211796	218
0	1508	168.233768677825	219
0	1508	168.233768677825	220
0	1508	168.233768677825	220
0	1508	168.233768677825	220
0	1511	169.260939605787	221
0	1511	169.260939605787	222
0	1511	169.260939605787	222
0	1511	169.260939605787	222
0	1528	170.549073460998	223
0	1528	170.549073460998	224
0	1528	170.549073460998	224
0	1528	170.549073460998	224
0	1531	172.429825180463	225
0	1531	172.429825180463	226
0	1531	172.429825180463	226
0	1531	172.429825180463	226
0	1542	174.107329514829	227
0	1542	174.107329514829	228
0	1542	174.107329514829	228
0	1542	174.107329514829	228
0	1556	175.321061671964	229
0	1556	175.321061671964	230
0	1556	175.321061671964	230
0	1556	175.321061671964	230
0	1570	176.9478622277	231
0	1570	176.9478622277	232
0	1570	176.9478622277	232
0	1570	176.9478622277	232
0	1586	178.759002099765	233
0	1586	178.759002099765	234
0	1586	178.759002099765	234
0	1586	178.759002099765	234
0	1595	180.593257108025	235
0	1595	180.593257108025	236
0	1595	180.593257108025	236
0	1595	180.593257108025	236
0	1611	182.124606220305	237
0	1611	182.124606220305	238
0	1611	182.124606220305	238
0	1611	182.124606220305	238
0	1625	183.926759876331	239
0	1625	183.926759876331	240
0	1625	183.926759876331	240
0	1625	183.926759876331	240
0	1642	185.338074591729	241
0	1642	185.338074591729	242
0	1642	185.338074591729	242
0	1642	185.338074591729	242
0	1659	187.177944420391	243
0	1659	187.177944420391	244
0	1659	187.177944420391	244
0	1659	187.177944420391	244
0	1676	189.152295176891	245
0	1676	189.152295176891	246
0	1676	189.152295176891	246
0	1676	189.152295176891	246
0	1695	190.809994087574	247
0	1695	190.809994087574	248
0	1695	190.809994087574	248
0	1695	190.809994087574	248
0	1698	192.55712243381	249
0	1698	192.55712243381	250
0	1698	192.55712243381	250
0	1698	192.55712243381	250
0	1703	193.867493915623	251
0	1703	193.867493915623	252
0	1703	193.867493915623	252
0	1703	193.867493915623	252
0	1717	195.387228152733	253
0	1717	195.387228152733	254
0	1717	195.387228152733	254
0	1717	195.387228152733	254
0	1731	196.650845835702	255
0	1731	196.650845835702	256
0	1731	196.650845835702	256
0	1731	196.650845835702	256
0	1748	197.838756706817	257
0	1748	197.838756706817	258
0	1748	197.838756706817	258
0	1748	197.838756706817	258
0	1751	199.545734408796	259
0	1751	199.545734408796	260
0	1751	199.545734408796	260
0	1751	199.545734408796	260
0	1754	201.395642558597	261
0	1754	201.395642558597	262
0	1754	201.395642558597	262
0	1754	201.395642558597	262
0	1765	202.902183717135	263
0	1765	202.902183717135	264
0	1765	202.902183717135	264
0	1765	202.902183717135	264
0	1770	204.382403753018	265
0	1770	204.382403753018	266
0	1770	204.382403753018	266
0	1770	204.382403753018	266
0	1787	206.276924862312	267
0	1787	206.276924862312	268
0	1787	206.276924862312	268
0	1787	206.276924862312	268
0	1806	207.37483534242	269
0	1806	207.37483534242	270
0	1806	207.37483534242	270
0	1806	207.37483534242	270
0	1825	208.669173011807	271
0	1825	208.669173011807	272
0	1825	208.669173011807	272
0	1825	208.669173011807	272
0	1844	210.269436584571	273
0	1844	210.269436584571	274
0	1844	210.269436584571	274
0	1844	210.269436584571	274
0	1861	212.236377473008	275
0	1861	212.236377473008	276
0	1861	212.236377473008	276
0	1861	212.236377473008	276
0	1880	213.440345261498	277
0	1880	213.440345261498	278
0	1880	213.440345261498	278
0	1880	213.440345261498	278
0	1897	215.179956109981	279
0	1897	215.179956109981	280
0	1897	215.179956109981	280
0	1897	215.179956109981	280
0	1900	216.938369649948	281
0	1900	216.938369649948	282
0	1900	216.938369649948	282
0	1900	216.938369649948	282
0	1914	218.919278567444	283
0	1914	218.919278567444	284
0	1914	218.919278567444	284
0	1914	218.919278567444	284
0	1931	220.438531434649	285
0	1931	220.438531434649	286
0	1931	220.438531434649	286
0	1931	220.438531434649	286
0	1939	222.000711169114	287
0	1939	222.000711169114	288
0	1939	222.000711169114	288
0	1939	222.000711169114	288
0	1958	223.973583988167	289
0	1958	223.973583988167	290
0	1958	223.973583988167	290
0	1958	223.973583988167	290
0	1972	225.713150697082	291
0	1972	225.713150697082	292
0	1972	225.713150697082	292
0	1972	225.713150697082	292
0	1986	227.171620721483	293
0	1986	227.171620721483	294
0	1986	227.171620721483	294
0	1986	227.171620721483	294
0	1989	228.329919219735	295
0	1989	228.329919219735	296
0	1989	228.329919219735	296
0	1989	228.329919219735	296
0	1997	229.65908901861	297
0	1997	229.65908901861	298
0	1997	229.65908901861	298
0	1997	229.65908901861	298
0	2002	230.757484938503	299
0	2002	230.757484938503	300
0	2002	230.757484938503	300
0	2002	230.757484938503	300
0	2019	231.81908440522	301
0	2019	231.81908440522	302
0	2019	231.81908440522	302
0	2019	231.81908440522	302
0	2031	233.185478405581	303
0	2031	233.185478405581	304
0	2031	233.185478405581	304
0	2031	233.185478405581	304
0	2037	234.479261198566	305
0	2037	234.479261198566	306
0	2037	234.479261198566	306
0	2037	234.479261198566	306
0	2051	235.830602827734	307
0	2051	235.830602827734	308
0	2051	235.830602827734	308
0	2051	235.830602827734	308
0	2068	237.351242164169	309
0	2068	237.351242164169	310
0	2068	237.351242164169	310
0	2068	237.351242164169	310
0	2085	238.986163821323	311
0	2085	238.986163821323	312
0	2085	238.986163821323	312
0	2085	238.986163821323	312
1	2	0.117765014803	1
1	2	0.117765014803	2
1	31	4.759734362531	3
1	31	4.759734362531	4
1	46	6.327471209359	5
1	46	6.327471209359	6
1	61	7.65985427208	7
1	61	7.65985427208	8
1	79	8.784988405667	9
1	79	8.784988405667	10
1	96	9.833418204493	11
1	96	9.833418204493	12
1	115	10.866855733737	13
1	115	10.866855733737	14
1	150	17.279617946655	15
1	150	17.279617946655	16
1	175	20.579929338284	17
1	175	20.579929338284	18
1	205	23.968958861395	19
1	205	23.968958861395	20
1	221	25.63275459602	21
1	221	25.63275459602	22
1	239	26.822069385383	23
1	239	26.822069385383	24
1	264	30.318472241557	25
1	264	30.318472241557	26
1	282	31.853417160926	27
1	282	31.853417160926	28
1	313	34.160862401118	29
1	313	34.160862401118	30
1	329	35.074626510001	31
1	329	35.074626510001	32
1	341	37.039633076708	33
1	341	37.039633076708	34
1	361	38.540934968972	35
1	361	38.540934968972	36
1	376	40.657208410973	37
1	376	40.657208410973	38
1	396	42.212768264026	39
1	396	42.212768264026	40
1	412	45.461989276322	41
1	412	45.461989276322	42
1	430	47.439435705805	43
1	430	47.439435705805	44
1	448	48.922292839919	45
1	448	48.922292839919	46
1	469	50.785330515345	47
1	469	50.785330515345	48
1	482	52.008747832281	49
1	482	52.008747832281	50
1	496	52.96820323725	51
1	496	52.96820323725	52
1	520	55.123589624619	53
1	520	55.123589624619	54
1	533	56.700397914441	55
1	533	56.700397914441	56
1	544	58.373685924944	57
1	544	58.373685924944	58
1	563	60.145649507501	59
1	563	60.145649507501	60
1	578	61.671054140445	61
1	578	61.671054140445	62
1	582	62.406055400248	63
1	582	62.406055400248	64
1	596	63.697786962122	65
1	596	63.697786962122	66
1	613	65.719458911155	67
1	613	65.719458911155	68
1	631	67.336440689983	69
1	631	67.336440689983	70
1	649	69.168004812668	71
1	649	69.168004812668	72
1	668	70.774152202853	73
1	668	70.774152202853	74
1	686	73.767471581278	75
1	686	73.767471581278	76
1	701	75.69123014172	77
1	701	75.69123014172	78
1	721	77.594155366576	79
1	721	77.594155366576	80
1	728	79.261590106391	81
1	728	79.261590106391	82
1	751	84.770935125166	83
1	751	84.770935125166	84
1	768	86.197087125037	85
1	768	86.197087125037	86
1	790	89.008576822009	87
1	790	89.008576822009	88
1	804	90.262103821408	89
1	804	90.262103821408	90
1	821	92.225952310267	91
1	821	92.225952310267	92
1	835	93.740156582874	93
1	835	93.740156582874	94
1	848	95.581583939664	95
1	848	95.581583939664	96
1	865	97.190654860079	97
1	865	97.190654860079	98
1	888	99.325106226482	99
1	888	99.325106226482	100
1	905	102.145269528359	101
1	905	102.145269528359	102
1	911	103.496820299082	103
1	911	103.496820299082	104
1	927	104.89039378663	105
1	927	104.89039378663	106
1	940	106.690094332252	107
1	940	106.690094332252	108
1	954	108.367979973325	109
1	954	108.367979973325	110
1	967	111.613747409896	111
1	967	111.613747409896	112
1	985	113.211895830572	113
1	985	113.211895830572	114
1	1000	115.064455786025	115
1	1000	115.064455786025	116
1	1017	116.295639795532	117
1	1017	116.295639795532	118
1	1049	119.933715086678	119
1	1049	119.933715086678	120
1	1058	121.388389152188	121
1	1058	121.388389152188	122
1	1069	122.519346234902	123
1	1069	122.519346234902	124
1	1086	123.553007493666	125
1	1086	123.553007493666	126
1	1102	124.644904236069	127
1	1102	124.644904236069	128
1	1121	126.124351084023	129
1	1121	126.124351084023	130
1	1132	127.758253226685	131
1	1132	127.758253226685	132
1	1149	129.053574773085	133
1	1149	129.053574773085	134
1	1168	131.101794291171	135
1	1168	131.101794291171	136
1	1184	132.320303436845	137
1	1184	132.320303436845	138
1	1207	135.789693229427	139
1	1207	135.789693229427	140
1	1211	137.840226202212	141
1	1211	137.840226202212	142
1	1233	140.387341344395	143
1	1233	140.387341344395	144
1	1250	141.924007673912	145
1	1250	141.924007673912	146
1	1269	143.280870512248	147
1	1269	143.280870512248	148
1	1277	144.389698306271	149
1	1277	144.389698306271	150
1	1294	146.442921202674	151
1	1294	146.442921202674	152
1	1312	148.52398890285	153
1	1312	148.52398890285	154
1	1345	151.809410486943	155
1	1345	151.809410486943	156
1	1377	155.099097082731	157
1	1377	155.099097082731	158
1	1388	156.394608377686	159
1	1388	156.394608377686	160
1	1408	158.341378542474	161
1	1408	158.341378542474	162
1	1429	159.626693752045	163
1	1429	159.626693752045	164
1	1443	162.200741505735	165
1	1443	162.200741505735	166
1	1466	164.023294448259	167
1	1466	164.023294448259	168
1	1473	165.773876094668	169
1	1473	165.773876094668	170
1	1490	166.797433578406	171
1	1490	166.797433578406	172
1	1515	169.429842874493	173
1	1515	169.429842874493	174
1	1533	172.523351916572	175
1	1533	172.523351916572	176
1	1544	174.296446066789	177
1	1544	174.296446066789	178
1	1557	175.417579281541	179
1	1557	175.417579281541	180
1	1571	177.052409017329	181
1	1571	177.052409017329	182
1	1601	180.886792072632	183
1	1601	180.886792072632	184
1	1613	182.210343771679	185
1	1613	182.210343771679	186
1	1630	184.119350929539	187
1	1630	184.119350929539	188
1	1644	185.545395559651	189
1	1644	185.545395559651	190
1	1664	187.380632610033	191
1	1664	187.380632610033	192
1	1677	189.254394706214	193
1	1677	189.254394706214	194
1	1700	192.739998769006	195
1	1700	192.739998769006	196
1	1704	193.895868053986	197
1	1704	193.895868053986	198
1	1721	195.537591789884	199
1	1721	195.537591789884	200
1	1743	197.069270131348	201
1	1743	197.069270131348	202
1	1756	201.516977582411	203
1	1756	201.516977582411	204
1	1766	202.927550944448	205
1	1766	202.927550944448	206
1	1772	204.549436655268	207
1	1772	204.549436655268	208
1	1788	206.324092691415	209
1	1788	206.324092691415	210
1	1808	207.483820001902	211
1	1808	207.483820001902	212
1	1826	208.740935072856	213
1	1826	208.740935072856	214
1	1845	210.389612681665	215
1	1845	210.389612681665	216
1	1862	212.408628605825	217
1	1862	212.408628605825	218
1	1883	213.594794238534	219
1	1883	213.594794238534	220
1	1901	217.031516030146	221
1	1901	217.031516030146	222
1	1917	219.026928684412	223
1	1917	219.026928684412	224
1	1932	220.465874605343	225
1	1932	220.465874605343	226
1	1941	222.136659585439	227
1	1941	222.136659585439	228
1	1963	224.106032995637	229
1	1963	224.106032995637	230
1	1973	225.786562262261	231
1	1973	225.786562262261	232
1	1990	228.367936489271	233
1	1990	228.367936489271	234
1	1999	229.745794316407	235
1	1999	229.745794316407	236
1	2004	230.859456833392	237
1	2004	230.859456833392	238
1	2038	234.562863523856	239
1	2038	234.562863523856	240
1	2053	235.952161243084	241
1	2053	235.952161243084	242
1	2086	239.008409653199	243
1	2086	239.008409653199	244
2	2	0.117765014803	1
2	31	4.759734362531	2
2	32	4.792157560529	3
2	46	6.327471209359	4
2	50	6.515903263506	5
2	61	7.65985427208	6
2	71	7.967485239482	7
2	79	8.784988405667	8
2	87	8.978968639152	9
2	96	9.833418204493	10
2	104	10.042045743161	11
2	115	10.866855733737	12
2	124	11.064464651703	13
2	150	17.279617946655	14
2	175	20.579929338284	15
2	179	20.712459994457	16
2	205	23.968958861395	17
2	210	24.095181155934	18
2	221	25.63275459602	19
2	224	25.704322574976	20
2	239	26.822069385383	21
2	250	27.043916673556	22
2	264	30.318472241557	23
2	269	30.448197260499	24
2	282	31.853417160926	25
2	285	32.025572095176	26
2	313	34.160862401118	27
2	315	34.256501552858	28
2	329	35.074626510001	29
2	335	35.380268281565	30
2	341	37.039633076708	31
2	349	37.222128200151	32
2	361	38.540934968972	33
2	376	40.657208410973	34
2	396	42.212768264026	35
2	412	45.461989276322	36
2	417	45.754635910217	37
2	430	47.439435705805	38
2	441	47.661626656076	39
2	448	48.922292839919	40
2	457	49.195544627918	41
2	469	50.785330515345	42
2	482	52.008747832281	43
2	496	52.96820323725	44
2	520	55.123589624619	45
2	533	56.700397914441	46
2	539	56.841980405871	47
2	544	58.373685924944	48
2	550	58.580210056421	49
2	563	60.145649507501	50
2	578	61.671054140445	51
2	582	62.406055400248	52
2	589	62.612969980584	53
2	596	63.697786962122	54
2	601	63.807289108067	55
2	613	65.719458911155	56
2	617	65.971662550207	57
2	631	67.336440689983	58
2	639	67.514798569392	59
2	649	69.168004812668	60
2	660	69.363403071631	61
2	668	70.774152202853	62
2	674	71.101896998612	63
2	686	73.767471581278	64
2	694	73.978444824809	65
2	701	75.69123014172	66
2	708	75.857160299711	67
2	721	77.594155366576	68
2	728	79.261590106391	69
2	737	79.504026565576	70
2	751	84.770935125166	71
2	768	86.197087125037	72
2	778	86.471059948841	73
2	790	89.008576822009	74
2	794	89.079547991204	75
2	804	90.262103821408	76
2	813	90.510668826009	77
2	821	92.225952310267	78
2	827	92.37879099167	79
2	835	93.740156582874	80
2	848	95.581583939664	81
2	856	95.865898205167	82
2	865	97.190654860079	83
2	874	97.475856496217	84
2	888	99.325106226482	85
2	905	102.145269528359	86
2	911	103.496820299082	87
2	927	104.89039378663	88
2	935	105.068097318443	89
2	940	106.690094332252	90
2	945	106.885680202581	91
2	954	108.367979973325	92
2	967	111.613747409896	93
2	985	113.211895830572	94
2	987	113.244867794774	95
2	1000	115.064455786025	96
2	1007	115.249679715644	97
2	1017	116.295639795532	98
2	1020	116.384263346592	99
2	1049	119.933715086678	100
2	1058	121.388389152188	101
2	1069	122.519346234902	102
2	1072	122.659725211869	103
2	1086	123.553007493666	104
2	1092	123.793200720656	105
2	1102	124.644904236069	106
2	1106	124.867931805001	107
2	1121	126.124351084023	108
2	1132	127.758253226685	109
2	1139	127.996467286418	110
2	1149	129.053574773085	111
2	1168	131.101794291171	112
2	1184	132.320303436845	113
2	1189	132.510169907822	114
2	1207	135.789693229427	115
2	1211	137.840226202212	116
2	1216	138.058260144406	117
2	1233	140.387341344395	118
2	1241	140.649649973101	119
2	1250	141.924007673912	120
2	1253	142.049430444221	121
2	1269	143.280870512248	122
2	1274	143.519536243685	123
2	1277	144.389698306271	124
2	1286	144.650516330407	125
2	1294	146.442921202674	126
2	1312	148.52398890285	127
2	1318	148.614522196364	128
2	1345	151.809410486943	129
2	1349	151.932331563101	130
2	1377	155.099097082731	131
2	1388	156.394608377686	132
2	1392	156.665446817872	133
2	1408	158.341378542474	134
2	1413	158.505050917476	135
2	1429	159.626693752045	136
2	1438	159.825191723187	137
2	1443	162.200741505735	138
2	1447	162.417931614521	139
2	1466	164.023294448259	140
2	1473	165.773876094668	141
2	1481	165.988090337093	142
2	1490	166.797433578406	143
2	1495	166.896830543768	144
2	1515	169.429842874493	145
2	1522	169.573577744869	146
2	1533	172.523351916572	147
2	1537	172.677854602997	148
2	1544	174.296446066789	149
2	1550	174.465169600701	150
2	1557	175.417579281541	151
2	1571	177.052409017329	152
2	1601	180.886792072632	153
2	1613	182.210343771679	154
2	1630	184.119350929539	155
2	1637	184.282851228082	156
2	1644	185.545395559651	157
2	1647	185.667820115579	158
2	1664	187.380632610033	159
2	1677	189.254394706214	160
2	1682	189.562649133305	161
2	1700	192.739998769006	162
2	1704	193.895868053986	163
2	1709	194.052595310971	164
2	1721	195.537591789884	165
2	1743	197.069270131348	166
2	1756	201.516977582411	167
2	1761	201.791006400858	168
2	1766	202.927550944448	169
2	1772	204.549436655268	170
2	1788	206.324092691415	171
2	1792	206.451052552592	172
2	1808	207.483820001902	173
2	1826	208.740935072856	174
2	1839	209.05282042839	175
2	1845	210.389612681665	176
2	1859	210.731376488089	177
2	1862	212.408628605825	178
2	1883	213.594794238534	179
2	1894	213.817008017866	180
2	1901	217.031516030146	181
2	1906	217.217487546492	182
2	1917	219.026928684412	183
2	1927	219.219738860587	184
2	1932	220.465874605343	185
2	1937	220.649859386225	186
2	1941	222.136659585439	187
2	1963	224.106032995637	188
2	1973	225.786562262261	189
2	1982	226.007111768401	190
2	1990	228.367936489271	191
2	1999	229.745794316407	192
2	2004	230.859456833392	193
2	2009	231.132885964362	194
2	2038	234.562863523856	195
2	2053	235.952161243084	196
2	2056	236.15228842567	197
2	2086	239.008409653199	198
3	3	0.148004626979	1
3	3	0.148004626979	2
3	3	0.148004626979	3
3	27	4.689979701256	4
3	27	4.689979701256	5
3	27	4.689979701256	6
3	49	6.451285210112	7
3	49	6.451285210112	8
3	49	6.451285210112	9
3	60	7.624825770806	10
3	60	7.624825770806	11
3	60	7.624825770806	12
3	81	8.82105034631	13
3	81	8.82105034631	14
3	81	8.82105034631	15
3	95	9.710070004475	16
3	95	9.710070004475	17
3	95	9.710070004475	18
3	112	10.733351807485	19
3	112	10.733351807485	20
3	112	10.733351807485	21
3	128	12.546263853465	22
3	128	12.546263853465	23
3	128	12.546263853465	24
3	138	13.853385043565	25
3	138	13.853385043565	26
3	138	13.853385043565	27
3	155	17.481188950501	28
3	155	17.481188950501	29
3	155	17.481188950501	30
3	160	19.018663515884	31
3	160	19.018663515884	32
3	160	19.018663515884	33
3	176	20.609451072351	34
3	176	20.609451072351	35
3	176	20.609451072351	36
3	189	22.476773214822	37
3	189	22.476773214822	38
3	189	22.476773214822	39
3	204	23.908045063035	40
3	204	23.908045063035	41
3	204	23.908045063035	42
3	223	25.678400225562	43
3	223	25.678400225562	44
3	223	25.678400225562	45
3	238	26.798393665066	46
3	238	26.798393665066	47
3	238	26.798393665066	48
3	255	28.651475811915	49
3	255	28.651475811915	50
3	255	28.651475811915	51
3	270	30.59978441457	52
3	270	30.59978441457	53
3	270	30.59978441457	54
3	287	32.086479216766	55
3	287	32.086479216766	56
3	287	32.086479216766	57
3	298	32.776856220239	58
3	298	32.776856220239	59
3	298	32.776856220239	60
3	323	34.579436221206	61
3	323	34.579436221206	62
3	323	34.579436221206	63
3	340	37.018406701714	64
3	340	37.018406701714	65
3	340	37.018406701714	66
3	355	38.347727156796	67
3	355	38.347727156796	68
3	355	38.347727156796	69
3	377	40.681187451104	70
3	377	40.681187451104	71
3	377	40.681187451104	72
3	393	42.09906266791	73
3	393	42.09906266791	74
3	393	42.09906266791	75
3	416	45.703648483473	76
3	416	45.703648483473	77
3	416	45.703648483473	78
3	429	47.43197260403	79
3	429	47.43197260403	80
3	429	47.43197260403	81
3	449	48.941638316404	82
3	449	48.941638316404	83
3	449	48.941638316404	84
3	465	50.651316740659	85
3	465	50.651316740659	86
3	465	50.651316740659	87
3	483	52.096748079138	88
3	483	52.096748079138	89
3	483	52.096748079138	90
3	498	53.004974498637	91
3	498	53.004974498637	92
3	498	53.004974498637	93
3	513	54.947796927712	94
3	513	54.947796927712	95
3	513	54.947796927712	96
3	529	56.564492640991	97
3	529	56.564492640991	98
3	529	56.564492640991	99
3	548	58.535317997036	100
3	548	58.535317997036	101
3	548	58.535317997036	102
3	557	60.016709108005	103
3	557	60.016709108005	104
3	557	60.016709108005	105
3	572	61.321979664955	106
3	572	61.321979664955	107
3	572	61.321979664955	108
3	585	62.532261003237	109
3	585	62.532261003237	110
3	585	62.532261003237	111
3	597	63.717881485712	112
3	597	63.717881485712	113
3	597	63.717881485712	114
3	619	66.098227303563	115
3	619	66.098227303563	116
3	619	66.098227303563	117
3	630	67.255684182944	118
3	630	67.255684182944	119
3	630	67.255684182944	120
3	651	69.237229259312	121
3	651	69.237229259312	122
3	651	69.237229259312	123
3	676	71.990938168477	124
3	676	71.990938168477	125
3	676	71.990938168477	126
3	685	73.764768741598	127
3	685	73.764768741598	128
3	685	73.764768741598	129
3	702	75.69553251391	130
3	702	75.69553251391	131
3	702	75.69553251391	132
3	729	79.300140665412	133
3	729	79.300140665412	134
3	729	79.300140665412	135
3	755	85.05089372513	136
3	755	85.05089372513	137
3	755	85.05089372513	138
3	767	86.13799098421	139
3	767	86.13799098421	140
3	767	86.13799098421	141
3	781	87.64699385556	142
3	781	87.64699385556	143
3	781	87.64699385556	144
3	793	89.078652196702	145
3	793	89.078652196702	146
3	793	89.078652196702	147
3	806	90.334080216979	148
3	806	90.334080216979	149
3	806	90.334080216979	150
3	820	92.208509021609	151
3	820	92.208509021609	152
3	820	92.208509021609	153
3	834	93.709546814171	154
3	834	93.709546814171	155
3	834	93.709546814171	156
3	850	95.738301951861	157
3	850	95.738301951861	158
3	850	95.738301951861	159
3	867	97.297509958102	160
3	867	97.297509958102	161
3	867	97.297509958102	162
3	882	99.016882677082	163
3	882	99.016882677082	164
3	882	99.016882677082	165
3	895	101.898055611925	166
3	895	101.898055611925	167
3	895	101.898055611925	168
3	909	103.438908918271	169
3	909	103.438908918271	170
3	909	103.438908918271	171
3	926	104.884676344271	172
3	926	104.884676344271	173
3	926	104.884676344271	174
3	942	106.800558655909	175
3	942	106.800558655909	176
3	942	106.800558655909	177
3	965	111.535803704757	178
3	965	111.535803704757	179
3	965	111.535803704757	180
3	984	113.12605501271	181
3	984	113.12605501271	182
3	984	113.12605501271	183
3	1001	115.070447322614	184
3	1001	115.070447322614	185
3	1001	115.070447322614	186
3	1025	117.798174446601	187
3	1025	117.798174446601	188
3	1025	117.798174446601	189
3	1040	119.65694105646	190
3	1040	119.65694105646	191
3	1040	119.65694105646	192
3	1056	121.305183414346	193
3	1056	121.305183414346	194
3	1056	121.305183414346	195
3	1076	122.831274946156	196
3	1076	122.831274946156	197
3	1076	122.831274946156	198
3	1090	123.706335088473	199
3	1090	123.706335088473	200
3	1090	123.706335088473	201
3	1107	124.915940091474	202
3	1107	124.915940091474	203
3	1107	124.915940091474	204
3	1122	126.203276900579	205
3	1122	126.203276900579	206
3	1122	126.203276900579	207
3	1135	127.852739678919	208
3	1135	127.852739678919	209
3	1135	127.852739678919	210
3	1150	129.129012114638	211
3	1150	129.129012114638	212
3	1150	129.129012114638	213
3	1174	131.490677259303	214
3	1174	131.490677259303	215
3	1174	131.490677259303	216
3	1186	132.476018082468	217
3	1186	132.476018082468	218
3	1186	132.476018082468	219
3	1222	138.434017106428	220
3	1222	138.434017106428	221
3	1222	138.434017106428	222
3	1234	140.459771111597	223
3	1234	140.459771111597	224
3	1234	140.459771111597	225
3	1251	141.948167259257	226
3	1251	141.948167259257	227
3	1251	141.948167259257	228
3	1278	144.438788287658	229
3	1278	144.438788287658	230
3	1278	144.438788287658	231
3	1295	146.526284105852	232
3	1295	146.526284105852	233
3	1295	146.526284105852	234
3	1311	148.511817378187	235
3	1311	148.511817378187	236
3	1311	148.511817378187	237
3	1329	150.31303013304	238
3	1329	150.31303013304	239
3	1329	150.31303013304	240
3	1350	151.995448298475	241
3	1350	151.995448298475	242
3	1350	151.995448298475	243
3	1363	153.629347377692	244
3	1363	153.629347377692	245
3	1363	153.629347377692	246
3	1378	155.141246606291	247
3	1378	155.141246606291	248
3	1378	155.141246606291	249
3	1394	156.749146659972	250
3	1394	156.749146659972	251
3	1394	156.749146659972	252
3	1407	158.326324980003	253
3	1407	158.326324980003	254
3	1407	158.326324980003	255
3	1426	159.506628386495	256
3	1426	159.506628386495	257
3	1426	159.506628386495	258
3	1448	162.493799793888	259
3	1448	162.493799793888	260
3	1448	162.493799793888	261
3	1457	163.812518437554	262
3	1457	163.812518437554	263
3	1457	163.812518437554	264
3	1475	165.867276121384	265
3	1475	165.867276121384	266
3	1475	165.867276121384	267
3	1491	166.82881210243	268
3	1491	166.82881210243	269
3	1491	166.82881210243	270
3	1512	169.285090666575	271
3	1512	169.285090666575	272
3	1512	169.285090666575	273
3	1532	172.471954719747	274
3	1532	172.471954719747	275
3	1532	172.471954719747	276
3	1543	174.242356186625	277
3	1543	174.242356186625	278
3	1543	174.242356186625	279
3	1563	175.649165193845	280
3	1563	175.649165193845	281
3	1563	175.649165193845	282
3	1575	177.207396847962	283
3	1575	177.207396847962	284
3	1575	177.207396847962	285
3	1588	178.870801737205	286
3	1588	178.870801737205	287
3	1588	178.870801737205	288
3	1597	180.729179852611	289
3	1597	180.729179852611	290
3	1597	180.729179852611	291
3	1612	182.170688191582	292
3	1612	182.170688191582	293
3	1612	182.170688191582	294
3	1626	183.973458747225	295
3	1626	183.973458747225	296
3	1626	183.973458747225	297
3	1643	185.53862681792	298
3	1643	185.53862681792	299
3	1643	185.53862681792	300
3	1660	187.280535292703	301
3	1660	187.280535292703	302
3	1660	187.280535292703	303
3	1687	189.955164538611	304
3	1687	189.955164538611	305
3	1687	189.955164538611	306
3	1708	194.009504524877	307
3	1708	194.009504524877	308
3	1708	194.009504524877	309
3	1718	195.438518168775	310
3	1718	195.438518168775	311
3	1718	195.438518168775	312
3	1733	196.746903133618	313
3	1733	196.746903133618	314
3	1733	196.746903133618	315
3	1775	204.720758319173	316
3	1775	204.720758319173	317
3	1775	204.720758319173	318
3	1791	206.435583888132	319
3	1791	206.435583888132	320
3	1791	206.435583888132	321
3	1817	207.737446221776	322
3	1817	207.737446221776	323
3	1817	207.737446221776	324
3	1827	208.784182707145	325
3	1827	208.784182707145	326
3	1827	208.784182707145	327
3	1846	210.424628179143	328
3	1846	210.424628179143	329
3	1846	210.424628179143	330
3	1868	212.764386987732	331
3	1868	212.764386987732	332
3	1868	212.764386987732	333
3	1881	213.534951776094	334
3	1881	213.534951776094	335
3	1881	213.534951776094	336
3	1905	217.206336876023	337
3	1905	217.206336876023	338
3	1905	217.206336876023	339
3	1915	218.97644608501	340
3	1915	218.97644608501	341
3	1915	218.97644608501	342
3	1940	222.097195831953	343
3	1940	222.097195831953	344
3	1940	222.097195831953	345
3	1959	224.015037640812	346
3	1959	224.015037640812	347
3	1959	224.015037640812	348
3	1975	225.897505473792	349
3	1975	225.897505473792	350
3	1975	225.897505473792	351
3	2014	231.353635610241	352
3	2014	231.353635610241	353
3	2014	231.353635610241	354
3	2020	231.926981742339	355
3	2020	231.926981742339	356
3	2020	231.926981742339	357
3	2033	233.333257188819	358
3	2033	233.333257188819	359
3	2033	233.333257188819	360
3	2043	234.754481736462	361
3	2043	234.754481736462	362
3	2043	234.754481736462	363
3	2062	236.344339749692	364
3	2062	236.344339749692	365
3	2062	236.344339749692	366
3	2070	237.470772957337	367
3	2070	237.470772957337	368
3	2070	237.470772957337	369
4	3	0.148004626979	1
4	27	4.689979701256	2
4	49	6.451285210112	3
4	53	6.596251188293	4
4	58	6.834157827753	5
4	60	7.624825770806	6
4	72	7.97858463305	7
4	81	8.82105034631	8
4	83	8.867919015884	9
4	90	9.106759509492	10
4	95	9.710070004475	11
4	106	10.099574605627	12
4	112	10.733351807485	13
4	118	10.981350694348	14
4	128	12.546263853465	15
4	138	13.853385043565	16
4	155	17.481188950501	17
4	160	19.018663515884	18
4	164	19.074746787546	19
4	171	19.344689088497	20
4	176	20.609451072351	21
4	185	20.844115213091	22
4	186	20.863623253752	23
4	189	22.476773214822	24
4	199	22.821072367539	25
4	204	23.908045063035	26
4	213	24.151628289114	27
4	216	24.175230289444	28
4	223	25.678400225562	29
4	235	25.921723503395	30
4	238	26.798393665066	31
4	255	28.651475811915	32
4	262	28.883107691342	33
4	270	30.59978441457	34
4	274	30.795523544046	35
4	287	32.086479216766	36
4	294	32.498767087947	37
4	298	32.776856220239	38
4	307	32.983748545854	39
4	323	34.579436221206	40
4	340	37.018406701714	41
4	351	37.278935877688	42
4	355	38.347727156796	43
4	360	38.533929780947	44
4	364	38.679730039853	45
4	377	40.681187451104	46
4	387	41.046062321625	47
4	393	42.09906266791	48
4	397	42.216671525691	49
4	405	42.397685522462	50
4	416	45.703648483473	51
4	429	47.43197260403	52
4	433	47.501564697026	53
4	449	48.941638316404	54
4	458	49.200294756986	55
4	459	49.2209759455	56
4	465	50.651316740659	57
4	474	50.868391342279	58
4	479	50.96960294018	59
4	483	52.096748079138	60
4	489	52.226469665623	61
4	492	52.285027172964	62
4	498	53.004974498637	63
4	505	53.195252934068	64
4	513	54.947796927712	65
4	521	55.126464099219	66
4	522	55.150394327911	67
4	529	56.564492640991	68
4	535	56.760403413351	69
4	536	56.791610994511	70
4	548	58.535317997036	71
4	557	60.016709108005	72
4	564	60.161141249406	73
4	572	61.321979664955	74
4	577	61.618131152109	75
4	585	62.532261003237	76
4	591	62.709292533377	77
4	597	63.717881485712	78
4	607	63.910277930309	79
4	611	64.074364649129	80
4	619	66.098227303563	81
4	627	66.313363318873	82
4	630	67.255684182944	83
4	636	67.477883766182	84
4	642	67.545668005044	85
4	651	69.237229259312	86
4	676	71.990938168477	87
4	685	73.764768741598	88
4	693	73.975266391602	89
4	698	74.062542130471	90
4	702	75.69553251391	91
4	705	75.799156698877	92
4	714	75.979446387528	93
4	729	79.300140665412	94
4	739	79.572337768298	95
4	755	85.05089372513	96
4	762	85.256104881757	97
4	767	86.13799098421	98
4	776	86.40038554838	99
4	779	86.508739137693	100
4	781	87.64699385556	101
4	788	87.965564066678	102
4	793	89.078652196702	103
4	798	89.187407307434	104
4	802	89.331650758808	105
4	806	90.334080216979	106
4	812	90.509564656998	107
4	815	90.611318655193	108
4	820	92.208509021609	109
4	828	92.405432173833	110
4	829	92.424465697051	111
4	834	93.709546814171	112
4	840	93.876428262425	113
4	850	95.738301951861	114
4	857	95.873417265752	115
4	867	97.297509958102	116
4	882	99.016882677082	117
4	886	99.254098952998	118
4	895	101.898055611925	119
4	904	102.125976564514	120
4	909	103.438908918271	121
4	914	103.568702678321	122
4	920	103.662435372432	123
4	926	104.884676344271	124
4	933	104.983290845365	125
4	934	105.054152926688	126
4	942	106.800558655909	127
4	946	106.89743129974	128
4	948	106.970602685057	129
4	965	111.535803704757	130
4	975	111.746802793882	131
4	984	113.12605501271	132
4	992	113.358400984683	133
4	995	113.36672063585	134
4	1001	115.070447322614	135
4	1006	115.237490537259	136
4	1025	117.798174446601	137
4	1033	118.062680241553	138
4	1040	119.65694105646	139
4	1047	119.868587370716	140
4	1056	121.305183414346	141
4	1064	121.532473864452	142
4	1065	121.576001419578	143
4	1076	122.831274946156	144
4	1083	123.05091733164	145
4	1090	123.706335088473	146
4	1098	124.041452888649	147
4	1107	124.915940091474	148
4	1122	126.203276900579	149
4	1127	126.278875598009	150
4	1135	127.852739678919	151
4	1140	128.003072711222	152
4	1142	128.028154763721	153
4	1150	129.129012114638	154
4	1157	129.379897647253	155
4	1163	129.749219785332	156
4	1174	131.490677259303	157
4	1179	131.680643758852	158
4	1186	132.476018082468	159
4	1195	132.690482476728	160
4	1222	138.434017106428	161
4	1234	140.459771111597	162
4	1243	140.66554777495	163
4	1251	141.948167259257	164
4	1256	142.123522312095	165
4	1265	142.28057057565	166
4	1278	144.438788287658	167
4	1285	144.633758333216	168
4	1289	144.762747456327	169
4	1295	146.526284105852	170
4	1305	146.722625016183	171
4	1311	148.511817378187	172
4	1315	148.581317648195	173
4	1323	148.772714823812	174
4	1329	150.31303013304	175
4	1333	150.442109779266	176
4	1339	150.528940538299	177
4	1350	151.995448298475	178
4	1356	152.313709448904	179
4	1363	153.629347377692	180
4	1365	153.754632505423	181
4	1375	153.966299784602	182
4	1378	155.141246606291	183
4	1385	155.30147982571	184
4	1394	156.749146659972	185
4	1407	158.326324980003	186
4	1415	158.525333187401	187
4	1419	158.570986278847	188
4	1426	159.506628386495	189
4	1435	159.752341272211	190
4	1437	159.794808693097	191
4	1448	162.493799793888	192
4	1455	162.826068183773	193
4	1457	163.812518437554	194
4	1461	163.964154468857	195
4	1465	164.016918413418	196
4	1475	165.867276121384	197
4	1488	166.163960308362	198
4	1491	166.82881210243	199
4	1497	166.938607484577	200
4	1512	169.285090666575	201
4	1524	169.6308870337	202
4	1532	172.471954719747	203
4	1541	172.736899111827	204
4	1543	174.242356186625	205
4	1547	174.374775981488	206
4	1554	174.518824914998	207
4	1563	175.649165193845	208
4	1567	175.875013041134	209
4	1575	177.207396847962	210
4	1588	178.870801737205	211
4	1597	180.729179852611	212
4	1599	180.824393482331	213
4	1612	182.170688191582	214
4	1621	182.448111157386	215
4	1626	183.973458747225	216
4	1632	184.184161370878	217
4	1643	185.53862681792	218
4	1649	185.69166921737	219
4	1660	187.280535292703	220
4	1666	187.455836875905	221
4	1673	187.640043760592	222
4	1687	189.955164538611	223
4	1708	194.009504524877	224
4	1711	194.099413981797	225
4	1718	195.438518168775	226
4	1725	195.626554854552	227
4	1726	195.646093198343	228
4	1733	196.746903133618	229
4	1737	197.00238411634	230
4	1745	197.134023328358	231
4	1775	204.720758319173	232
4	1781	204.931610298606	233
4	1791	206.435583888132	234
4	1795	206.50668931288	235
4	1817	207.737446221776	236
4	1820	207.811153497979	237
4	1827	208.784182707145	238
4	1834	208.94757609893	239
4	1846	210.424628179143	240
4	1849	210.528855628613	241
4	1868	212.764386987732	242
4	1881	213.534951776094	243
4	1886	213.667453209557	244
4	1893	213.777679858038	245
4	1905	217.206336876023	246
4	1915	218.97644608501	247
4	1925	219.211459052303	248
4	1928	219.222342676999	249
4	1940	222.097195831953	250
4	1949	222.343313868615	251
4	1959	224.015037640812	252
4	1971	224.354889985381	253
4	1975	225.897505473792	254
4	1980	225.967368929819	255
4	2014	231.353635610241	256
4	2020	231.926981742339	257
4	2033	233.333257188819	258
4	2043	234.754481736462	259
4	2049	234.930302534118	260
4	2062	236.344339749692	261
4	2070	237.470772957337	262
4	2078	237.825247763347	263
5	4	0.220476269511	1
5	4	0.220476269511	2
5	4	0.220476269511	3
5	28	4.730299381339	4
5	28	4.730299381339	5
5	28	4.730299381339	6
5	48	6.428704942567	7
5	48	6.428704942567	8
5	48	6.428704942567	9
5	62	7.813242259095	10
5	62	7.813242259095	11
5	62	7.813242259095	12
5	80	8.807461699887	13
5	80	8.807461699887	14
5	80	8.807461699887	15
5	97	9.854997357391	16
5	97	9.854997357391	17
5	97	9.854997357391	18
5	114	10.858714307449	19
5	114	10.858714307449	20
5	114	10.858714307449	21
5	141	13.962952916668	22
5	141	13.962952916668	23
5	141	13.962952916668	24
5	151	17.309400702791	25
5	151	17.309400702791	26
5	151	17.309400702791	27
5	163	19.05113961322	28
5	163	19.05113961322	29
5	163	19.05113961322	30
5	177	20.6843984482	31
5	177	20.6843984482	32
5	177	20.6843984482	33
5	192	22.659762723108	34
5	192	22.659762723108	35
5	192	22.659762723108	36
5	209	24.074295086996	37
5	209	24.074295086996	38
5	209	24.074295086996	39
5	222	25.665788441563	40
5	222	25.665788441563	41
5	222	25.665788441563	42
5	242	26.904911320769	43
5	242	26.904911320769	44
5	242	26.904911320769	45
5	257	28.718263994255	46
5	257	28.718263994255	47
5	257	28.718263994255	48
5	265	30.394809664495	49
5	265	30.394809664495	50
5	265	30.394809664495	51
5	283	31.907835704515	52
5	283	31.907835704515	53
5	283	31.907835704515	54
5	301	32.807019353388	55
5	301	32.807019353388	56
5	301	32.807019353388	57
5	314	34.199078331433	58
5	314	34.199078331433	59
5	314	34.199078331433	60
5	331	35.226359937123	61
5	331	35.226359937123	62
5	331	35.226359937123	63
5	345	37.107749975617	64
5	345	37.107749975617	65
5	345	37.107749975617	66
5	356	38.389977112715	67
5	356	38.389977112715	68
5	356	38.389977112715	69
5	382	40.848589055342	70
5	382	40.848589055342	71
5	382	40.848589055342	72
5	394	42.181114444965	73
5	394	42.181114444965	74
5	394	42.181114444965	75
5	415	45.641791169133	76
5	415	45.641791169133	77
5	415	45.641791169133	78
5	431	47.468815973051	79
5	431	47.468815973051	80
5	431	47.468815973051	81
5	451	48.992880491674	82
5	451	48.992880491674	83
5	451	48.992880491674	84
5	467	50.69450394527	85
5	467	50.69450394527	86
5	467	50.69450394527	87
5	488	52.210043601375	88
5	488	52.210043601375	89
5	488	52.210043601375	90
5	500	53.080675399387	91
5	500	53.080675399387	92
5	500	53.080675399387	93
5	514	54.977497786058	94
5	514	54.977497786058	95
5	514	54.977497786058	96
5	531	56.666386452496	97
5	531	56.666386452496	98
5	531	56.666386452496	99
5	545	58.405831694214	100
5	545	58.405831694214	101
5	545	58.405831694214	102
5	559	60.050141544909	103
5	559	60.050141544909	104
5	559	60.050141544909	105
5	574	61.492178852043	106
5	574	61.492178852043	107
5	574	61.492178852043	108
5	584	62.483736702092	109
5	584	62.483736702092	110
5	584	62.483736702092	111
5	599	63.764192403866	112
5	599	63.764192403866	113
5	599	63.764192403866	114
5	616	65.894495025325	115
5	616	65.894495025325	116
5	616	65.894495025325	117
5	632	67.337250490465	118
5	632	67.337250490465	119
5	632	67.337250490465	120
5	650	69.22567280245	121
5	650	69.22567280245	122
5	650	69.22567280245	123
5	671	70.928121763682	124
5	671	70.928121763682	125
5	671	70.928121763682	126
5	677	72.0540536482	127
5	677	72.0540536482	128
5	677	72.0540536482	129
5	689	73.873929620277	130
5	689	73.873929620277	131
5	689	73.873929620277	132
5	704	75.756556590243	133
5	704	75.756556590243	134
5	704	75.756556590243	135
5	722	77.64872616715	136
5	722	77.64872616715	137
5	722	77.64872616715	138
5	730	79.312428929779	139
5	730	79.312428929779	140
5	730	79.312428929779	141
5	753	84.935319658342	142
5	753	84.935319658342	143
5	753	84.935319658342	144
5	773	86.300765452603	145
5	773	86.300765452603	146
5	773	86.300765452603	147
5	791	89.045203046273	148
5	791	89.045203046273	149
5	791	89.045203046273	150
5	805	90.325481762892	151
5	805	90.325481762892	152
5	805	90.325481762892	153
5	824	92.341876015328	154
5	824	92.341876015328	155
5	824	92.341876015328	156
5	836	93.776672159851	157
5	836	93.776672159851	158
5	836	93.776672159851	159
5	851	95.771047898984	160
5	851	95.771047898984	161
5	851	95.771047898984	162
5	868	97.318933505344	163
5	868	97.318933505344	164
5	868	97.318933505344	165
5	885	99.21176752353	166
5	885	99.21176752353	167
5	885	99.21176752353	168
5	896	101.967068442064	169
5	896	101.967068442064	170
5	896	101.967068442064	171
5	910	103.471824768758	172
5	910	103.471824768758	173
5	910	103.471824768758	174
5	930	104.912864158898	175
5	930	104.912864158898	176
5	930	104.912864158898	177
5	943	106.835098852608	178
5	943	106.835098852608	179
5	943	106.835098852608	180
5	957	108.522482756072	181
5	957	108.522482756072	182
5	957	108.522482756072	183
5	968	111.645455971814	184
5	968	111.645455971814	185
5	968	111.645455971814	186
5	986	113.222161960636	187
5	986	113.222161960636	188
5	986	113.222161960636	189
5	1003	115.160693053665	190
5	1003	115.160693053665	191
5	1003	115.160693053665	192
5	1018	116.350093544553	193
5	1018	116.350093544553	194
5	1018	116.350093544553	195
5	1027	117.92005539894	196
5	1027	117.92005539894	197
5	1027	117.92005539894	198
5	1043	119.803241955669	199
5	1043	119.803241955669	200
5	1043	119.803241955669	201
5	1057	121.359070727338	202
5	1057	121.359070727338	203
5	1057	121.359070727338	204
5	1071	122.625154944997	205
5	1071	122.625154944997	206
5	1071	122.625154944997	207
5	1088	123.609270980456	208
5	1088	123.609270980456	209
5	1088	123.609270980456	210
5	1105	124.842963471503	211
5	1105	124.842963471503	212
5	1105	124.842963471503	213
5	1126	126.257440191005	214
5	1126	126.257440191005	215
5	1126	126.257440191005	216
5	1134	127.845166715991	217
5	1134	127.845166715991	218
5	1134	127.845166715991	219
5	1155	129.338803385994	220
5	1155	129.338803385994	221
5	1155	129.338803385994	222
5	1170	131.28727555443	223
5	1170	131.28727555443	224
5	1170	131.28727555443	225
5	1185	132.441575930807	226
5	1185	132.441575930807	227
5	1185	132.441575930807	228
5	1214	138.016755928549	229
5	1214	138.016755928549	230
5	1214	138.016755928549	231
5	1236	140.578723041137	232
5	1236	140.578723041137	233
5	1236	140.578723041137	234
5	1252	141.976435634851	235
5	1252	141.976435634851	236
5	1252	141.976435634851	237
5	1271	143.354953707546	238
5	1271	143.354953707546	239
5	1271	143.354953707546	240
5	1279	144.443731488085	241
5	1279	144.443731488085	242
5	1279	144.443731488085	243
5	1297	146.614838502065	244
5	1297	146.614838502065	245
5	1297	146.614838502065	246
5	1316	148.583018233799	247
5	1316	148.583018233799	248
5	1316	148.583018233799	249
5	1336	150.483891714377	250
5	1336	150.483891714377	251
5	1336	150.483891714377	252
5	1346	151.84666125189	253
5	1346	151.84666125189	254
5	1346	151.84666125189	255
5	1364	153.696388937158	256
5	1364	153.696388937158	257
5	1364	153.696388937158	258
5	1379	155.148056999994	259
5	1379	155.148056999994	260
5	1379	155.148056999994	261
5	1391	156.576410146141	262
5	1391	156.576410146141	263
5	1391	156.576410146141	264
5	1411	158.460951136491	265
5	1411	158.460951136491	266
5	1411	158.460951136491	267
5	1430	159.659713350709	268
5	1430	159.659713350709	269
5	1430	159.659713350709	270
5	1446	162.388621535623	271
5	1446	162.388621535623	272
5	1446	162.388621535623	273
5	1458	163.856659110035	274
5	1458	163.856659110035	275
5	1458	163.856659110035	276
5	1474	165.811736840968	277
5	1474	165.811736840968	278
5	1474	165.811736840968	279
5	1492	166.854399866524	280
5	1492	166.854399866524	281
5	1492	166.854399866524	282
5	1514	169.398136955752	283
5	1514	169.398136955752	284
5	1514	169.398136955752	285
5	1536	172.634436646208	286
5	1536	172.634436646208	287
5	1536	172.634436646208	288
5	1546	174.348822995861	289
5	1546	174.348822995861	290
5	1546	174.348822995861	291
5	1560	175.458823308709	292
5	1560	175.458823308709	293
5	1560	175.458823308709	294
5	1573	177.090621248079	295
5	1573	177.090621248079	296
5	1573	177.090621248079	297
5	1598	180.79306561147	298
5	1598	180.79306561147	299
5	1598	180.79306561147	300
5	1616	182.317880544401	301
5	1616	182.317880544401	302
5	1616	182.317880544401	303
5	1631	184.147839620415	304
5	1631	184.147839620415	305
5	1631	184.147839620415	306
5	1646	185.646928472145	307
5	1646	185.646928472145	308
5	1646	185.646928472145	309
5	1661	187.31357090683	310
5	1661	187.31357090683	311
5	1661	187.31357090683	312
5	1680	189.439675367539	313
5	1680	189.439675367539	314
5	1680	189.439675367539	315
5	1705	193.933644977443	316
5	1705	193.933644977443	317
5	1705	193.933644977443	318
5	1720	195.523419920993	319
5	1720	195.523419920993	320
5	1720	195.523419920993	321
5	1735	196.913251070522	322
5	1735	196.913251070522	323
5	1735	196.913251070522	324
5	1757	201.629253295218	325
5	1757	201.629253295218	326
5	1757	201.629253295218	327
5	1773	204.645311717996	328
5	1773	204.645311717996	329
5	1773	204.645311717996	330
5	1789	206.36764001946	331
5	1789	206.36764001946	332
5	1789	206.36764001946	333
5	1809	207.539622295503	334
5	1809	207.539622295503	335
5	1809	207.539622295503	336
5	1831	208.906894629904	337
5	1831	208.906894629904	338
5	1831	208.906894629904	339
5	1851	210.566237012985	340
5	1851	210.566237012985	341
5	1851	210.566237012985	342
5	1865	212.589827791482	343
5	1865	212.589827791482	344
5	1865	212.589827791482	345
5	1887	213.692419262054	346
5	1887	213.692419262054	347
5	1887	213.692419262054	348
5	1904	217.179795679494	349
5	1904	217.179795679494	350
5	1904	217.179795679494	351
5	1922	219.168487308934	352
5	1922	219.168487308934	353
5	1922	219.168487308934	354
5	1933	220.527988884231	355
5	1933	220.527988884231	356
5	1933	220.527988884231	357
5	1944	222.169013119677	358
5	1944	222.169013119677	359
5	1944	222.169013119677	360
5	1960	224.08457325522	361
5	1960	224.08457325522	362
5	1960	224.08457325522	363
5	1976	225.906416770958	364
5	1976	225.906416770958	365
5	1976	225.906416770958	366
5	1993	228.535977773348	367
5	1993	228.535977773348	368
5	1993	228.535977773348	369
5	2006	230.93124862969	370
5	2006	230.93124862969	371
5	2006	230.93124862969	372
5	2024	232.129502277746	373
5	2024	232.129502277746	374
5	2024	232.129502277746	375
5	2040	234.656405785406	376
5	2040	234.656405785406	377
5	2040	234.656405785406	378
5	2055	236.089406652726	379
5	2055	236.089406652726	380
5	2055	236.089406652726	381
5	2073	237.660926933254	382
5	2073	237.660926933254	383
5	2073	237.660926933254	384
6	4	0.220476269511	1
6	6	0.23076824284	2
6	12	0.478674751044	3
6	28	4.730299381339	4
6	38	4.871517630561	5
6	42	4.953242017369	6
6	48	6.428704942567	7
6	54	6.622943284004	8
6	62	7.813242259095	9
6	64	7.829236030609	10
6	74	8.028454212874	11
6	80	8.807461699887	12
6	82	8.845905025897	13
6	97	9.854997357391	14
6	100	9.897001537673	15
6	110	10.242150028974	16
6	114	10.858714307449	17
6	122	11.04384320081	18
6	141	13.962952916668	19
6	151	17.309400702791	20
6	163	19.05113961322	21
6	170	19.300294681669	22
6	177	20.6843984482	23
6	181	20.729340390286	24
6	192	22.659762723108	25
6	209	24.074295086996	26
6	211	24.122389067041	27
6	219	24.353727252142	28
6	222	25.665788441563	29
6	227	25.751763623759	30
6	234	25.907085348027	31
6	242	26.904911320769	32
6	248	27.005981587631	33
6	252	27.096012968457	34
6	257	28.718263994255	35
6	265	30.394809664495	36
6	271	30.636386457511	37
6	279	30.997755952898	38
6	283	31.907835704515	39
6	288	32.195911267014	40
6	296	32.601817221803	41
6	301	32.807019353388	42
6	314	34.199078331433	43
6	319	34.442108668342	44
6	326	34.726375094754	45
6	331	35.226359937123	46
6	338	35.457361926939	47
6	345	37.107749975617	48
6	356	38.389977112715	49
6	363	38.660337141291	50
6	370	38.886412874136	51
6	382	40.848589055342	52
6	385	41.026809891818	53
6	394	42.181114444965	54
6	404	42.396543791089	55
6	415	45.641791169133	56
6	420	45.81069874287	57
6	426	46.006754516327	58
6	431	47.468815973051	59
6	436	47.530195604394	60
6	440	47.634498046308	61
6	451	48.992880491674	62
6	456	49.127100209072	63
6	462	49.408932861209	64
6	467	50.69450394527	65
6	477	50.937988392936	66
6	478	50.967185708005	67
6	488	52.210043601375	68
6	500	53.080675399387	69
6	503	53.177918857108	70
6	514	54.977497786058	71
6	526	55.319004643628	72
6	531	56.666386452496	73
6	545	58.405831694214	74
6	551	58.651506415873	75
6	559	60.050141544909	76
6	568	60.268138953784	77
6	574	61.492178852043	78
6	580	61.869458228859	79
6	584	62.483736702092	80
6	590	62.704114895761	81
6	599	63.764192403866	82
6	603	63.822130427437	83
6	606	63.888137616666	84
6	616	65.894495025325	85
6	620	66.117556201819	86
6	624	66.223464626725	87
6	632	67.337250490465	88
6	640	67.519226846301	89
6	650	69.22567280245	90
6	654	69.26722887757	91
6	665	69.451468414914	92
6	671	70.928121763682	93
6	677	72.0540536482	94
6	689	73.873929620277	95
6	692	73.972011931555	96
6	704	75.756556590243	97
6	709	75.877668800062	98
6	717	76.010267442646	99
6	722	77.64872616715	100
6	730	79.312428929779	101
6	734	79.413717847342	102
6	753	84.935319658342	103
6	756	85.082442272076	104
6	764	85.269204459015	105
6	773	86.300765452603	106
6	775	86.346713533172	107
6	791	89.045203046273	108
6	795	89.102480494446	109
6	805	90.325481762892	110
6	807	90.399122109515	111
6	824	92.341876015328	112
6	826	92.374353584561	113
6	836	93.776672159851	114
6	843	93.919385322894	115
6	851	95.771047898984	116
6	858	95.921650645916	117
6	861	95.990775861606	118
6	868	97.318933505344	119
6	869	97.370043936901	120
6	885	99.21176752353	121
6	889	99.415099573724	122
6	896	101.967068442064	123
6	907	102.30930580764	124
6	910	103.471824768758	125
6	921	103.674509756161	126
6	923	103.682214499842	127
6	930	104.912864158898	128
6	931	104.91291091487	129
6	943	106.835098852608	130
6	950	106.9881217099	131
6	957	108.522482756072	132
6	968	111.645455971814	133
6	970	111.663731933783	134
6	977	111.795124716988	135
6	986	113.222161960636	136
6	994	113.360499582795	137
6	1003	115.160693053665	138
6	1009	115.271947695794	139
6	1018	116.350093544553	140
6	1027	117.92005539894	141
6	1034	118.097130491302	142
6	1043	119.803241955669	143
6	1057	121.359070727338	144
6	1063	121.516029648331	145
6	1071	122.625154944997	146
6	1078	122.898390569691	147
6	1080	122.92775462702	148
6	1088	123.609270980456	149
6	1093	123.819922856381	150
6	1105	124.842963471503	151
6	1111	125.055620339796	152
6	1119	125.204603824117	153
6	1126	126.257440191005	154
6	1128	126.288479049287	155
6	1134	127.845166715991	156
6	1137	127.911264247645	157
6	1143	128.099415793344	158
6	1155	129.338803385994	159
6	1159	129.44476601087	160
6	1170	131.28727555443	161
6	1176	131.59672919098	162
6	1185	132.441575930807	163
6	1190	132.538809962299	164
6	1196	132.741935911211	165
6	1214	138.016755928549	166
6	1218	138.273351194375	167
6	1226	138.578604848546	168
6	1236	140.578723041137	169
6	1238	140.604295342182	170
6	1248	140.872455630535	171
6	1252	141.976435634851	172
6	1255	142.083469364936	173
6	1260	142.20333863007	174
6	1271	143.354953707546	175
6	1279	144.443731488085	176
6	1290	144.783894031537	177
6	1297	146.614838502065	178
6	1316	148.583018233799	179
6	1317	148.61415449337	180
6	1324	148.795004947259	181
6	1336	150.483891714377	182
6	1346	151.84666125189	183
6	1355	152.199770958321	184
6	1358	152.456133080472	185
6	1364	153.696388937158	186
6	1373	153.957213075801	187
6	1379	155.148056999994	188
6	1391	156.576410146141	189
6	1397	156.818044811563	190
6	1411	158.460951136491	191
6	1414	158.513520813796	192
6	1430	159.659713350709	193
6	1434	159.70799526718	194
6	1446	162.388621535623	195
6	1451	162.610088216879	196
6	1458	163.856659110035	197
6	1470	164.11776483122	198
6	1474	165.811736840968	199
6	1477	165.893868274045	200
6	1487	166.150781493556	201
6	1492	166.854399866524	202
6	1506	167.182637029511	203
6	1514	169.398136955752	204
6	1536	172.634436646208	205
6	1538	172.70304947815	206
6	1546	174.348822995861	207
6	1553	174.475395192231	208
6	1560	175.458823308709	209
6	1573	177.090621248079	210
6	1580	177.26709328182	211
6	1598	180.79306561147	212
6	1603	180.915178330919	213
6	1616	182.317880544401	214
6	1619	182.398536201857	215
6	1631	184.147839620415	216
6	1638	184.288119581723	217
6	1640	184.320487581512	218
6	1646	185.646928472145	219
6	1652	185.71833146308	220
6	1656	185.904740638047	221
6	1661	187.31357090683	222
6	1680	189.439675367539	223
6	1686	189.851375983266	224
6	1705	193.933644977443	225
6	1720	195.523419920993	226
6	1728	195.665855625565	227
6	1735	196.913251070522	228
6	1747	197.198477710984	229
6	1757	201.629253295218	230
6	1773	204.645311717996	231
6	1780	204.892929590246	232
6	1784	205.109544363725	233
6	1789	206.36764001946	234
6	1793	206.460729466128	235
6	1798	206.603872692835	236
6	1809	207.539622295503	237
6	1813	207.687811232481	238
6	1822	207.900751226497	239
6	1831	208.906894629904	240
6	1833	208.916128154366	241
6	1851	210.566237012985	242
6	1855	210.594172198067	243
6	1856	210.597104218686	244
6	1865	212.589827791482	245
6	1870	212.7965011182	246
6	1878	213.052407767247	247
6	1887	213.692419262054	248
6	1890	213.735513452856	249
6	1892	213.773428838202	250
6	1904	217.179795679494	251
6	1907	217.258550783146	252
6	1922	219.168487308934	253
6	1923	219.17350830651	254
6	1933	220.527988884231	255
6	1944	222.169013119677	256
6	1960	224.08457325522	257
6	1966	224.168135840021	258
6	1976	225.906416770958	259
6	1979	225.965916945061	260
6	1984	226.061573519381	261
6	1993	228.535977773348	262
6	2006	230.93124862969	263
6	2012	231.309328570059	264
6	2017	231.503034645039	265
6	2024	232.129502277746	266
6	2028	232.365252157843	267
6	2040	234.656405785406	268
6	2046	234.813255028628	269
6	2055	236.089406652726	270
6	2064	236.379196697648	271
6	2073	237.660926933254	272
6	2080	237.888755809549	273
7	7	0.247874509276	1
7	9	0.317833830864	2
7	30	4.752921981853	3
7	40	4.90404493713	4
7	47	6.396630511856	5
7	51	6.523378128267	6
7	65	7.831903358686	7
7	66	7.833657652794	8
7	85	8.943403121123	9
7	86	8.951760475214	10
7	98	9.870365957876	11
7	99	9.894198996604	12
7	116	10.894457868396	13
7	117	10.905013719318	14
7	140	13.927649752709	15
7	153	17.440551405076	16
7	158	17.635068175529	17
7	191	22.638964274549	18
7	207	24.048684329879	19
7	233	25.861995484251	20
7	240	26.849749144901	21
7	260	28.857767976681	22
7	272	30.741728649793	23
7	289	32.218407667639	24
7	300	32.801172371227	25
7	316	34.309952469542	26
7	327	34.783187716265	27
7	343	37.098136396858	28
7	357	38.420978130717	29
7	362	38.654777531032	30
7	380	40.759396739143	31
7	381	40.805386738278	32
7	402	42.273567193644	33
7	418	45.775035434509	34
7	432	47.486318586575	35
7	450	48.984853090336	36
7	452	49.000501340082	37
7	475	50.905032246599	38
7	487	52.20445759684	39
7	499	53.048722058213	40
7	516	55.041448346973	41
7	524	55.303544474522	42
7	549	58.557959723403	43
7	558	60.044921077501	44
7	569	60.308793004401	45
7	575	61.52127645944	46
7	592	62.716469634285	47
7	598	63.763059004582	48
7	604	63.825734475431	49
7	615	65.813538259814	50
7	626	66.293829584326	51
7	633	67.413904370097	52
7	641	67.527193560458	53
7	653	69.262931613787	54
7	662	69.405747387432	55
7	680	72.154075921626	56
7	690	73.903895776046	57
7	703	75.722606208007	58
7	710	75.8942836422	59
7	723	77.65467130972	60
7	731	79.333191300492	61
7	733	79.392771986105	62
7	761	85.244508882685	63
7	770	86.223699719111	64
7	774	86.336654377884	65
7	785	87.848092035005	66
7	792	89.058966950987	67
7	796	89.111448986974	68
7	808	90.414291942386	69
7	810	90.479432372431	70
7	822	92.282211993754	71
7	842	93.906094392432	72
7	849	95.704661257457	73
7	866	97.25917502788	74
7	871	97.425176016982	75
7	884	99.140535177872	76
7	890	99.46758219303	77
7	898	101.9747322496	78
7	918	103.641450279207	79
7	929	104.909205484979	80
7	932	104.952901563513	81
7	941	106.73473165949	82
7	955	108.459506822199	83
7	969	111.663181549403	84
7	973	111.704837611203	85
7	988	113.301200627125	86
7	993	113.358975379643	87
7	1002	115.118519234384	88
7	1005	115.20909231472	89
7	1019	116.353804325982	90
7	1026	117.899704178263	91
7	1042	119.790901015055	92
7	1050	119.966027509247	93
7	1059	121.427445023413	94
7	1061	121.480780194795	95
7	1074	122.722676838491	96
7	1094	123.824651444638	97
7	1133	127.836092386376	98
7	1136	127.908658566964	99
7	1151	129.146867597595	100
7	1171	131.288543774583	101
7	1188	132.499526175076	102
7	1194	132.681120045524	103
7	1209	135.909125012332	104
7	1213	137.977116876234	105
7	1224	138.503660245818	106
7	1239	140.610289574313	107
7	1254	142.055855830748	108
7	1258	142.15329395099	109
7	1270	143.342533364598	110
7	1280	144.535468300783	111
7	1281	144.572532606467	112
7	1296	146.5744416459	113
7	1302	146.688889381385	114
7	1320	148.64778787737	115
7	1334	150.448856126722	116
7	1348	151.905303258956	117
7	1352	152.047897680208	118
7	1367	153.764952583942	119
7	1384	155.291600198403	120
7	1390	156.515145870936	121
7	1409	158.371449687407	122
7	1412	158.473811418698	123
7	1427	159.594104119235	124
7	1445	162.257265721755	125
7	1471	164.171368354263	126
7	1478	165.902054436744	127
7	1479	165.915145878416	128
7	1499	166.977990539399	129
7	1513	169.314196771997	130
7	1535	172.620759880581	131
7	1539	172.706237154188	132
7	1549	174.426085085342	133
7	1552	174.468926390323	134
7	1559	175.450252277664	135
7	1564	175.741980203513	136
7	1577	177.221082338056	137
7	1582	177.397874053367	138
7	1592	179.063688046379	139
7	1602	180.887014766377	140
7	1604	180.926593354758	141
7	1614	182.236590411819	142
7	1636	184.264745540339	143
7	1645	185.628140876138	144
7	1651	185.709526767371	145
7	1662	187.350828891982	146
7	1668	187.47436155245	147
7	1691	190.083583815029	148
7	1702	192.917124709885	149
7	1706	193.941292071664	150
7	1710	194.075693469683	151
7	1719	195.508100122479	152
7	1744	197.116614892408	153
7	1758	201.639691189304	154
7	1778	204.849686220395	155
7	1790	206.388170476221	156
7	1796	206.547273145526	157
7	1811	207.613404297871	158
7	1823	207.907498984592	159
7	1828	208.818390793038	160
7	1853	210.590622629481	161
7	1864	212.434396743888	162
7	1872	212.840568102341	163
7	1885	213.661024954639	164
7	1891	213.740277552891	165
7	1916	219.000958637331	166
7	1934	220.536316661666	167
7	1942	222.142847811022	168
7	1948	222.284876002305	169
7	1962	224.087629341873	170
7	1969	224.242254863018	171
7	1977	225.926083636593	172
7	1992	228.524525440967	173
7	2001	229.899500809903	174
7	2005	230.922454392731	175
7	2023	232.035939831435	176
7	2035	233.520648866991	177
7	2050	234.931888584637	178
7	2054	235.976192981504	179
7	2072	237.656865109797	180
8	10	0.358137753877	1
8	10	0.358137753877	2
8	10	0.358137753877	3
8	34	4.816766375562	4
8	34	4.816766375562	5
8	34	4.816766375562	6
8	68	7.924596778487	7
8	68	7.924596778487	8
8	68	7.924596778487	9
8	105	10.079882232109	10
8	105	10.079882232109	11
8	105	10.079882232109	12
8	167	19.198140752609	13
8	167	19.198140752609	14
8	167	19.198140752609	15
8	196	22.764231201927	16
8	196	22.764231201927	17
8	196	22.764231201927	18
8	215	24.173683973796	19
8	215	24.173683973796	20
8	215	24.173683973796	21
8	226	25.728784711856	22
8	226	25.728784711856	23
8	226	25.728784711856	24
8	247	27.003662378065	25
8	247	27.003662378065	26
8	247	27.003662378065	27
8	275	30.809555854049	28
8	275	30.809555854049	29
8	275	30.809555854049	30
8	291	32.415516146981	31
8	291	32.415516146981	32
8	291	32.415516146981	33
8	318	34.398138247863	34
8	318	34.398138247863	35
8	318	34.398138247863	36
8	334	35.331558494665	37
8	334	35.331558494665	38
8	334	35.331558494665	39
8	365	38.705254606341	40
8	365	38.705254606341	41
8	365	38.705254606341	42
8	384	40.988100853247	43
8	384	40.988100853247	44
8	384	40.988100853247	45
8	422	45.885514746808	46
8	422	45.885514746808	47
8	422	45.885514746808	48
8	437	47.562340505011	49
8	437	47.562340505011	50
8	437	47.562340505011	51
8	460	49.281752377237	52
8	460	49.281752377237	53
8	460	49.281752377237	54
8	473	50.846968589001	55
8	473	50.846968589001	56
8	473	50.846968589001	57
8	506	53.210723772275	58
8	506	53.210723772275	59
8	506	53.210723772275	60
8	600	63.785251143597	61
8	600	63.785251143597	62
8	600	63.785251143597	63
8	618	66.024666663011	64
8	618	66.024666663011	65
8	618	66.024666663011	66
8	635	67.47554332084	67
8	635	67.47554332084	68
8	635	67.47554332084	69
8	656	69.329967629635	70
8	656	69.329967629635	71
8	656	69.329967629635	72
8	707	75.853733694178	73
8	707	75.853733694178	74
8	707	75.853733694178	75
8	758	85.128661249647	76
8	758	85.128661249647	77
8	758	85.128661249647	78
8	859	95.930087950785	79
8	859	95.930087950785	80
8	859	95.930087950785	81
8	916	103.612167848916	82
8	916	103.612167848916	83
8	916	103.612167848916	84
8	971	111.686463697167	85
8	971	111.686463697167	86
8	971	111.686463697167	87
8	1029	118.013732855035	88
8	1029	118.013732855035	89
8	1029	118.013732855035	90
8	1073	122.701171210193	91
8	1073	122.701171210193	92
8	1073	122.701171210193	93
8	1112	125.058534886946	94
8	1112	125.058534886946	95
8	1112	125.058534886946	96
8	1141	128.01059197623	97
8	1141	128.01059197623	98
8	1141	128.01059197623	99
8	1158	129.423672601338	100
8	1158	129.423672601338	101
8	1158	129.423672601338	102
8	1191	132.569170314329	103
8	1191	132.569170314329	104
8	1191	132.569170314329	105
8	1217	138.21249177449	106
8	1217	138.21249177449	107
8	1217	138.21249177449	108
8	1242	140.663280079725	109
8	1242	140.663280079725	110
8	1242	140.663280079725	111
8	1259	142.171707051563	112
8	1259	142.171707051563	113
8	1259	142.171707051563	114
8	1284	144.629508777757	115
8	1284	144.629508777757	116
8	1284	144.629508777757	117
8	1306	146.776631802544	118
8	1306	146.776631802544	119
8	1306	146.776631802544	120
8	1322	148.731949647608	121
8	1322	148.731949647608	122
8	1322	148.731949647608	123
8	1331	150.364885912636	124
8	1331	150.364885912636	125
8	1331	150.364885912636	126
8	1357	152.327696366743	127
8	1357	152.327696366743	128
8	1357	152.327696366743	129
8	1369	153.792652459149	130
8	1369	153.792652459149	131
8	1369	153.792652459149	132
8	1393	156.671819686214	133
8	1393	156.671819686214	134
8	1393	156.671819686214	135
8	1418	158.55093653362	136
8	1418	158.55093653362	137
8	1418	158.55093653362	138
8	1483	166.020901346622	139
8	1483	166.020901346622	140
8	1483	166.020901346622	141
8	1500	166.993252729901	142
8	1500	166.993252729901	143
8	1500	166.993252729901	144
8	1521	169.562867109699	145
8	1521	169.562867109699	146
8	1521	169.562867109699	147
8	1633	184.184656669967	148
8	1633	184.184656669967	149
8	1633	184.184656669967	150
8	1654	185.830429835481	151
8	1654	185.830429835481	152
8	1654	185.830429835481	153
8	1671	187.541894127357	154
8	1671	187.541894127357	155
8	1671	187.541894127357	156
8	1683	189.646670166635	157
8	1683	189.646670166635	158
8	1683	189.646670166635	159
8	1738	197.00288363815	160
8	1738	197.00288363815	161
8	1738	197.00288363815	162
8	1760	201.726048454263	163
8	1760	201.726048454263	164
8	1760	201.726048454263	165
8	1782	205.072114994409	166
8	1782	205.072114994409	167
8	1782	205.072114994409	168
8	1794	206.463764792309	169
8	1794	206.463764792309	170
8	1794	206.463764792309	171
8	1810	207.595175678892	172
8	1810	207.595175678892	173
8	1810	207.595175678892	174
8	1838	209.048578389645	175
8	1838	209.048578389645	176
8	1838	209.048578389645	177
8	1850	210.534968507557	178
8	1850	210.534968507557	179
8	1850	210.534968507557	180
8	1873	212.929366033429	181
8	1873	212.929366033429	182
8	1873	212.929366033429	183
8	1888	213.707413419881	184
8	1888	213.707413419881	185
8	1888	213.707413419881	186
8	1919	219.077212267994	187
8	1919	219.077212267994	188
8	1919	219.077212267994	189
8	1947	222.239062162011	190
8	1947	222.239062162011	191
8	1947	222.239062162011	192
8	1978	225.953706050799	193
8	1978	225.953706050799	194
8	1978	225.953706050799	195
8	2008	231.118005497766	196
8	2008	231.118005497766	197
8	2008	231.118005497766	198
8	2026	232.250330735363	199
8	2026	232.250330735363	200
8	2026	232.250330735363	201
8	2058	236.240950133256	202
8	2058	236.240950133256	203
8	2058	236.240950133256	204
8	2076	237.818121398946	205
8	2076	237.818121398946	206
8	2076	237.818121398946	207
9	10	0.358137753877	1
9	34	4.816766375562	2
9	68	7.924596778487	3
9	105	10.079882232109	4
9	167	19.198140752609	5
9	196	22.764231201927	6
9	215	24.173683973796	7
9	226	25.728784711856	8
9	247	27.003662378065	9
9	275	30.809555854049	10
9	291	32.415516146981	11
9	318	34.398138247863	12
9	334	35.331558494665	13
9	365	38.705254606341	14
9	384	40.988100853247	15
9	422	45.885514746808	16
9	437	47.562340505011	17
9	460	49.281752377237	18
9	473	50.846968589001	19
9	506	53.210723772275	20
9	507	53.286647859977	21
9	600	63.785251143597	22
9	618	66.024666663011	23
9	635	67.47554332084	24
9	656	69.329967629635	25
9	707	75.853733694178	26
9	715	75.993480440943	27
9	758	85.128661249647	28
9	760	85.207195718929	29
9	859	95.930087950785	30
9	916	103.612167848916	31
9	971	111.686463697167	32
9	972	111.694709016541	33
9	1029	118.013732855035	34
9	1073	122.701171210193	35
9	1082	123.048985807988	36
9	1112	125.058534886946	37
9	1141	128.01059197623	38
9	1158	129.423672601338	39
9	1191	132.569170314329	40
9	1199	132.832622559133	41
9	1217	138.21249177449	42
9	1242	140.663280079725	43
9	1244	140.683779986553	44
9	1259	142.171707051563	45
9	1284	144.629508777757	46
9	1287	144.670951018166	47
9	1306	146.776631802544	48
9	1322	148.731949647608	49
9	1331	150.364885912636	50
9	1341	150.653335613775	51
9	1357	152.327696366743	52
9	1369	153.792652459149	53
9	1393	156.671819686214	54
9	1418	158.55093653362	55
9	1483	166.020901346622	56
9	1500	166.993252729901	57
9	1502	167.060945025493	58
9	1521	169.562867109699	59
9	1633	184.184656669967	60
9	1654	185.830429835481	61
9	1671	187.541894127357	62
9	1683	189.646670166635	63
9	1738	197.00288363815	64
9	1740	197.054185045315	65
9	1760	201.726048454263	66
9	1782	205.072114994409	67
9	1794	206.463764792309	68
9	1810	207.595175678892	69
9	1838	209.048578389645	70
9	1850	210.534968507557	71
9	1873	212.929366033429	72
9	1888	213.707413419881	73
9	1919	219.077212267994	74
9	1930	219.313637723504	75
9	1947	222.239062162011	76
9	1978	225.953706050799	77
9	2008	231.118005497766	78
9	2026	232.250330735363	79
9	2058	236.240950133256	80
9	2066	236.4497254654	81
9	2076	237.818121398946	82
9	2079	237.833610141261	83
10	14	0.53360083107	1
10	14	0.53360083107	2
10	14	0.53360083107	3
10	29	4.752128383014	4
10	29	4.752128383014	5
10	29	4.752128383014	6
10	55	6.652496232367	7
10	55	6.652496232367	8
10	55	6.652496232367	9
10	63	7.823652498349	10
10	63	7.823652498349	11
10	63	7.823652498349	12
10	88	9.007927401162	13
10	88	9.007927401162	14
10	88	9.007927401162	15
10	101	9.912060682117	16
10	101	9.912060682117	17
10	101	9.912060682117	18
10	113	10.819137010868	19
10	113	10.819137010868	20
10	113	10.819137010868	21
10	132	12.728198755912	22
10	132	12.728198755912	23
10	132	12.728198755912	24
10	169	19.269508006799	25
10	169	19.269508006799	26
10	169	19.269508006799	27
10	183	20.772745453315	28
10	183	20.772745453315	29
10	183	20.772745453315	30
10	193	22.665080421048	31
10	193	22.665080421048	32
10	193	22.665080421048	33
10	206	24.036397162639	34
10	206	24.036397162639	35
10	206	24.036397162639	36
10	228	25.762894265432	37
10	228	25.762894265432	38
10	228	25.762894265432	39
10	244	26.953865050194	40
10	244	26.953865050194	41
10	244	26.953865050194	42
10	273	30.756192029814	43
10	273	30.756192029814	44
10	273	30.756192029814	45
10	290	32.294363014848	46
10	290	32.294363014848	47
10	290	32.294363014848	48
10	302	32.863966860443	49
10	302	32.863966860443	50
10	302	32.863966860443	51
10	321	34.480963059584	52
10	321	34.480963059584	53
10	321	34.480963059584	54
10	346	37.134693351078	55
10	346	37.134693351078	56
10	346	37.134693351078	57
10	358	38.522570747344	58
10	358	38.522570747344	59
10	358	38.522570747344	60
10	386	41.027123287016	61
10	386	41.027123287016	62
10	386	41.027123287016	63
10	395	42.194455823709	64
10	395	42.194455823709	65
10	395	42.194455823709	66
10	421	45.826146091147	67
10	421	45.826146091147	68
10	421	45.826146091147	69
10	435	47.512373318369	70
10	435	47.512373318369	71
10	435	47.512373318369	72
10	453	49.083870723968	73
10	453	49.083870723968	74
10	453	49.083870723968	75
10	471	50.797217429934	76
10	471	50.797217429934	77
10	471	50.797217429934	78
10	485	52.146185828186	79
10	485	52.146185828186	80
10	485	52.146185828186	81
10	502	53.16983630514	82
10	502	53.16983630514	83
10	502	53.16983630514	84
10	517	55.055812030205	85
10	517	55.055812030205	86
10	517	55.055812030205	87
10	534	56.744870137898	88
10	534	56.744870137898	89
10	534	56.744870137898	90
10	552	58.712409518324	91
10	552	58.712409518324	92
10	552	58.712409518324	93
10	562	60.082871335467	94
10	562	60.082871335467	95
10	562	60.082871335467	96
10	588	62.596241201088	97
10	588	62.596241201088	98
10	588	62.596241201088	99
10	605	63.87080295534	100
10	605	63.87080295534	101
10	605	63.87080295534	102
10	623	66.171235365168	103
10	623	66.171235365168	104
10	623	66.171235365168	105
10	634	67.43705826991	106
10	634	67.43705826991	107
10	634	67.43705826991	108
10	655	69.304002970089	109
10	655	69.304002970089	110
10	655	69.304002970089	111
10	688	73.864130300306	112
10	688	73.864130300306	113
10	688	73.864130300306	114
10	706	75.83955421898	115
10	706	75.83955421898	116
10	706	75.83955421898	117
10	735	79.431832400361	118
10	735	79.431832400361	119
10	735	79.431832400361	120
10	757	85.104535210003	121
10	757	85.104535210003	122
10	757	85.104535210003	123
10	769	86.199538618178	124
10	769	86.199538618178	125
10	769	86.199538618178	126
10	784	87.766687334691	127
10	784	87.766687334691	128
10	784	87.766687334691	129
10	797	89.132796282117	130
10	797	89.132796282117	131
10	797	89.132796282117	132
10	809	90.457235569583	133
10	809	90.457235569583	134
10	809	90.457235569583	135
10	825	92.361884716216	136
10	825	92.361884716216	137
10	825	92.361884716216	138
10	839	93.860369415101	139
10	839	93.860369415101	140
10	839	93.860369415101	141
10	853	95.785174735658	142
10	853	95.785174735658	143
10	853	95.785174735658	144
10	873	97.457855384031	145
10	873	97.457855384031	146
10	873	97.457855384031	147
10	899	101.989599491918	148
10	899	101.989599491918	149
10	899	101.989599491918	150
10	913	103.528588775335	151
10	913	103.528588775335	152
10	913	103.528588775335	153
10	928	104.906183792967	154
10	928	104.906183792967	155
10	928	104.906183792967	156
10	947	106.945469662021	157
10	947	106.945469662021	158
10	947	106.945469662021	159
10	966	111.607886027865	160
10	966	111.607886027865	161
10	966	111.607886027865	162
10	989	113.308134303604	163
10	989	113.308134303604	164
10	989	113.308134303604	165
10	1008	115.268487617846	166
10	1008	115.268487617846	167
10	1008	115.268487617846	168
10	1028	117.969547767337	169
10	1028	117.969547767337	170
10	1028	117.969547767337	171
10	1041	119.705948538672	172
10	1041	119.705948538672	173
10	1041	119.705948538672	174
10	1060	121.456725807245	175
10	1060	121.456725807245	176
10	1060	121.456725807245	177
10	1081	123.009387420864	178
10	1081	123.009387420864	179
10	1081	123.009387420864	180
10	1095	123.861805629544	181
10	1095	123.861805629544	182
10	1095	123.861805629544	183
10	1109	124.972654104784	184
10	1109	124.972654104784	185
10	1109	124.972654104784	186
10	1138	127.960028501877	187
10	1138	127.960028501877	188
10	1138	127.960028501877	189
10	1161	129.551931297425	190
10	1161	129.551931297425	191
10	1161	129.551931297425	192
10	1175	131.575876811826	193
10	1175	131.575876811826	194
10	1175	131.575876811826	195
10	1192	132.63744108654	196
10	1192	132.63744108654	197
10	1192	132.63744108654	198
10	1219	138.314625470895	199
10	1219	138.314625470895	200
10	1219	138.314625470895	201
10	1235	140.513753625665	202
10	1235	140.513753625665	203
10	1235	140.513753625665	204
10	1257	142.125913915266	205
10	1257	142.125913915266	206
10	1257	142.125913915266	207
10	1282	144.584668629924	208
10	1282	144.584668629924	209
10	1282	144.584668629924	210
10	1301	146.687580806473	211
10	1301	146.687580806473	212
10	1301	146.687580806473	213
10	1313	148.550112758525	214
10	1313	148.550112758525	215
10	1313	148.550112758525	216
10	1330	150.340483702007	217
10	1330	150.340483702007	218
10	1330	150.340483702007	219
10	1353	152.127272756623	220
10	1353	152.127272756623	221
10	1353	152.127272756623	222
10	1370	153.823869489624	223
10	1370	153.823869489624	224
10	1370	153.823869489624	225
10	1396	156.80903068175	226
10	1396	156.80903068175	227
10	1396	156.80903068175	228
10	1410	158.431055345535	229
10	1410	158.431055345535	230
10	1410	158.431055345535	231
10	1428	159.604922085977	232
10	1428	159.604922085977	233
10	1428	159.604922085977	234
10	1452	162.64480067886	235
10	1452	162.64480067886	236
10	1452	162.64480067886	237
10	1460	163.933131413535	238
10	1460	163.933131413535	239
10	1460	163.933131413535	240
10	1482	166.000292661217	241
10	1482	166.000292661217	242
10	1482	166.000292661217	243
10	1496	166.907223628186	244
10	1496	166.907223628186	245
10	1496	166.907223628186	246
10	1517	169.474085285073	247
10	1517	169.474085285073	248
10	1517	169.474085285073	249
10	1545	174.322572023451	250
10	1545	174.322572023451	251
10	1545	174.322572023451	252
10	1566	175.806210878937	253
10	1566	175.806210878937	254
10	1566	175.806210878937	255
10	1578	177.236298829853	256
10	1578	177.236298829853	257
10	1578	177.236298829853	258
10	1590	178.94035567399	259
10	1590	178.94035567399	260
10	1590	178.94035567399	261
10	1600	180.832093442536	262
10	1600	180.832093442536	263
10	1600	180.832093442536	264
10	1617	182.359723771826	265
10	1617	182.359723771826	266
10	1617	182.359723771826	267
10	1628	184.047694745182	268
10	1628	184.047694745182	269
10	1628	184.047694745182	270
10	1648	185.668354777853	271
10	1648	185.668354777853	272
10	1648	185.668354777853	273
10	1667	187.459419163375	274
10	1667	187.459419163375	275
10	1667	187.459419163375	276
10	1685	189.800901469033	277
10	1685	189.800901469033	278
10	1685	189.800901469033	279
10	1713	194.127918082199	280
10	1713	194.127918082199	281
10	1713	194.127918082199	282
10	1722	195.547966898009	283
10	1722	195.547966898009	284
10	1722	195.547966898009	285
10	1736	196.950004825543	286
10	1736	196.950004825543	287
10	1736	196.950004825543	288
10	1779	204.86639347614	289
10	1779	204.86639347614	290
10	1779	204.86639347614	291
10	1799	206.628525711438	292
10	1799	206.628525711438	293
10	1799	206.628525711438	294
10	1812	207.672878266029	295
10	1812	207.672878266029	296
10	1812	207.672878266029	297
10	1830	208.887365089263	298
10	1830	208.887365089263	299
10	1830	208.887365089263	300
10	1847	210.457326355655	301
10	1847	210.457326355655	302
10	1847	210.457326355655	303
10	1869	212.794600388142	304
10	1869	212.794600388142	305
10	1869	212.794600388142	306
10	1882	213.575050925412	307
10	1882	213.575050925412	308
10	1882	213.575050925412	309
10	1908	217.298596536987	310
10	1908	217.298596536987	311
10	1908	217.298596536987	312
10	1918	219.046194064367	313
10	1918	219.046194064367	314
10	1918	219.046194064367	315
10	1943	222.14816633674	316
10	1943	222.14816633674	317
10	1943	222.14816633674	318
10	1967	224.184403271337	319
10	1967	224.184403271337	320
10	1967	224.184403271337	321
10	2010	231.201073604991	322
10	2010	231.201073604991	323
10	2010	231.201073604991	324
10	2045	234.797349957708	325
10	2045	234.797349957708	326
10	2045	234.797349957708	327
10	2059	236.266999080982	328
10	2059	236.266999080982	329
10	2059	236.266999080982	330
10	2071	237.630064854308	331
10	2071	237.630064854308	332
10	2071	237.630064854308	333
11	14	0.53360083107	1
11	19	0.814133525073	2
11	29	4.752128383014	3
11	41	4.910275979159	4
11	43	4.972148737868	5
11	55	6.652496232367	6
11	63	7.823652498349	7
11	70	7.928005915858	8
11	76	8.079728054257	9
11	88	9.007927401162	10
11	93	9.389790353504	11
11	101	9.912060682117	12
11	108	10.179898521956	13
11	113	10.819137010868	14
11	126	11.145119849069	15
11	132	12.728198755912	16
11	169	19.269508006799	17
11	183	20.772745453315	18
11	193	22.665080421048	19
11	202	22.96291679613	20
11	206	24.036397162639	21
11	218	24.342384247212	22
11	228	25.762894265432	23
11	229	25.764710537469	24
11	244	26.953865050194	25
11	249	27.031503510302	26
11	273	30.756192029814	27
11	278	30.906729756094	28
11	290	32.294363014848	29
11	295	32.512047185214	30
11	302	32.863966860443	31
11	321	34.480963059584	32
11	324	34.643239887629	33
11	346	37.134693351078	34
11	358	38.522570747344	35
11	369	38.744247945116	36
11	386	41.027123287016	37
11	395	42.194455823709	38
11	407	42.52197262689	39
11	421	45.826146091147	40
11	423	45.931203459195	41
11	435	47.512373318369	42
11	445	47.764458177629	43
11	446	47.880444303027	44
11	453	49.083870723968	45
11	461	49.32344441136	46
11	471	50.797217429934	47
11	476	50.937503257664	48
11	485	52.146185828186	49
11	502	53.16983630514	50
11	510	53.365432095623	51
11	517	55.055812030205	52
11	527	55.379535560937	53
11	534	56.744870137898	54
11	552	58.712409518324	55
11	562	60.082871335467	56
11	588	62.596241201088	57
11	605	63.87080295534	58
11	608	63.946906262549	59
11	623	66.171235365168	60
11	634	67.43705826991	61
11	646	67.654193507827	62
11	655	69.304002970089	63
11	661	69.398266088043	64
11	666	69.486177396395	65
11	688	73.864130300306	66
11	699	74.166235484476	67
11	706	75.83955421898	68
11	713	75.955573905855	69
11	735	79.431832400361	70
11	741	79.609015964129	71
11	757	85.104535210003	72
11	763	85.257634678578	73
11	769	86.199538618178	74
11	784	87.766687334691	75
11	797	89.132796282117	76
11	809	90.457235569583	77
11	818	90.741808624444	78
11	825	92.361884716216	79
11	839	93.860369415101	80
11	853	95.785174735658	81
11	863	96.137955278639	82
11	873	97.457855384031	83
11	877	97.53449111993	84
11	899	101.989599491918	85
11	913	103.528588775335	86
11	919	103.644820074673	87
11	928	104.906183792967	88
11	947	106.945469662021	89
11	966	111.607886027865	90
11	978	111.800498727419	91
11	980	111.837708195358	92
11	989	113.308134303604	93
11	998	113.535121807043	94
11	1008	115.268487617846	95
11	1028	117.969547767337	96
11	1037	118.220549042287	97
11	1041	119.705948538672	98
11	1051	119.969231221628	99
11	1060	121.456725807245	100
11	1081	123.009387420864	101
11	1095	123.861805629544	102
11	1109	124.972654104784	103
11	1117	125.165016946287	104
11	1118	125.183559443214	105
11	1138	127.960028501877	106
11	1145	128.126569444003	107
11	1161	129.551931297425	108
11	1165	129.926610787565	109
11	1175	131.575876811826	110
11	1180	131.688311173303	111
11	1192	132.63744108654	112
11	1193	132.679364383627	113
11	1201	132.859757114653	114
11	1219	138.314625470895	115
11	1225	138.563606593705	116
11	1235	140.513753625665	117
11	1245	140.69687305604	118
11	1257	142.125913915266	119
11	1267	142.423766180618	120
11	1282	144.584668629924	121
11	1292	144.825248693533	122
11	1301	146.687580806473	123
11	1308	146.908579437414	124
11	1313	148.550112758525	125
11	1326	148.858050060283	126
11	1330	150.340483702007	127
11	1335	150.464034819336	128
11	1340	150.643985120678	129
11	1353	152.127272756623	130
11	1360	152.537152086962	131
11	1370	153.823869489624	132
11	1396	156.80903068175	133
11	1399	156.838498254699	134
11	1404	156.976412063536	135
11	1410	158.431055345535	136
11	1422	158.655029105481	137
11	1428	159.604922085977	138
11	1452	162.64480067886	139
11	1460	163.933131413535	140
11	1482	166.000292661217	141
11	1486	166.148025302443	142
11	1496	166.907223628186	143
11	1503	167.075414930444	144
11	1517	169.474085285073	145
11	1526	169.707690067415	146
11	1545	174.322572023451	147
11	1566	175.806210878937	148
11	1578	177.236298829853	149
11	1584	177.462706756904	150
11	1590	178.94035567399	151
11	1600	180.832093442536	152
11	1609	181.195436319978	153
11	1617	182.359723771826	154
11	1628	184.047694745182	155
11	1648	185.668354777853	156
11	1657	185.952125664787	157
11	1667	187.459419163375	158
11	1674	187.671983340292	159
11	1685	189.800901469033	160
11	1694	190.153834056171	161
11	1713	194.127918082199	162
11	1722	195.547966898009	163
11	1736	196.950004825543	164
11	1742	197.063615020196	165
11	1779	204.86639347614	166
11	1785	205.109591702618	167
11	1799	206.628525711438	168
11	1800	206.660714838226	169
11	1805	206.895270984387	170
11	1812	207.672878266029	171
11	1821	207.855532714191	172
11	1830	208.887365089263	173
11	1837	209.032798952178	174
11	1840	209.072448000207	175
11	1847	210.457326355655	176
11	1857	210.645602153984	177
11	1869	212.794600388142	178
11	1875	212.975294755068	179
11	1876	213.001511729651	180
11	1882	213.575050925412	181
11	1889	213.729196650612	182
11	1908	217.298596536987	183
11	1918	219.046194064367	184
11	1929	219.280606426602	185
11	1943	222.14816633674	186
11	1951	222.359246935779	187
11	1957	222.476694814501	188
11	1967	224.184403271337	189
11	2010	231.201073604991	190
11	2018	231.524880826163	191
11	2045	234.797349957708	192
11	2059	236.266999080982	193
11	2065	236.425587593289	194
11	2071	237.630064854308	195
11	2081	237.937367204586	196
12	16	0.690354134947	1
12	16	0.690354134947	2
12	35	4.841947943121	3
12	35	4.841947943121	4
12	67	7.899326912499	5
12	67	7.899326912499	6
12	91	9.184937322248	7
12	91	9.184937322248	8
12	120	11.012780951453	9
12	120	11.012780951453	10
12	306	32.972022219442	11
12	306	32.972022219442	12
12	366	38.7098275482	13
12	366	38.7098275482	14
12	403	42.352681865473	15
12	403	42.352681865473	16
12	443	47.705656886019	17
12	443	47.705656886019	18
12	523	55.210233247432	19
12	523	55.210233247432	20
12	644	67.624109022669	21
12	644	67.624109022669	22
12	657	69.345593416698	23
12	657	69.345593416698	24
12	696	74.012980514266	25
12	696	74.012980514266	26
12	712	75.947387211567	27
12	712	75.947387211567	28
12	738	79.547454070187	29
12	738	79.547454070187	30
12	814	90.607287022147	31
12	814	90.607287022147	32
12	875	97.505047225645	33
12	875	97.505047225645	34
12	974	111.730259747518	35
12	974	111.730259747518	36
12	991	113.34350336257	37
12	991	113.34350336257	38
12	1011	115.340045246584	39
12	1011	115.340045246584	40
12	1048	119.91280631421	41
12	1048	119.91280631421	42
12	1097	124.024291219516	43
12	1097	124.024291219516	44
12	1110	125.03168124773	45
12	1110	125.03168124773	46
12	1162	129.733357687255	47
12	1162	129.733357687255	48
12	1178	131.664666550157	49
12	1178	131.664666550157	50
12	1198	132.768204646417	51
12	1198	132.768204646417	52
12	1223	138.494731633482	53
12	1223	138.494731633482	54
12	1262	142.218933473678	55
12	1262	142.218933473678	56
12	1338	150.511663918589	57
12	1338	150.511663918589	58
12	1402	156.936695028273	59
12	1402	156.936695028273	60
12	1416	158.53704328937	61
12	1416	158.53704328937	62
12	1467	164.046947297224	63
12	1467	164.046947297224	64
12	1501	167.041041296755	65
12	1501	167.041041296755	66
12	1583	177.440613351178	67
12	1583	177.440613351178	68
12	1608	181.040478531587	69
12	1608	181.040478531587	70
12	1689	189.980534009329	71
12	1689	189.980534009329	72
12	1802	206.795859282683	73
12	1802	206.795859282683	74
12	1815	207.721882405941	75
12	1815	207.721882405941	76
12	1836	209.006356264033	77
12	1836	209.006356264033	78
12	1871	212.831707616131	79
12	1871	212.831707616131	80
12	1950	222.354336791047	81
12	1950	222.354336791047	82
12	2077	237.823807843996	83
12	2077	237.823807843996	84
13	16	0.690354134947	1
13	35	4.841947943121	2
13	67	7.899326912499	3
13	91	9.184937322248	4
13	120	11.012780951453	5
13	306	32.972022219442	6
13	366	38.7098275482	7
13	403	42.352681865473	8
13	443	47.705656886019	9
13	523	55.210233247432	10
13	644	67.624109022669	11
13	657	69.345593416698	12
13	696	74.012980514266	13
13	712	75.947387211567	14
13	738	79.547454070187	15
13	814	90.607287022147	16
13	875	97.505047225645	17
13	974	111.730259747518	18
13	991	113.34350336257	19
13	1011	115.340045246584	20
13	1048	119.91280631421	21
13	1097	124.024291219516	22
13	1110	125.03168124773	23
13	1162	129.733357687255	24
13	1178	131.664666550157	25
13	1198	132.768204646417	26
13	1223	138.494731633482	27
13	1262	142.218933473678	28
13	1338	150.511663918589	29
13	1402	156.936695028273	30
13	1416	158.53704328937	31
13	1467	164.046947297224	32
13	1501	167.041041296755	33
13	1583	177.440613351178	34
13	1608	181.040478531587	35
13	1689	189.980534009329	36
13	1802	206.795859282683	37
13	1815	207.721882405941	38
13	1836	209.006356264033	39
13	1871	212.831707616131	40
13	1950	222.354336791047	41
13	2077	237.823807843996	42
14	276	30.841014298593	1
14	292	32.443352877687	2
14	1197	132.751821998318	3
14	1507	167.241752387469	4
14	1675	187.687128071872	5
14	1841	209.083906427099	6
15	276	30.841014298593	2.258839763432
15	292	32.443352877687	2.168779099633
15	1197	132.751821998318	1.776454257106
15	1507	167.241752387469	1.553660284687
15	1675	187.687128071872	2.349053480143
15	1841	209.083906427099	1.709071084679

