version 3
run General-0-20231019-19:13:55-57309
attr configname General
attr datetime 20231019-19:13:55
attr datetimef 20231019-191355
attr experiment General
attr inifile omnetpp.ini
attr iterationvars ""
attr iterationvarsd ""
attr iterationvarsf ""
attr measurement ""
attr network Reliability
attr processid 57309
attr repetition 0
attr replication #0
attr resultdir results
attr runnumber 0
attr seedset 0
config network Reliability
config Reliability.node[*].transmissionTime "uniform(1s, 2s)"
config Reliability.node[*].delayTime "uniform(0.01s, 0.2s)"
config Reliability.node[0].lossProbability 0.3
config Reliability.node[1].lossProbability 0.3
config Reliability.node[2].lossProbability 0.3
config Reliability.node[3].lossProbability 0.3/2
config Reliability.node[4].lossProbability 0.3/2
config Reliability.node[5].lossProbability 0.3*2
config Reliability.node[6].lossProbability 0.3*2
config Reliability.node[7].lossProbability 0.3*3
config record-eventlog true
config sim-time-limit 240s
config repeat 5

vector 0 Reliability.node[0] txVector ETV
vector 1 Reliability.node[1] txVector ETV
vector 2 Reliability.node[1] rxVector ETV
vector 3 Reliability.node[2] txVector ETV
vector 4 Reliability.node[2] rxVector ETV
vector 5 Reliability.node[3] txVector ETV
vector 6 Reliability.node[3] rxVector ETV
vector 7 Reliability.node[4] txVector ETV
vector 8 Reliability.node[4] rxVector ETV
vector 9 Reliability.node[0] rxVector ETV
vector 10 Reliability.node[6] txVector ETV
vector 11 Reliability.node[6] rxVector ETV
vector 12 Reliability.node[5] txVector ETV
vector 13 Reliability.node[5] rxVector ETV
vector 14 Reliability.node[7] rxVector ETV
vector 15 Reliability.node[7] e2eVector ETV
0	1	0.114274565438	1
0	1	0.114274565438	2
0	1	0.114274565438	2
0	1	0.114274565438	2
0	18	1.958540309528	3
0	18	1.958540309528	4
0	18	1.958540309528	4
0	18	1.958540309528	4
0	35	3.736697066417	5
0	35	3.736697066417	6
0	35	3.736697066417	6
0	35	3.736697066417	6
0	46	5.06083807054	7
0	46	5.06083807054	8
0	46	5.06083807054	8
0	46	5.06083807054	8
0	49	6.73147594424	9
0	49	6.73147594424	10
0	49	6.73147594424	10
0	49	6.73147594424	10
0	68	8.482162083108	11
0	68	8.482162083108	12
0	68	8.482162083108	12
0	68	8.482162083108	12
0	71	10.303155314019	13
0	71	10.303155314019	14
0	71	10.303155314019	14
0	71	10.303155314019	14
0	79	11.97681494507	15
0	79	11.97681494507	16
0	79	11.97681494507	16
0	79	11.97681494507	16
0	98	13.259621904539	17
0	98	13.259621904539	18
0	98	13.259621904539	18
0	98	13.259621904539	18
0	112	14.524352068855	19
0	112	14.524352068855	20
0	112	14.524352068855	20
0	112	14.524352068855	20
0	129	15.74743369951	21
0	129	15.74743369951	22
0	129	15.74743369951	22
0	129	15.74743369951	22
0	143	17.366242260515	23
0	143	17.366242260515	24
0	143	17.366242260515	24
0	143	17.366242260515	24
0	162	19.018345534877	25
0	162	19.018345534877	26
0	162	19.018345534877	26
0	162	19.018345534877	26
0	178	20.429742259282	27
0	178	20.429742259282	28
0	178	20.429742259282	28
0	178	20.429742259282	28
0	181	21.629738784704	29
0	181	21.629738784704	30
0	181	21.629738784704	30
0	181	21.629738784704	30
0	198	23.093189760886	31
0	198	23.093189760886	32
0	198	23.093189760886	32
0	198	23.093189760886	32
0	201	24.303033514956	33
0	201	24.303033514956	34
0	201	24.303033514956	34
0	201	24.303033514956	34
0	218	25.872607046815	35
0	218	25.872607046815	36
0	218	25.872607046815	36
0	218	25.872607046815	36
0	237	27.862945992809	37
0	237	27.862945992809	38
0	237	27.862945992809	38
0	237	27.862945992809	38
0	252	29.092387821835	39
0	252	29.092387821835	40
0	252	29.092387821835	40
0	252	29.092387821835	40
0	261	30.224455931534	41
0	261	30.224455931534	42
0	261	30.224455931534	42
0	261	30.224455931534	42
0	275	31.254908897293	43
0	275	31.254908897293	44
0	275	31.254908897293	44
0	275	31.254908897293	44
0	294	33.04006180757	45
0	294	33.04006180757	46
0	294	33.04006180757	46
0	294	33.04006180757	46
0	308	35.014320475592	47
0	308	35.014320475592	48
0	308	35.014320475592	48
0	308	35.014320475592	48
0	325	36.876511989704	49
0	325	36.876511989704	50
0	325	36.876511989704	50
0	325	36.876511989704	50
0	339	38.553923814169	51
0	339	38.553923814169	52
0	339	38.553923814169	52
0	339	38.553923814169	52
0	350	40.24954926044	53
0	350	40.24954926044	54
0	350	40.24954926044	54
0	350	40.24954926044	54
0	365	41.319408277825	55
0	365	41.319408277825	56
0	365	41.319408277825	56
0	365	41.319408277825	56
0	379	42.749810717378	57
0	379	42.749810717378	58
0	379	42.749810717378	58
0	379	42.749810717378	58
0	395	44.550189176185	59
0	395	44.550189176185	60
0	395	44.550189176185	60
0	395	44.550189176185	60
0	412	46.00741263021	61
0	412	46.00741263021	62
0	412	46.00741263021	62
0	412	46.00741263021	62
0	429	47.399186953048	63
0	429	47.399186953048	64
0	429	47.399186953048	64
0	429	47.399186953048	64
0	434	48.620347865003	65
0	434	48.620347865003	66
0	434	48.620347865003	66
0	434	48.620347865003	66
0	450	50.601987545223	67
0	450	50.601987545223	68
0	450	50.601987545223	68
0	450	50.601987545223	68
0	464	52.119296058391	69
0	464	52.119296058391	70
0	464	52.119296058391	70
0	464	52.119296058391	70
0	475	53.501055858641	71
0	475	53.501055858641	72
0	475	53.501055858641	72
0	475	53.501055858641	72
0	480	55.231764961344	73
0	480	55.231764961344	74
0	480	55.231764961344	74
0	480	55.231764961344	74
0	496	56.556169822656	75
0	496	56.556169822656	76
0	496	56.556169822656	76
0	496	56.556169822656	76
0	510	58.550570610755	77
0	510	58.550570610755	78
0	510	58.550570610755	78
0	510	58.550570610755	78
0	529	59.809272927775	79
0	529	59.809272927775	80
0	529	59.809272927775	80
0	529	59.809272927775	80
0	548	60.913900813165	81
0	548	60.913900813165	82
0	548	60.913900813165	82
0	548	60.913900813165	82
0	562	62.416610357662	83
0	562	62.416610357662	84
0	562	62.416610357662	84
0	562	62.416610357662	84
0	579	64.017002591242	85
0	579	64.017002591242	86
0	579	64.017002591242	86
0	579	64.017002591242	86
0	594	65.90426742689	87
0	594	65.90426742689	88
0	594	65.90426742689	88
0	594	65.90426742689	88
0	613	67.293402106112	89
0	613	67.293402106112	90
0	613	67.293402106112	90
0	613	67.293402106112	90
0	629	68.480954040617	91
0	629	68.480954040617	92
0	629	68.480954040617	92
0	629	68.480954040617	92
0	648	69.719367315837	93
0	648	69.719367315837	94
0	648	69.719367315837	94
0	648	69.719367315837	94
0	657	71.676300286392	95
0	657	71.676300286392	96
0	657	71.676300286392	96
0	657	71.676300286392	96
0	674	73.449383840274	97
0	674	73.449383840274	98
0	674	73.449383840274	98
0	674	73.449383840274	98
0	685	75.068566636724	99
0	685	75.068566636724	100
0	685	75.068566636724	100
0	685	75.068566636724	100
0	688	76.925691554864	101
0	688	76.925691554864	102
0	688	76.925691554864	102
0	688	76.925691554864	102
0	693	78.383950564154	103
0	693	78.383950564154	104
0	693	78.383950564154	104
0	693	78.383950564154	104
0	712	80.097717434243	105
0	712	80.097717434243	106
0	712	80.097717434243	106
0	712	80.097717434243	106
0	723	81.763395164004	107
0	723	81.763395164004	108
0	723	81.763395164004	108
0	723	81.763395164004	108
0	734	82.782518061651	109
0	734	82.782518061651	110
0	734	82.782518061651	110
0	734	82.782518061651	110
0	737	84.296277796459	111
0	737	84.296277796459	112
0	737	84.296277796459	112
0	737	84.296277796459	112
0	751	85.458398063975	113
0	751	85.458398063975	114
0	751	85.458398063975	114
0	751	85.458398063975	114
0	765	86.55401794713	115
0	765	86.55401794713	116
0	765	86.55401794713	116
0	765	86.55401794713	116
0	770	88.078397752792	117
0	770	88.078397752792	118
0	770	88.078397752792	118
0	770	88.078397752792	118
0	787	89.825234128936	119
0	787	89.825234128936	120
0	787	89.825234128936	120
0	787	89.825234128936	120
0	804	91.072919147164	121
0	804	91.072919147164	122
0	804	91.072919147164	122
0	804	91.072919147164	122
0	815	92.794349255581	123
0	815	92.794349255581	124
0	815	92.794349255581	124
0	815	92.794349255581	124
0	824	93.950732601416	125
0	824	93.950732601416	126
0	824	93.950732601416	126
0	824	93.950732601416	126
0	835	95.722998178639	127
0	835	95.722998178639	128
0	835	95.722998178639	128
0	835	95.722998178639	128
0	849	97.532363149412	129
0	849	97.532363149412	130
0	849	97.532363149412	130
0	849	97.532363149412	130
0	863	98.899989323532	131
0	863	98.899989323532	132
0	863	98.899989323532	132
0	863	98.899989323532	132
0	879	100.015651192358	133
0	879	100.015651192358	134
0	879	100.015651192358	134
0	879	100.015651192358	134
0	896	101.590729007572	135
0	896	101.590729007572	136
0	896	101.590729007572	136
0	896	101.590729007572	136
0	901	102.930360056069	137
0	901	102.930360056069	138
0	901	102.930360056069	138
0	901	102.930360056069	138
0	917	104.131370339385	139
0	917	104.131370339385	140
0	917	104.131370339385	140
0	917	104.131370339385	140
0	928	105.910549771814	141
0	928	105.910549771814	142
0	928	105.910549771814	142
0	928	105.910549771814	142
0	945	107.082745481357	143
0	945	107.082745481357	144
0	945	107.082745481357	144
0	945	107.082745481357	144
0	964	108.982612219946	145
0	964	108.982612219946	146
0	964	108.982612219946	146
0	964	108.982612219946	146
0	967	110.723850297117	147
0	967	110.723850297117	148
0	967	110.723850297117	148
0	967	110.723850297117	148
0	975	111.76677449055	149
0	975	111.76677449055	150
0	975	111.76677449055	150
0	975	111.76677449055	150
0	991	112.931307205772	151
0	991	112.931307205772	152
0	991	112.931307205772	152
0	991	112.931307205772	152
0	1010	114.111102493321	153
0	1010	114.111102493321	154
0	1010	114.111102493321	154
0	1010	114.111102493321	154
0	1027	115.555223902994	155
0	1027	115.555223902994	156
0	1027	115.555223902994	156
0	1027	115.555223902994	156
0	1046	117.326449365894	157
0	1046	117.326449365894	158
0	1046	117.326449365894	158
0	1046	117.326449365894	158
0	1049	118.570825439253	159
0	1049	118.570825439253	160
0	1049	118.570825439253	160
0	1049	118.570825439253	160
0	1066	120.153145172707	161
0	1066	120.153145172707	162
0	1066	120.153145172707	162
0	1066	120.153145172707	162
0	1069	122.029430066542	163
0	1069	122.029430066542	164
0	1069	122.029430066542	164
0	1069	122.029430066542	164
0	1086	123.158785832188	165
0	1086	123.158785832188	166
0	1086	123.158785832188	166
0	1086	123.158785832188	166
0	1100	124.358315362436	167
0	1100	124.358315362436	168
0	1100	124.358315362436	168
0	1100	124.358315362436	168
0	1109	125.916366602368	169
0	1109	125.916366602368	170
0	1109	125.916366602368	170
0	1109	125.916366602368	170
0	1126	127.567594165755	171
0	1126	127.567594165755	172
0	1126	127.567594165755	172
0	1126	127.567594165755	172
0	1137	129.428717174176	173
0	1137	129.428717174176	174
0	1137	129.428717174176	174
0	1137	129.428717174176	174
0	1154	130.746615039026	175
0	1154	130.746615039026	176
0	1154	130.746615039026	176
0	1154	130.746615039026	176
0	1162	132.170202680705	177
0	1162	132.170202680705	178
0	1162	132.170202680705	178
0	1162	132.170202680705	178
0	1173	133.376266213441	179
0	1173	133.376266213441	180
0	1173	133.376266213441	180
0	1173	133.376266213441	180
0	1190	134.959459043182	181
0	1190	134.959459043182	182
0	1190	134.959459043182	182
0	1190	134.959459043182	182
0	1193	136.125748612294	183
0	1193	136.125748612294	184
0	1193	136.125748612294	184
0	1193	136.125748612294	184
0	1212	137.475646287743	185
0	1212	137.475646287743	186
0	1212	137.475646287743	186
0	1212	137.475646287743	186
0	1231	139.241478768019	187
0	1231	139.241478768019	188
0	1231	139.241478768019	188
0	1231	139.241478768019	188
0	1248	140.608954091165	189
0	1248	140.608954091165	190
0	1248	140.608954091165	190
0	1248	140.608954091165	190
0	1265	141.95187488555	191
0	1265	141.95187488555	192
0	1265	141.95187488555	192
0	1265	141.95187488555	192
0	1282	143.725134018185	193
0	1282	143.725134018185	194
0	1282	143.725134018185	194
0	1282	143.725134018185	194
0	1296	145.349631492356	195
0	1296	145.349631492356	196
0	1296	145.349631492356	196
0	1296	145.349631492356	196
0	1312	147.321394568384	197
0	1312	147.321394568384	198
0	1312	147.321394568384	198
0	1312	147.321394568384	198
0	1328	149.317935429355	199
0	1328	149.317935429355	200
0	1328	149.317935429355	200
0	1328	149.317935429355	200
0	1343	150.86678176078	201
0	1343	150.86678176078	202
0	1343	150.86678176078	202
0	1343	150.86678176078	202
0	1359	152.733240430085	203
0	1359	152.733240430085	204
0	1359	152.733240430085	204
0	1359	152.733240430085	204
0	1378	154.502395961974	205
0	1378	154.502395961974	206
0	1378	154.502395961974	206
0	1378	154.502395961974	206
0	1381	156.055041838046	207
0	1381	156.055041838046	208
0	1381	156.055041838046	208
0	1381	156.055041838046	208
0	1397	157.360088537521	209
0	1397	157.360088537521	210
0	1397	157.360088537521	210
0	1397	157.360088537521	210
0	1402	159.006579130031	211
0	1402	159.006579130031	212
0	1402	159.006579130031	212
0	1402	159.006579130031	212
0	1413	160.302471105084	213
0	1413	160.302471105084	214
0	1413	160.302471105084	214
0	1413	160.302471105084	214
0	1430	161.407843613606	215
0	1430	161.407843613606	216
0	1430	161.407843613606	216
0	1430	161.407843613606	216
0	1446	162.923967316588	217
0	1446	162.923967316588	218
0	1446	162.923967316588	218
0	1446	162.923967316588	218
0	1462	164.210420857723	219
0	1462	164.210420857723	220
0	1462	164.210420857723	220
0	1462	164.210420857723	220
0	1470	166.109058528281	221
0	1470	166.109058528281	222
0	1470	166.109058528281	222
0	1470	166.109058528281	222
0	1479	167.982049106461	223
0	1479	167.982049106461	224
0	1479	167.982049106461	224
0	1479	167.982049106461	224
0	1496	169.280799411311	225
0	1496	169.280799411311	226
0	1496	169.280799411311	226
0	1496	169.280799411311	226
0	1513	170.654248306601	227
0	1513	170.654248306601	228
0	1513	170.654248306601	228
0	1513	170.654248306601	228
0	1532	172.192194090531	229
0	1532	172.192194090531	230
0	1532	172.192194090531	230
0	1532	172.192194090531	230
0	1551	173.346323940743	231
0	1551	173.346323940743	232
0	1551	173.346323940743	232
0	1551	173.346323940743	232
0	1556	175.329598809432	233
0	1556	175.329598809432	234
0	1556	175.329598809432	234
0	1556	175.329598809432	234
0	1570	176.479097346149	235
0	1570	176.479097346149	236
0	1570	176.479097346149	236
0	1570	176.479097346149	236
0	1587	177.883870975652	237
0	1587	177.883870975652	238
0	1587	177.883870975652	238
0	1587	177.883870975652	238
0	1601	179.636957232679	239
0	1601	179.636957232679	240
0	1601	179.636957232679	240
0	1601	179.636957232679	240
0	1618	180.775394078183	241
0	1618	180.775394078183	242
0	1618	180.775394078183	242
0	1618	180.775394078183	242
0	1635	181.909822137632	243
0	1635	181.909822137632	244
0	1635	181.909822137632	244
0	1635	181.909822137632	244
0	1652	182.950696993691	245
0	1652	182.950696993691	246
0	1652	182.950696993691	246
0	1652	182.950696993691	246
0	1667	184.093758421789	247
0	1667	184.093758421789	248
0	1667	184.093758421789	248
0	1667	184.093758421789	248
0	1683	185.750596769226	249
0	1683	185.750596769226	250
0	1683	185.750596769226	250
0	1683	185.750596769226	250
0	1699	187.597614115874	251
0	1699	187.597614115874	252
0	1699	187.597614115874	252
0	1699	187.597614115874	252
0	1710	188.699384378108	253
0	1710	188.699384378108	254
0	1710	188.699384378108	254
0	1710	188.699384378108	254
0	1726	190.514995347547	255
0	1726	190.514995347547	256
0	1726	190.514995347547	256
0	1726	190.514995347547	256
0	1743	191.943805123751	257
0	1743	191.943805123751	258
0	1743	191.943805123751	258
0	1743	191.943805123751	258
0	1754	193.329096685003	259
0	1754	193.329096685003	260
0	1754	193.329096685003	260
0	1754	193.329096685003	260
0	1765	195.312023164078	261
0	1765	195.312023164078	262
0	1765	195.312023164078	262
0	1765	195.312023164078	262
0	1779	196.530806473296	263
0	1779	196.530806473296	264
0	1779	196.530806473296	264
0	1779	196.530806473296	264
0	1798	197.685647179445	265
0	1798	197.685647179445	266
0	1798	197.685647179445	266
0	1798	197.685647179445	266
0	1817	199.010646113034	267
0	1817	199.010646113034	268
0	1817	199.010646113034	268
0	1817	199.010646113034	268
0	1833	200.394919287486	269
0	1833	200.394919287486	270
0	1833	200.394919287486	270
0	1833	200.394919287486	270
0	1847	202.073613929868	271
0	1847	202.073613929868	272
0	1847	202.073613929868	272
0	1847	202.073613929868	272
0	1866	203.8452167379	273
0	1866	203.8452167379	274
0	1866	203.8452167379	274
0	1866	203.8452167379	274
0	1869	205.792731103327	275
0	1869	205.792731103327	276
0	1869	205.792731103327	276
0	1869	205.792731103327	276
0	1885	207.086347922988	277
0	1885	207.086347922988	278
0	1885	207.086347922988	278
0	1885	207.086347922988	278
0	1902	209.0610509455	279
0	1902	209.0610509455	280
0	1902	209.0610509455	280
0	1902	209.0610509455	280
0	1918	210.922873931777	281
0	1918	210.922873931777	282
0	1918	210.922873931777	282
0	1918	210.922873931777	282
0	1935	212.619164777993	283
0	1935	212.619164777993	284
0	1935	212.619164777993	284
0	1935	212.619164777993	284
0	1952	213.966624446985	285
0	1952	213.966624446985	286
0	1952	213.966624446985	286
0	1952	213.966624446985	286
0	1955	215.918524828114	287
0	1955	215.918524828114	288
0	1955	215.918524828114	288
0	1955	215.918524828114	288
0	1972	217.855647844801	289
0	1972	217.855647844801	290
0	1972	217.855647844801	290
0	1972	217.855647844801	290
0	1989	219.706053010727	291
0	1989	219.706053010727	292
0	1989	219.706053010727	292
0	1989	219.706053010727	292
0	1992	221.389654512125	293
0	1992	221.389654512125	294
0	1992	221.389654512125	294
0	1992	221.389654512125	294
0	2006	222.770104190641	295
0	2006	222.770104190641	296
0	2006	222.770104190641	296
0	2006	222.770104190641	296
0	2017	224.655626829787	297
0	2017	224.655626829787	298
0	2017	224.655626829787	298
0	2017	224.655626829787	298
0	2031	225.809569628051	299
0	2031	225.809569628051	300
0	2031	225.809569628051	300
0	2031	225.809569628051	300
0	2048	227.807768582905	301
0	2048	227.807768582905	302
0	2048	227.807768582905	302
0	2048	227.807768582905	302
0	2065	229.005209893992	303
0	2065	229.005209893992	304
0	2065	229.005209893992	304
0	2065	229.005209893992	304
0	2076	230.178403128011	305
0	2076	230.178403128011	306
0	2076	230.178403128011	306
0	2076	230.178403128011	306
0	2090	231.53530704866	307
0	2090	231.53530704866	308
0	2090	231.53530704866	308
0	2090	231.53530704866	308
0	2109	232.560538874313	309
0	2109	232.560538874313	310
0	2109	232.560538874313	310
0	2109	232.560538874313	310
0	2128	234.204182890316	311
0	2128	234.204182890316	312
0	2128	234.204182890316	312
0	2128	234.204182890316	312
0	2142	235.253468150112	313
0	2142	235.253468150112	314
0	2142	235.253468150112	314
0	2142	235.253468150112	314
0	2161	237.023729594031	315
0	2161	237.023729594031	316
0	2161	237.023729594031	316
0	2161	237.023729594031	316
0	2175	238.598719921967	317
0	2175	238.598719921967	318
0	2175	238.598719921967	318
0	2175	238.598719921967	318
1	2	0.246915042552	1
1	2	0.246915042552	2
1	2	0.246915042552	3
1	23	2.474018352931	4
1	23	2.474018352931	5
1	23	2.474018352931	6
1	41	4.088059024871	7
1	41	4.088059024871	8
1	41	4.088059024871	9
1	51	6.819524856578	10
1	51	6.819524856578	11
1	51	6.819524856578	12
1	80	12.004260624973	13
1	80	12.004260624973	14
1	80	12.004260624973	15
1	100	13.43948526775	16
1	100	13.43948526775	17
1	100	13.43948526775	18
1	113	14.653079930139	19
1	113	14.653079930139	20
1	113	14.653079930139	21
1	130	15.842458865019	22
1	130	15.842458865019	23
1	130	15.842458865019	24
1	144	17.510350415447	25
1	144	17.510350415447	26
1	144	17.510350415447	27
1	167	19.38002620692	28
1	167	19.38002620692	29
1	167	19.38002620692	30
1	188	22.133288629294	31
1	188	22.133288629294	32
1	188	22.133288629294	33
1	202	24.36459589485	34
1	202	24.36459589485	35
1	202	24.36459589485	36
1	220	26.062974591968	37
1	220	26.062974591968	38
1	220	26.062974591968	39
1	238	28.032806482876	40
1	238	28.032806482876	41
1	238	28.032806482876	42
1	254	29.210689852952	43
1	254	29.210689852952	44
1	254	29.210689852952	45
1	262	30.381651257077	46
1	262	30.381651257077	47
1	262	30.381651257077	48
1	276	31.40219304032	49
1	276	31.40219304032	50
1	276	31.40219304032	51
1	297	33.206993750395	52
1	297	33.206993750395	53
1	297	33.206993750395	54
1	309	35.052910927956	55
1	309	35.052910927956	56
1	309	35.052910927956	57
1	327	36.944130306458	58
1	327	36.944130306458	59
1	327	36.944130306458	60
1	341	38.703747267607	61
1	341	38.703747267607	62
1	341	38.703747267607	63
1	351	40.303439057607	64
1	351	40.303439057607	65
1	351	40.303439057607	66
1	366	41.346127140704	67
1	366	41.346127140704	68
1	366	41.346127140704	69
1	380	42.785575348872	70
1	380	42.785575348872	71
1	380	42.785575348872	72
1	397	44.733156478456	73
1	397	44.733156478456	74
1	397	44.733156478456	75
1	414	46.111749579366	76
1	414	46.111749579366	77
1	414	46.111749579366	78
1	437	48.733642565743	79
1	437	48.733642565743	80
1	437	48.733642565743	81
1	451	50.748500776911	82
1	451	50.748500776911	83
1	451	50.748500776911	84
1	465	52.188170420253	85
1	465	52.188170420253	86
1	465	52.188170420253	87
1	481	55.322871432083	88
1	481	55.322871432083	89
1	481	55.322871432083	90
1	500	56.760083281142	91
1	500	56.760083281142	92
1	500	56.760083281142	93
1	511	58.598781446629	94
1	511	58.598781446629	95
1	511	58.598781446629	96
1	530	59.914038674187	97
1	530	59.914038674187	98
1	530	59.914038674187	99
1	555	61.167696933997	100
1	555	61.167696933997	101
1	555	61.167696933997	102
1	564	62.559577721523	103
1	564	62.559577721523	104
1	564	62.559577721523	105
1	580	64.139435055228	106
1	580	64.139435055228	107
1	580	64.139435055228	108
1	608	66.519022409727	109
1	608	66.519022409727	110
1	608	66.519022409727	111
1	614	67.396006627341	112
1	614	67.396006627341	113
1	614	67.396006627341	114
1	630	68.554914036677	115
1	630	68.554914036677	116
1	630	68.554914036677	117
1	649	69.846539543041	118
1	649	69.846539543041	119
1	649	69.846539543041	120
1	663	72.034943661796	121
1	663	72.034943661796	122
1	663	72.034943661796	123
1	675	73.486528106867	124
1	675	73.486528106867	125
1	675	73.486528106867	126
1	694	78.469447007364	127
1	694	78.469447007364	128
1	694	78.469447007364	129
1	713	80.133911715809	130
1	713	80.133911715809	131
1	713	80.133911715809	132
1	724	81.819602878401	133
1	724	81.819602878401	134
1	724	81.819602878401	135
1	739	84.478970271259	136
1	739	84.478970271259	137
1	739	84.478970271259	138
1	752	85.544937443219	139
1	752	85.544937443219	140
1	752	85.544937443219	141
1	776	88.56325764376	142
1	776	88.56325764376	143
1	776	88.56325764376	144
1	788	89.845496966365	145
1	788	89.845496966365	146
1	788	89.845496966365	147
1	811	91.492959840237	148
1	811	91.492959840237	149
1	811	91.492959840237	150
1	816	92.833807868749	151
1	816	92.833807868749	152
1	816	92.833807868749	153
1	827	94.148439960585	154
1	827	94.148439960585	155
1	827	94.148439960585	156
1	836	95.814705427583	157
1	836	95.814705427583	158
1	836	95.814705427583	159
1	851	97.66851535952	160
1	851	97.66851535952	161
1	851	97.66851535952	162
1	864	99.03507459487	163
1	864	99.03507459487	164
1	864	99.03507459487	165
1	881	100.205982391229	166
1	881	100.205982391229	167
1	881	100.205982391229	168
1	902	102.998548940621	169
1	902	102.998548940621	170
1	902	102.998548940621	171
1	919	104.261135129473	172
1	919	104.261135129473	173
1	919	104.261135129473	174
1	929	106.024963573909	175
1	929	106.024963573909	176
1	929	106.024963573909	177
1	946	107.124766191042	178
1	946	107.124766191042	179
1	946	107.124766191042	180
1	981	111.975444740055	181
1	981	111.975444740055	182
1	981	111.975444740055	183
1	992	113.006566977841	184
1	992	113.006566977841	185
1	992	113.006566977841	186
1	1012	114.31541733223	187
1	1012	114.31541733223	188
1	1012	114.31541733223	189
1	1028	115.615852619141	190
1	1028	115.615852619141	191
1	1028	115.615852619141	192
1	1052	118.772023822453	193
1	1052	118.772023822453	194
1	1052	118.772023822453	195
1	1073	122.23863497242	196
1	1073	122.23863497242	197
1	1073	122.23863497242	198
1	1087	123.229475582581	199
1	1087	123.229475582581	200
1	1087	123.229475582581	201
1	1102	124.514192580214	202
1	1102	124.514192580214	203
1	1102	124.514192580214	204
1	1110	126.108283676206	205
1	1110	126.108283676206	206
1	1110	126.108283676206	207
1	1127	127.771388347216	208
1	1127	127.771388347216	209
1	1127	127.771388347216	210
1	1138	129.467717683194	211
1	1138	129.467717683194	212
1	1138	129.467717683194	213
1	1163	132.253178545744	214
1	1163	132.253178545744	215
1	1163	132.253178545744	216
1	1174	133.42059017919	217
1	1174	133.42059017919	218
1	1174	133.42059017919	219
1	1199	136.417687948777	220
1	1199	136.417687948777	221
1	1199	136.417687948777	222
1	1213	137.511392759832	223
1	1213	137.511392759832	224
1	1213	137.511392759832	225
1	1232	139.299287046154	226
1	1232	139.299287046154	227
1	1232	139.299287046154	228
1	1249	140.772568921845	229
1	1249	140.772568921845	230
1	1249	140.772568921845	231
1	1272	142.557892533555	232
1	1272	142.557892533555	233
1	1272	142.557892533555	234
1	1285	143.878407761555	235
1	1285	143.878407761555	236
1	1285	143.878407761555	237
1	1298	145.466926828523	238
1	1298	145.466926828523	239
1	1298	145.466926828523	240
1	1313	147.436398635344	241
1	1313	147.436398635344	242
1	1313	147.436398635344	243
1	1330	149.490087163369	244
1	1330	149.490087163369	245
1	1330	149.490087163369	246
1	1347	151.031832261602	247
1	1347	151.031832261602	248
1	1347	151.031832261602	249
1	1361	152.921268898349	250
1	1361	152.921268898349	251
1	1361	152.921268898349	252
1	1405	159.156991373976	253
1	1405	159.156991373976	254
1	1405	159.156991373976	255
1	1415	160.476983578054	256
1	1415	160.476983578054	257
1	1415	160.476983578054	258
1	1435	161.650430285972	259
1	1435	161.650430285972	260
1	1435	161.650430285972	261
1	1448	163.098106507496	262
1	1448	163.098106507496	263
1	1448	163.098106507496	264
1	1472	166.229439327316	265
1	1472	166.229439327316	266
1	1472	166.229439327316	267
1	1481	168.062191920666	268
1	1481	168.062191920666	269
1	1481	168.062191920666	270
1	1498	169.477520457487	271
1	1498	169.477520457487	272
1	1498	169.477520457487	273
1	1520	171.124019372643	274
1	1520	171.124019372643	275
1	1520	171.124019372643	276
1	1533	172.286817072568	277
1	1533	172.286817072568	278
1	1533	172.286817072568	279
1	1558	175.534487012057	280
1	1558	175.534487012057	281
1	1558	175.534487012057	282
1	1571	176.536714078186	283
1	1571	176.536714078186	284
1	1571	176.536714078186	285
1	1590	178.050561771118	286
1	1590	178.050561771118	287
1	1590	178.050561771118	288
1	1603	179.790296528097	289
1	1603	179.790296528097	290
1	1603	179.790296528097	291
1	1619	180.915786296166	292
1	1619	180.915786296166	293
1	1619	180.915786296166	294
1	1636	181.933563549904	295
1	1636	181.933563549904	296
1	1636	181.933563549904	297
1	1653	183.096678685383	298
1	1653	183.096678685383	299
1	1653	183.096678685383	300
1	1668	184.151547942513	301
1	1668	184.151547942513	302
1	1668	184.151547942513	303
1	1684	185.813808731506	304
1	1684	185.813808731506	305
1	1684	185.813808731506	306
1	1702	187.738903065747	307
1	1702	187.738903065747	308
1	1702	187.738903065747	309
1	1713	188.805186344457	310
1	1713	188.805186344457	311
1	1713	188.805186344457	312
1	1732	190.951400139596	313
1	1732	190.951400139596	314
1	1732	190.951400139596	315
1	1744	191.973201889493	316
1	1744	191.973201889493	317
1	1744	191.973201889493	318
1	1756	193.447294962502	319
1	1756	193.447294962502	320
1	1756	193.447294962502	321
1	1766	195.438815573745	322
1	1766	195.438815573745	323
1	1766	195.438815573745	324
1	1782	196.711371223375	325
1	1782	196.711371223375	326
1	1782	196.711371223375	327
1	1800	197.791754843213	328
1	1800	197.791754843213	329
1	1800	197.791754843213	330
1	1819	199.147720882576	331
1	1819	199.147720882576	332
1	1819	199.147720882576	333
1	1834	200.463966020651	334
1	1834	200.463966020651	335
1	1834	200.463966020651	336
1	1848	202.254063322969	337
1	1848	202.254063322969	338
1	1848	202.254063322969	339
1	1870	205.916651615203	340
1	1870	205.916651615203	341
1	1870	205.916651615203	342
1	1887	207.290011740541	343
1	1887	207.290011740541	344
1	1887	207.290011740541	345
1	1903	209.138374244539	346
1	1903	209.138374244539	347
1	1903	209.138374244539	348
1	1919	210.970309517554	349
1	1919	210.970309517554	350
1	1919	210.970309517554	351
1	1937	212.6789892976	352
1	1937	212.6789892976	353
1	1937	212.6789892976	354
1	1956	215.954395640114	355
1	1956	215.954395640114	356
1	1956	215.954395640114	357
1	1973	218.011466515149	358
1	1973	218.011466515149	359
1	1973	218.011466515149	360
1	1994	221.435272592857	361
1	1994	221.435272592857	362
1	1994	221.435272592857	363
1	2007	222.862618402139	364
1	2007	222.862618402139	365
1	2007	222.862618402139	366
1	2018	224.745963925478	367
1	2018	224.745963925478	368
1	2018	224.745963925478	369
1	2034	225.974120228243	370
1	2034	225.974120228243	371
1	2034	225.974120228243	372
1	2050	227.902263773464	373
1	2050	227.902263773464	374
1	2050	227.902263773464	375
1	2068	229.196287822039	376
1	2068	229.196287822039	377
1	2068	229.196287822039	378
1	2077	230.307461931117	379
1	2077	230.307461931117	380
1	2077	230.307461931117	381
1	2091	231.562757051085	382
1	2091	231.562757051085	383
1	2091	231.562757051085	384
1	2111	232.692454787656	385
1	2111	232.692454787656	386
1	2111	232.692454787656	387
1	2135	234.674195382902	388
1	2135	234.674195382902	389
1	2135	234.674195382902	390
1	2143	235.27759149356	391
1	2143	235.27759149356	392
1	2143	235.27759149356	393
1	2163	237.205348913763	394
1	2163	237.205348913763	395
1	2163	237.205348913763	396
1	2182	239.011517759314	397
1	2182	239.011517759314	398
1	2182	239.011517759314	399
2	2	0.246915042552	1
2	10	0.473584416151	2
2	12	0.505734315702	3
2	23	2.474018352931	4
2	34	2.680627461328	5
2	41	4.088059024871	6
2	51	6.819524856578	7
2	61	7.005738174515	8
2	65	7.05461671548	9
2	80	12.004260624973	10
2	94	12.287019813924	11
2	97	12.350983483402	12
2	100	13.43948526775	13
2	103	13.553569240545	14
2	106	13.635822863784	15
2	113	14.653079930139	16
2	122	14.897626579367	17
2	130	15.842458865019	18
2	133	15.941220319027	19
2	139	15.997524053846	20
2	144	17.510350415447	21
2	147	17.610869711215	22
2	151	17.739612395238	23
2	167	19.38002620692	24
2	188	22.133288629294	25
2	194	22.320258495611	26
2	202	24.36459589485	27
2	208	24.546110798927	28
2	214	24.774457699137	29
2	220	26.062974591968	30
2	227	26.225863983128	31
2	232	26.296547698702	32
2	238	28.032806482876	33
2	248	28.219513530654	34
2	254	29.210689852952	35
2	260	29.485622618389	36
2	262	30.381651257077	37
2	273	30.618411204373	38
2	276	31.40219304032	39
2	283	31.663895927427	40
2	287	31.742393045598	41
2	297	33.206993750395	42
2	303	33.317879707047	43
2	309	35.052910927956	44
2	314	35.226457542114	45
2	327	36.944130306458	46
2	334	37.137556985084	47
2	341	38.703747267607	48
2	346	38.879775235187	49
2	351	40.303439057607	50
2	358	40.543321692483	51
2	360	40.606184030529	52
2	366	41.346127140704	53
2	378	41.590453349015	54
2	380	42.785575348872	55
2	393	43.045178103802	56
2	397	44.733156478456	57
2	405	45.056621479196	58
2	414	46.111749579366	59
2	417	46.246915719772	60
2	428	46.560725328959	61
2	437	48.733642565743	62
2	447	48.985889757241	63
2	449	49.039350700853	64
2	451	50.748500776911	65
2	458	50.961882398181	66
2	463	51.069635175137	67
2	465	52.188170420253	68
2	472	52.446003548645	69
2	481	55.322871432083	70
2	487	55.493420221153	71
2	490	55.55231139939	72
2	500	56.760083281142	73
2	505	56.903607745685	74
2	508	56.946100487947	75
2	511	58.598781446629	76
2	523	58.883600482582	77
2	526	58.900375045909	78
2	530	59.914038674187	79
2	555	61.167696933997	80
2	564	62.559577721523	81
2	567	62.686509897609	82
2	574	62.871718829622	83
2	580	64.139435055228	84
2	585	64.345295681525	85
2	587	64.392528972668	86
2	608	66.519022409727	87
2	614	67.396006627341	88
2	621	67.649992771757	89
2	625	67.725656229497	90
2	630	68.554914036677	91
2	639	68.849214079086	92
2	642	68.936880998122	93
2	649	69.846539543041	94
2	655	70.031107595805	95
2	663	72.034943661796	96
2	670	72.254362395626	97
2	675	73.486528106867	98
2	680	73.70819541315	99
2	694	78.469447007364	100
2	700	78.702047887224	101
2	713	80.133911715809	102
2	722	80.642756882776	103
2	724	81.819602878401	104
2	739	84.478970271259	105
2	746	84.769378130581	106
2	748	84.836409469004	107
2	752	85.544937443219	108
2	761	85.821919540505	109
2	776	88.56325764376	110
2	782	88.891276846908	111
2	788	89.845496966365	112
2	797	90.080972278622	113
2	800	90.165806739068	114
2	811	91.492959840237	115
2	816	92.833807868749	116
2	827	94.148439960585	117
2	833	94.302093875644	118
2	836	95.814705427583	119
2	851	97.66851535952	120
2	857	97.775574795905	121
2	864	99.03507459487	122
2	873	99.243553924755	123
2	881	100.205982391229	124
2	892	100.451680696602	125
2	895	100.482041183496	126
2	902	102.998548940621	127
2	912	103.186023928151	128
2	919	104.261135129473	129
2	925	104.549706705502	130
2	929	106.024963573909	131
2	937	106.230153489968	132
2	940	106.292099806443	133
2	946	107.124766191042	134
2	953	107.409271171503	135
2	981	111.975444740055	136
2	982	111.982260796846	137
2	985	112.138340069568	138
2	992	113.006566977841	139
2	997	113.185166628231	140
2	1006	113.312053098274	141
2	1012	114.31541733223	142
2	1018	114.501962994681	143
2	1028	115.615852619141	144
2	1040	115.823313827844	145
2	1043	115.895488515915	146
2	1052	118.772023822453	147
2	1056	118.824894774293	148
2	1057	118.864470303131	149
2	1073	122.23863497242	150
2	1077	122.392863886225	151
2	1083	122.531728808153	152
2	1087	123.229475582581	153
2	1102	124.514192580214	154
2	1105	124.63589105758	155
2	1110	126.108283676206	156
2	1116	126.212489393757	157
2	1127	127.771388347216	158
2	1133	127.919210166982	159
2	1138	129.467717683194	160
2	1151	130.040916207519	161
2	1163	132.253178545744	162
2	1169	132.463219540298	163
2	1174	133.42059017919	164
2	1182	133.607645058348	165
2	1186	133.678013361655	166
2	1199	136.417687948777	167
2	1205	136.616281728293	168
2	1213	137.511392759832	169
2	1218	137.677244504867	170
2	1225	137.836897175098	171
2	1232	139.299287046154	172
2	1240	139.562649898307	173
2	1249	140.772568921845	174
2	1260	141.049318373352	175
2	1272	142.557892533555	176
2	1285	143.878407761555	177
2	1290	143.987550874176	178
2	1294	144.101943316939	179
2	1298	145.466926828523	180
2	1302	145.693637742542	181
2	1304	145.731801217345	182
2	1313	147.436398635344	183
2	1318	147.618463065808	184
2	1326	147.808787378813	185
2	1330	149.490087163369	186
2	1338	149.688086036853	187
2	1341	149.729251205916	188
2	1347	151.031832261602	189
2	1354	151.221684571521	190
2	1361	152.921268898349	191
2	1368	153.079858720848	192
2	1405	159.156991373976	193
2	1410	159.275133181966	194
2	1415	160.476983578054	195
2	1421	160.669360617597	196
2	1423	160.715579489645	197
2	1435	161.650430285972	198
2	1448	163.098106507496	199
2	1457	163.352693980168	200
2	1458	163.396466069324	201
2	1472	166.229439327316	202
2	1478	166.346301520243	203
2	1481	168.062191920666	204
2	1487	168.222832933046	205
2	1495	168.416654549375	206
2	1498	169.477520457487	207
2	1503	169.636218883751	208
2	1511	169.801931541522	209
2	1520	171.124019372643	210
2	1533	172.286817072568	211
2	1538	172.36450334394	212
2	1547	172.544746884534	213
2	1558	175.534487012057	214
2	1561	175.682281276084	215
2	1571	176.536714078186	216
2	1576	176.655412517335	217
2	1582	176.8108763283	218
2	1590	178.050561771118	219
2	1599	178.397146315694	220
2	1603	179.790296528097	221
2	1617	180.076650656829	222
2	1619	180.915786296166	223
2	1626	181.090526966962	224
2	1630	181.122115603832	225
2	1636	181.933563549904	226
2	1653	183.096678685383	227
2	1662	183.316315718091	228
2	1666	183.411175079153	229
2	1668	184.151547942513	230
2	1681	184.427266847717	231
2	1684	185.813808731506	232
2	1702	187.738903065747	233
2	1704	187.786072080408	234
2	1713	188.805186344457	235
2	1720	188.973513885361	236
2	1722	189.035088314195	237
2	1732	190.951400139596	238
2	1744	191.973201889493	239
2	1747	192.044059312851	240
2	1756	193.447294962502	241
2	1763	193.620078327091	242
2	1766	195.438815573745	243
2	1774	195.713139867932	244
2	1782	196.711371223375	245
2	1785	196.806708891923	246
2	1800	197.791754843213	247
2	1802	197.857241349646	248
2	1819	199.147720882576	249
2	1834	200.463966020651	250
2	1843	200.670871495118	251
2	1846	200.755928744006	252
2	1848	202.254063322969	253
2	1859	202.613672262827	254
2	1860	202.630052185849	255
2	1870	205.916651615203	256
2	1878	206.106016994988	257
2	1879	206.114390548969	258
2	1887	207.290011740541	259
2	1898	207.679934252684	260
2	1903	209.138374244539	261
2	1919	210.970309517554	262
2	1926	211.153655499062	263
2	1937	212.6789892976	264
2	1944	212.980991580968	265
2	1956	215.954395640114	266
2	1967	216.164522390085	267
2	1968	216.176346375692	268
2	1973	218.011466515149	269
2	1988	218.416414542686	270
2	1994	221.435272592857	271
2	2001	221.793957674149	272
2	2007	222.862618402139	273
2	2013	223.070648620893	274
2	2018	224.745963925478	275
2	2029	224.972841994144	276
2	2030	225.000264129058	277
2	2034	225.974120228243	278
2	2038	226.060105112734	279
2	2044	226.236364318036	280
2	2050	227.902263773464	281
2	2053	227.983318652283	282
2	2054	228.024465953424	283
2	2068	229.196287822039	284
2	2075	229.398583641148	285
2	2077	230.307461931117	286
2	2091	231.562757051085	287
2	2099	231.807404390949	288
2	2111	232.692454787656	289
2	2120	232.969260640971	290
2	2135	234.674195382902	291
2	2141	234.890128887857	292
2	2143	235.27759149356	293
2	2150	235.544991982053	294
2	2160	235.675563987276	295
2	2163	237.205348913763	296
2	2170	237.411834814339	297
2	2173	237.471359782503	298
2	2182	239.011517759314	299
3	3	0.270160544783	1
3	3	0.270160544783	2
3	20	2.160399788849	3
3	20	2.160399788849	4
3	36	3.760267128041	5
3	36	3.760267128041	6
3	50	6.775971940926	7
3	50	6.775971940926	8
3	73	10.482364846286	9
3	73	10.482364846286	10
3	83	12.080740020149	11
3	83	12.080740020149	12
3	107	13.640804307736	13
3	107	13.640804307736	14
3	114	14.665747074085	15
3	114	14.665747074085	16
3	131	15.84796615786	17
3	131	15.84796615786	18
3	152	17.73973737757	19
3	152	17.73973737757	20
3	163	19.191736137337	21
3	163	19.191736137337	22
3	183	21.800541348172	23
3	183	21.800541348172	24
3	213	24.721246127269	25
3	213	24.721246127269	26
3	219	26.02839946405	27
3	219	26.02839946405	28
3	264	30.423138002328	29
3	264	30.423138002328	30
3	282	31.645880215372	31
3	282	31.645880215372	32
3	295	33.062576810359	33
3	295	33.062576810359	34
3	310	35.111483368215	35
3	310	35.111483368215	36
3	326	36.913536566002	37
3	326	36.913536566002	38
3	340	38.657906724848	39
3	340	38.657906724848	40
3	370	41.488301391695	41
3	370	41.488301391695	42
3	382	42.856945469114	43
3	382	42.856945469114	44
3	402	44.955077779691	45
3	402	44.955077779691	46
3	420	46.357240213423	47
3	420	46.357240213423	48
3	430	47.425355359307	49
3	430	47.425355359307	50
3	435	48.662289880645	51
3	435	48.662289880645	52
3	452	50.798094572681	53
3	452	50.798094572681	54
3	471	52.44450742116	55
3	471	52.44450742116	56
3	477	53.695233991368	57
3	477	53.695233991368	58
3	493	55.693113918502	59
3	493	55.693113918502	60
3	497	56.601221709384	61
3	497	56.601221709384	62
3	513	58.683094390175	63
3	513	58.683094390175	64
3	531	59.998227259596	65
3	531	59.998227259596	66
3	549	60.95090477654	67
3	549	60.95090477654	68
3	563	62.523033734116	69
3	563	62.523033734116	70
3	596	65.984400131602	71
3	596	65.984400131602	72
3	615	67.48403395469	73
3	615	67.48403395469	74
3	631	68.621235822416	75
3	631	68.621235822416	76
3	659	71.86180597468	77
3	659	71.86180597468	78
3	682	73.732012382622	79
3	682	73.732012382622	80
3	689	76.997229449464	81
3	689	76.997229449464	82
3	699	78.656490638657	83
3	699	78.656490638657	84
3	715	80.251328757939	85
3	715	80.251328757939	86
3	725	81.850887952813	87
3	725	81.850887952813	88
3	747	84.822567233749	89
3	747	84.822567233749	90
3	753	85.648579409789	91
3	753	85.648579409789	92
3	766	86.592541690406	93
3	766	86.592541690406	94
3	772	88.282836726525	95
3	772	88.282836726525	96
3	789	89.863074078151	97
3	789	89.863074078151	98
3	806	91.268242902793	99
3	806	91.268242902793	100
3	825	93.993062473757	101
3	825	93.993062473757	102
3	837	95.876976210878	103
3	837	95.876976210878	104
3	850	97.628938089968	105
3	850	97.628938089968	106
3	865	99.058166806854	107
3	865	99.058166806854	108
3	880	100.174976127816	109
3	880	100.174976127816	110
3	898	101.742540693304	111
3	898	101.742540693304	112
3	903	102.999174219368	113
3	903	102.999174219368	114
3	930	106.038440512647	115
3	930	106.038440512647	116
3	955	107.420962791352	117
3	955	107.420962791352	118
3	968	110.866290151358	119
3	968	110.866290151358	120
3	976	111.849525228205	121
3	976	111.849525228205	122
3	994	113.084483538785	123
3	994	113.084483538785	124
3	1011	114.309543066215	125
3	1011	114.309543066215	126
3	1031	115.653846096486	127
3	1031	115.653846096486	128
3	1050	118.633250856282	129
3	1050	118.633250856282	130
3	1070	122.073882423192	131
3	1070	122.073882423192	132
3	1088	123.260507869733	133
3	1088	123.260507869733	134
3	1119	126.33294011657	135
3	1119	126.33294011657	136
3	1128	127.777198495063	137
3	1128	127.777198495063	138
3	1139	129.467765006428	139
3	1139	129.467765006428	140
3	1156	130.936762497252	141
3	1156	130.936762497252	142
3	1165	132.362386650969	143
3	1165	132.362386650969	144
3	1176	133.466279496546	145
3	1176	133.466279496546	146
3	1194	136.187648989102	147
3	1194	136.187648989102	148
3	1215	137.607857509474	149
3	1215	137.607857509474	150
3	1234	139.42286153073	151
3	1234	139.42286153073	152
3	1250	140.80796918831	153
3	1250	140.80796918831	154
3	1267	142.142515968774	155
3	1267	142.142515968774	156
3	1283	143.746018436565	157
3	1283	143.746018436565	158
3	1305	145.800811053838	159
3	1305	145.800811053838	160
3	1314	147.450380419516	161
3	1314	147.450380419516	162
3	1345	150.959506962094	163
3	1345	150.959506962094	164
3	1374	153.2671259361	165
3	1374	153.2671259361	166
3	1382	156.136611778687	167
3	1382	156.136611778687	168
3	1399	157.528515177578	169
3	1399	157.528515177578	170
3	1403	159.029387506556	171
3	1403	159.029387506556	172
3	1414	160.456987752363	173
3	1414	160.456987752363	174
3	1431	161.430434785476	175
3	1431	161.430434785476	176
3	1447	163.004392757348	177
3	1447	163.004392757348	178
3	1464	164.30570540927	179
3	1464	164.30570540927	180
3	1480	168.016028156028	181
3	1480	168.016028156028	182
3	1506	169.665591823594	183
3	1506	169.665591823594	184
3	1515	170.854628587101	185
3	1515	170.854628587101	186
3	1534	172.30228920513	187
3	1534	172.30228920513	188
3	1552	173.503023073017	189
3	1552	173.503023073017	190
3	1573	176.611386928503	191
3	1573	176.611386928503	192
3	1588	177.985262892961	193
3	1588	177.985262892961	194
3	1602	179.779316652207	195
3	1602	179.779316652207	196
3	1620	180.970144295578	197
3	1620	180.970144295578	198
3	1639	182.033745156332	199
3	1639	182.033745156332	200
3	1671	184.225027766933	201
3	1671	184.225027766933	202
3	1685	185.83645225306	203
3	1685	185.83645225306	204
3	1700	187.694847875719	205
3	1700	187.694847875719	206
3	1711	188.734203012571	207
3	1711	188.734203012571	208
3	1728	190.708968279286	209
3	1728	190.708968279286	210
3	1748	192.045680097918	211
3	1748	192.045680097918	212
3	1755	193.431797254242	213
3	1755	193.431797254242	214
3	1770	195.617138920359	215
3	1770	195.617138920359	216
3	1780	196.573011231963	217
3	1780	196.573011231963	218
3	1808	197.943418027425	219
3	1808	197.943418027425	220
3	1818	199.036862801027	221
3	1818	199.036862801027	222
3	1836	200.548039622228	223
3	1836	200.548039622228	224
3	1849	202.256155844646	225
3	1849	202.256155844646	226
3	1871	205.932476099276	227
3	1871	205.932476099276	228
3	1897	207.666909611528	229
3	1897	207.666909611528	230
3	1905	209.24866071472	231
3	1905	209.24866071472	232
3	1920	210.983283588819	233
3	1920	210.983283588819	234
3	1942	212.967955154015	235
3	1942	212.967955154015	236
3	1964	216.080040471727	237
3	1964	216.080040471727	238
3	1974	218.032527199901	239
3	1974	218.032527199901	240
3	2010	222.934017323371	241
3	2010	222.934017323371	242
3	2022	224.812605581738	243
3	2022	224.812605581738	244
3	2032	225.848342734446	245
3	2032	225.848342734446	246
3	2058	228.101088314448	247
3	2058	228.101088314448	248
3	2066	229.051196182885	249
3	2066	229.051196182885	250
3	2085	230.532022265166	251
3	2085	230.532022265166	252
3	2093	231.647826442149	253
3	2093	231.647826442149	254
3	2115	232.891101213631	255
3	2115	232.891101213631	256
3	2129	234.281537344106	257
3	2129	234.281537344106	258
3	2147	235.433225896053	259
3	2147	235.433225896053	260
3	2162	237.139907910763	261
3	2162	237.139907910763	262
3	2177	238.729516138204	263
3	2177	238.729516138204	264
4	3	0.270160544783	1
4	11	0.484685122609	2
4	20	2.160399788849	3
4	27	2.538510316974	4
4	36	3.760267128041	5
4	42	4.095877449613	6
4	50	6.775971940926	7
4	73	10.482364846286	8
4	77	10.786050235947	9
4	83	12.080740020149	10
4	96	12.343221909129	11
4	107	13.640804307736	12
4	114	14.665747074085	13
4	116	14.800112114952	14
4	131	15.84796615786	15
4	152	17.73973737757	16
4	163	19.191736137337	17
4	171	19.441612430663	18
4	183	21.800541348172	19
4	213	24.721246127269	20
4	219	26.02839946405	21
4	230	26.2731384158	22
4	264	30.423138002328	23
4	266	30.480560121152	24
4	282	31.645880215372	25
4	295	33.062576810359	26
4	310	35.111483368215	27
4	319	35.285620676035	28
4	326	36.913536566002	29
4	336	37.163661058991	30
4	340	38.657906724848	31
4	348	38.97295173605	32
4	370	41.488301391695	33
4	373	41.540744123538	34
4	382	42.856945469114	35
4	402	44.955077779691	36
4	420	46.357240213423	37
4	430	47.425355359307	38
4	435	48.662289880645	39
4	445	48.953920151457	40
4	452	50.798094572681	41
4	471	52.44450742116	42
4	477	53.695233991368	43
4	493	55.693113918502	44
4	497	56.601221709384	45
4	513	58.683094390175	46
4	522	58.845079415723	47
4	531	59.998227259596	48
4	538	60.159579845975	49
4	549	60.95090477654	50
4	553	61.060620370863	51
4	563	62.523033734116	52
4	570	62.726988200162	53
4	596	65.984400131602	54
4	599	66.111894477731	55
4	615	67.48403395469	56
4	626	67.751716003916	57
4	631	68.621235822416	58
4	636	68.746859412884	59
4	659	71.86180597468	60
4	661	71.944427652764	61
4	682	73.732012382622	62
4	689	76.997229449464	63
4	699	78.656490638657	64
4	715	80.251328757939	65
4	720	80.537484771521	66
4	725	81.850887952813	67
4	747	84.822567233749	68
4	753	85.648579409789	69
4	763	85.856043836484	70
4	766	86.592541690406	71
4	772	88.282836726525	72
4	775	88.448309078838	73
4	789	89.863074078151	74
4	795	90.036181419095	75
4	806	91.268242902793	76
4	809	91.384164837795	77
4	825	93.993062473757	78
4	831	94.252897820983	79
4	837	95.876976210878	80
4	850	97.628938089968	81
4	865	99.058166806854	82
4	880	100.174976127816	83
4	890	100.426026149306	84
4	898	101.742540693304	85
4	903	102.999174219368	86
4	911	103.175629649771	87
4	930	106.038440512647	88
4	955	107.420962791352	89
4	968	110.866290151358	90
4	973	111.188275699175	91
4	976	111.849525228205	92
4	979	111.95939704477	93
4	994	113.084483538785	94
4	1000	113.239834977953	95
4	1011	114.309543066215	96
4	1023	114.632176513481	97
4	1031	115.653846096486	98
4	1035	115.724925179956	99
4	1050	118.633250856282	100
4	1059	118.894211283384	101
4	1070	122.073882423192	102
4	1078	122.411907894825	103
4	1088	123.260507869733	104
4	1096	123.576570030699	105
4	1119	126.33294011657	106
4	1128	127.777198495063	107
4	1131	127.867349607679	108
4	1139	129.467765006428	109
4	1146	129.680856500133	110
4	1156	130.936762497252	111
4	1160	131.091723592448	112
4	1165	132.362386650969	113
4	1171	132.568847504178	114
4	1176	133.466279496546	115
4	1194	136.187648989102	116
4	1215	137.607857509474	117
4	1217	137.667292069299	118
4	1234	139.42286153073	119
4	1242	139.590604749722	120
4	1250	140.80796918831	121
4	1259	141.043495969371	122
4	1267	142.142515968774	123
4	1283	143.746018436565	124
4	1295	144.169499386006	125
4	1305	145.800811053838	126
4	1314	147.450380419516	127
4	1323	147.72727202524	128
4	1345	150.959506962094	129
4	1353	151.184930696691	130
4	1374	153.2671259361	131
4	1382	156.136611778687	132
4	1384	156.222977827448	133
4	1399	157.528515177578	134
4	1403	159.029387506556	135
4	1407	159.200293593634	136
4	1414	160.456987752363	137
4	1422	160.692076942397	138
4	1431	161.430434785476	139
4	1436	161.652145896803	140
4	1447	163.004392757348	141
4	1453	163.25754094243	142
4	1464	164.30570540927	143
4	1468	164.441391527586	144
4	1480	168.016028156028	145
4	1491	168.293962948349	146
4	1506	169.665591823594	147
4	1515	170.854628587101	148
4	1519	170.98997723458	149
4	1534	172.30228920513	150
4	1544	172.505964317467	151
4	1552	173.503023073017	152
4	1573	176.611386928503	153
4	1588	177.985262892961	154
4	1595	178.315780222346	155
4	1602	179.779316652207	156
4	1613	179.986176945481	157
4	1620	180.970144295578	158
4	1628	181.109734442367	159
4	1639	182.033745156332	160
4	1648	182.251070759507	161
4	1671	184.225027766933	162
4	1685	185.83645225306	163
4	1700	187.694847875719	164
4	1708	187.93157205364	165
4	1711	188.734203012571	166
4	1715	188.831690687855	167
4	1728	190.708968279286	168
4	1748	192.045680097918	169
4	1749	192.045744114681	170
4	1755	193.431797254242	171
4	1764	193.633198045901	172
4	1770	195.617138920359	173
4	1780	196.573011231963	174
4	1808	197.943418027425	175
4	1818	199.036862801027	176
4	1836	200.548039622228	177
4	1849	202.256155844646	178
4	1863	202.647181571856	179
4	1871	205.932476099276	180
4	1876	206.095105697322	181
4	1897	207.666909611528	182
4	1905	209.24866071472	183
4	1920	210.983283588819	184
4	1933	211.224329185346	185
4	1942	212.967955154015	186
4	1964	216.080040471727	187
4	1965	216.093260344601	188
4	1974	218.032527199901	189
4	1981	218.161411585467	190
4	2010	222.934017323371	191
4	2014	223.094911912478	192
4	2022	224.812605581738	193
4	2023	224.814252993496	194
4	2032	225.848342734446	195
4	2041	226.149642864569	196
4	2058	228.101088314448	197
4	2066	229.051196182885	198
4	2085	230.532022265166	199
4	2093	231.647826442149	200
4	2115	232.891101213631	201
4	2129	234.281537344106	202
4	2147	235.433225896053	203
4	2162	237.139907910763	204
4	2171	237.442305082122	205
4	2177	238.729516138204	206
4	2180	238.919102767352	207
5	4	0.370442846255	1
5	4	0.370442846255	2
5	4	0.370442846255	3
5	25	2.516490493445	4
5	25	2.516490493445	5
5	25	2.516490493445	6
5	52	6.846825687429	7
5	52	6.846825687429	8
5	52	6.846825687429	9
5	84	12.092555074079	10
5	84	12.092555074079	11
5	84	12.092555074079	12
5	104	13.564521349741	13
5	104	13.564521349741	14
5	104	13.564521349741	15
5	117	14.802290488987	16
5	117	14.802290488987	17
5	117	14.802290488987	18
5	132	15.866105573138	19
5	132	15.866105573138	20
5	132	15.866105573138	21
5	146	17.572390325159	22
5	146	17.572390325159	23
5	146	17.572390325159	24
5	169	19.40963794835	25
5	169	19.40963794835	26
5	169	19.40963794835	27
5	192	22.198488264127	28
5	192	22.198488264127	29
5	192	22.198488264127	30
5	204	24.477783067202	31
5	204	24.477783067202	32
5	204	24.477783067202	33
5	223	26.133005843796	34
5	223	26.133005843796	35
5	223	26.133005843796	36
5	240	28.101055395498	37
5	240	28.101055395498	38
5	240	28.101055395498	39
5	255	29.30594119667	40
5	255	29.30594119667	41
5	255	29.30594119667	42
5	268	30.543897345735	43
5	268	30.543897345735	44
5	268	30.543897345735	45
5	280	31.555857049537	46
5	280	31.555857049537	47
5	280	31.555857049537	48
5	299	33.227762890452	49
5	299	33.227762890452	50
5	299	33.227762890452	51
5	311	35.138195972858	52
5	311	35.138195972858	53
5	311	35.138195972858	54
5	333	37.107035864878	55
5	333	37.107035864878	56
5	333	37.107035864878	57
5	354	40.375275218026	58
5	354	40.375275218026	59
5	354	40.375275218026	60
5	383	42.881390161013	61
5	383	42.881390161013	62
5	383	42.881390161013	63
5	398	44.862549198332	64
5	398	44.862549198332	65
5	398	44.862549198332	66
5	422	46.38121786447	67
5	422	46.38121786447	68
5	422	46.38121786447	69
5	440	48.831362843646	70
5	440	48.831362843646	71
5	440	48.831362843646	72
5	454	50.863059592844	73
5	454	50.863059592844	74
5	454	50.863059592844	75
5	483	55.388054808012	76
5	483	55.388054808012	77
5	483	55.388054808012	78
5	506	56.912337943148	79
5	506	56.912337943148	80
5	506	56.912337943148	81
5	514	58.696060781561	82
5	514	58.696060781561	83
5	514	58.696060781561	84
5	533	60.031058165723	85
5	533	60.031058165723	86
5	533	60.031058165723	87
5	556	61.20658604864	88
5	556	61.20658604864	89
5	556	61.20658604864	90
5	565	62.58278333989	91
5	565	62.58278333989	92
5	565	62.58278333989	93
5	583	64.27701202757	94
5	583	64.27701202757	95
5	583	64.27701202757	96
5	604	66.38017209405	97
5	604	66.38017209405	98
5	604	66.38017209405	99
5	617	67.516505213692	100
5	617	67.516505213692	101
5	617	67.516505213692	102
5	640	68.909743638942	103
5	640	68.909743638942	104
5	640	68.909743638942	105
5	653	69.999206754591	106
5	653	69.999206754591	107
5	653	69.999206754591	108
5	665	72.064920212595	109
5	665	72.064920212595	110
5	665	72.064920212595	111
5	703	78.792568721835	112
5	703	78.792568721835	113
5	703	78.792568721835	114
5	740	84.645926824381	115
5	740	84.645926824381	116
5	740	84.645926824381	117
5	757	85.731828216883	118
5	757	85.731828216883	119
5	757	85.731828216883	120
5	780	88.766871737868	121
5	780	88.766871737868	122
5	780	88.766871737868	123
5	793	89.974787335094	124
5	793	89.974787335094	125
5	793	89.974787335094	126
5	818	92.900746460039	127
5	818	92.900746460039	128
5	818	92.900746460039	129
5	838	95.936780201349	130
5	838	95.936780201349	131
5	838	95.936780201349	132
5	853	97.716006677256	133
5	853	97.716006677256	134
5	853	97.716006677256	135
5	871	99.21742199988	136
5	871	99.21742199988	137
5	871	99.21742199988	138
5	885	100.293851801083	139
5	885	100.293851801083	140
5	885	100.293851801083	141
5	906	103.112008464719	142
5	906	103.112008464719	143
5	906	103.112008464719	144
5	920	104.346595917396	145
5	920	104.346595917396	146
5	920	104.346595917396	147
5	933	106.139617691205	148
5	933	106.139617691205	149
5	933	106.139617691205	150
5	949	107.239263989437	151
5	949	107.239263989437	152
5	949	107.239263989437	153
5	983	112.054504335972	154
5	983	112.054504335972	155
5	983	112.054504335972	156
5	993	113.06595321348	157
5	993	113.06595321348	158
5	993	113.06595321348	159
5	1015	114.424170018879	160
5	1015	114.424170018879	161
5	1015	114.424170018879	162
5	1030	115.641943187226	163
5	1030	115.641943187226	164
5	1030	115.641943187226	165
5	1054	118.79817150692	166
5	1054	118.79817150692	167
5	1054	118.79817150692	168
5	1081	122.451549982016	169
5	1081	122.451549982016	170
5	1081	122.451549982016	171
5	1104	124.613733583853	172
5	1104	124.613733583853	173
5	1104	124.613733583853	174
5	1113	126.157168850129	175
5	1113	126.157168850129	176
5	1113	126.157168850129	177
5	1150	130.008362097491	178
5	1150	130.008362097491	179
5	1150	130.008362097491	180
5	1181	133.572820082968	181
5	1181	133.572820082968	182
5	1181	133.572820082968	183
5	1201	136.57652346798	184
5	1201	136.57652346798	185
5	1201	136.57652346798	186
5	1219	137.683143717048	187
5	1219	137.683143717048	188
5	1219	137.683143717048	189
5	1233	139.366334427052	190
5	1233	139.366334427052	191
5	1233	139.366334427052	192
5	1255	140.956027950381	193
5	1255	140.956027950381	194
5	1255	140.956027950381	195
5	1273	142.62436075921	196
5	1273	142.62436075921	197
5	1273	142.62436075921	198
5	1287	143.914708736211	199
5	1287	143.914708736211	200
5	1287	143.914708736211	201
5	1300	145.636630821056	202
5	1300	145.636630821056	203
5	1300	145.636630821056	204
5	1320	147.642463034869	205
5	1320	147.642463034869	206
5	1320	147.642463034869	207
5	1335	149.638361086794	208
5	1335	149.638361086794	209
5	1335	149.638361086794	210
5	1348	151.070876614505	211
5	1348	151.070876614505	212
5	1348	151.070876614505	213
5	1362	152.951478271878	214
5	1362	152.951478271878	215
5	1362	152.951478271878	216
5	1390	156.424906675876	217
5	1390	156.424906675876	218
5	1390	156.424906675876	219
5	1417	160.596542528905	220
5	1417	160.596542528905	221
5	1417	160.596542528905	222
5	1439	161.754881286781	223
5	1439	161.754881286781	224
5	1439	161.754881286781	225
5	1454	163.263241565099	226
5	1454	163.263241565099	227
5	1454	163.263241565099	228
5	1489	168.271816250646	229
5	1489	168.271816250646	230
5	1489	168.271816250646	231
5	1499	169.562090634177	232
5	1499	169.562090634177	233
5	1499	169.562090634177	234
5	1522	171.290138302462	235
5	1522	171.290138302462	236
5	1522	171.290138302462	237
5	1535	172.333500580949	238
5	1535	172.333500580949	239
5	1535	172.333500580949	240
5	1559	175.620134710221	241
5	1559	175.620134710221	242
5	1559	175.620134710221	243
5	1572	176.556926152979	244
5	1572	176.556926152979	245
5	1572	176.556926152979	246
5	1593	178.236897522067	247
5	1593	178.236897522067	248
5	1593	178.236897522067	249
5	1607	179.866963229647	250
5	1607	179.866963229647	251
5	1607	179.866963229647	252
5	1624	181.057493568398	253
5	1624	181.057493568398	254
5	1624	181.057493568398	255
5	1637	181.961011987195	256
5	1637	181.961011987195	257
5	1637	181.961011987195	258
5	1655	183.154080576215	259
5	1655	183.154080576215	260
5	1655	183.154080576215	261
5	1669	184.182377723763	262
5	1669	184.182377723763	263
5	1669	184.182377723763	264
5	1688	185.953406364058	265
5	1688	185.953406364058	266
5	1688	185.953406364058	267
5	1719	188.969105804523	268
5	1719	188.969105804523	269
5	1719	188.969105804523	270
5	1736	191.088834029612	271
5	1736	191.088834029612	272
5	1736	191.088834029612	273
5	1771	195.620256650134	274
5	1771	195.620256650134	275
5	1771	195.620256650134	276
5	1786	196.846967534195	277
5	1786	196.846967534195	278
5	1786	196.846967534195	279
5	1803	197.870891735656	280
5	1803	197.870891735656	281
5	1803	197.870891735656	282
5	1823	199.197061712926	283
5	1823	199.197061712926	284
5	1823	199.197061712926	285
5	1837	200.591633195298	286
5	1837	200.591633195298	287
5	1837	200.591633195298	288
5	1852	202.447706045244	289
5	1852	202.447706045244	290
5	1852	202.447706045244	291
5	1875	206.052892006464	292
5	1875	206.052892006464	293
5	1875	206.052892006464	294
5	1889	207.429080075645	295
5	1889	207.429080075645	296
5	1889	207.429080075645	297
5	1907	209.254475985203	298
5	1907	209.254475985203	299
5	1907	209.254475985203	300
5	1921	211.011603175046	301
5	1921	211.011603175046	302
5	1921	211.011603175046	303
5	1940	212.863379475008	304
5	1940	212.863379475008	305
5	1940	212.863379475008	306
5	1957	215.980615839307	307
5	1957	215.980615839307	308
5	1957	215.980615839307	309
5	1982	218.24814424272	310
5	1982	218.24814424272	311
5	1982	218.24814424272	312
5	1997	221.597684588832	313
5	1997	221.597684588832	314
5	1997	221.597684588832	315
5	2021	224.801136040507	316
5	2021	224.801136040507	317
5	2021	224.801136040507	318
5	2039	226.063334296252	319
5	2039	226.063334296252	320
5	2039	226.063334296252	321
5	2052	227.970962700863	322
5	2052	227.970962700863	323
5	2052	227.970962700863	324
5	2069	229.22824014524	325
5	2069	229.22824014524	326
5	2069	229.22824014524	327
5	2080	230.426861569626	328
5	2080	230.426861569626	329
5	2080	230.426861569626	330
5	2098	231.765615003315	331
5	2098	231.765615003315	332
5	2098	231.765615003315	333
5	2112	232.803103688699	334
5	2112	232.803103688699	335
5	2112	232.803103688699	336
5	2137	234.795339235179	337
5	2137	234.795339235179	338
5	2137	234.795339235179	339
5	2145	235.372075619665	340
5	2145	235.372075619665	341
5	2145	235.372075619665	342
5	2169	237.409309150074	343
5	2169	237.409309150074	344
5	2169	237.409309150074	345
5	2183	239.014723114185	346
5	2183	239.014723114185	347
5	2183	239.014723114185	348
6	4	0.370442846255	1
6	17	0.702491763943	2
6	25	2.516490493445	3
6	30	2.615811755628	4
6	52	6.846825687429	5
6	63	7.030304781916	6
6	67	7.129294380094	7
6	84	12.092555074079	8
6	89	12.252128983745	9
6	104	13.564521349741	10
6	117	14.802290488987	11
6	126	15.055576621401	12
6	132	15.866105573138	13
6	146	17.572390325159	14
6	155	17.827753527775	15
6	169	19.40963794835	16
6	176	19.64485022225	17
6	192	22.198488264127	18
6	204	24.477783067202	19
6	223	26.133005843796	20
6	233	26.308594855967	21
6	235	26.330975746948	22
6	240	28.101055395498	23
6	247	28.217023606978	24
6	255	29.30594119667	25
6	268	30.543897345735	26
6	280	31.555857049537	27
6	289	31.804618352927	28
6	290	31.851705364412	29
6	299	33.227762890452	30
6	311	35.138195972858	31
6	320	35.298225253971	32
6	333	37.107035864878	33
6	354	40.375275218026	34
6	361	40.649350188775	35
6	383	42.881390161013	36
6	388	42.97213712051	37
6	398	44.862549198332	38
6	411	45.25242808548	39
6	422	46.38121786447	40
6	440	48.831362843646	41
6	448	48.996098015739	42
6	454	50.863059592844	43
6	483	55.388054808012	44
6	492	55.643786794456	45
6	506	56.912337943148	46
6	514	58.696060781561	47
6	527	58.912130739626	48
6	528	58.9468081169	49
6	533	60.031058165723	50
6	545	60.300075539454	51
6	556	61.20658604864	52
6	565	62.58278333989	53
6	578	63.069437344154	54
6	583	64.27701202757	55
6	604	66.38017209405	56
6	611	66.607793438909	57
6	612	66.637368709147	58
6	617	67.516505213692	59
6	627	67.830270656678	60
6	640	68.909743638942	61
6	646	69.267294257561	62
6	653	69.999206754591	63
6	665	72.064920212595	64
6	703	78.792568721835	65
6	711	79.05590673684	66
6	740	84.645926824381	67
6	757	85.731828216883	68
6	780	88.766871737868	69
6	793	89.974787335094	70
6	798	90.103971247035	71
6	818	92.900746460039	72
6	838	95.936780201349	73
6	853	97.716006677256	74
6	871	99.21742199988	75
6	878	99.492157181375	76
6	885	100.293851801083	77
6	891	100.436906171081	78
6	906	103.112008464719	79
6	914	103.245657666133	80
6	920	104.346595917396	81
6	926	104.595364477292	82
6	933	106.139617691205	83
6	942	106.36264183414	84
6	949	107.239263989437	85
6	961	107.530799336234	86
6	962	107.542749725048	87
6	983	112.054504335972	88
6	988	112.210327519446	89
6	993	113.06595321348	90
6	1005	113.310435698092	91
6	1007	113.359829366422	92
6	1015	114.424170018879	93
6	1026	114.763058478411	94
6	1030	115.641943187226	95
6	1039	115.816005141977	96
6	1045	115.948858776841	97
6	1054	118.79817150692	98
6	1065	119.088564714941	99
6	1081	122.451549982016	100
6	1104	124.613733583853	101
6	1113	126.157168850129	102
6	1125	126.51382337981	103
6	1150	130.008362097491	104
6	1181	133.572820082968	105
6	1188	133.763958644818	106
6	1201	136.57652346798	107
6	1219	137.683143717048	108
6	1230	137.992486977046	109
6	1233	139.366334427052	110
6	1245	139.677523611977	111
6	1255	140.956027950381	112
6	1264	141.173218626649	113
6	1273	142.62436075921	114
6	1281	142.789952439334	115
6	1287	143.914708736211	116
6	1300	145.636630821056	117
6	1308	145.89217969145	118
6	1320	147.642463034869	119
6	1324	147.734869914998	120
6	1335	149.638361086794	121
6	1339	149.695272735434	122
6	1348	151.070876614505	123
6	1358	151.30865792734	124
6	1362	152.951478271878	125
6	1367	153.065247690576	126
6	1375	153.319288944158	127
6	1390	156.424906675876	128
6	1395	156.576555874566	129
6	1417	160.596542528905	130
6	1429	160.939687044732	131
6	1439	161.754881286781	132
6	1454	163.263241565099	133
6	1489	168.271816250646	134
6	1490	168.287587381041	135
6	1499	169.562090634177	136
6	1505	169.663986768152	137
6	1522	171.290138302462	138
6	1528	171.509768864548	139
6	1531	171.625597819642	140
6	1535	172.333500580949	141
6	1548	172.549679336188	142
6	1550	172.668517753217	143
6	1559	175.620134710221	144
6	1565	175.740684844058	145
6	1566	175.858673161437	146
6	1572	176.556926152979	147
6	1583	176.841090677921	148
6	1593	178.236897522067	149
6	1607	179.866963229647	150
6	1624	181.057493568398	151
6	1632	181.211115753393	152
6	1637	181.961011987195	153
6	1650	182.299992320632	154
6	1655	183.154080576215	155
6	1663	183.348605348582	156
6	1669	184.182377723763	157
6	1682	184.520055619092	158
6	1688	185.953406364058	159
6	1698	186.274627408429	160
6	1719	188.969105804523	161
6	1724	189.220095959411	162
6	1736	191.088834029612	163
6	1738	191.126806254311	164
6	1771	195.620256650134	165
6	1786	196.846967534195	166
6	1797	197.160127305522	167
6	1803	197.870891735656	168
6	1814	198.084748366028	169
6	1816	198.179691950594	170
6	1823	199.197061712926	171
6	1832	199.429845105919	172
6	1837	200.591633195298	173
6	1852	202.447706045244	174
6	1857	202.568954255943	175
6	1864	202.678343367782	176
6	1875	206.052892006464	177
6	1884	206.444757517596	178
6	1889	207.429080075645	179
6	1907	209.254475985203	180
6	1916	209.5273797635	181
6	1921	211.011603175046	182
6	1934	211.36828428657	183
6	1940	212.863379475008	184
6	1946	213.006602969076	185
6	1957	215.980615839307	186
6	1982	218.24814424272	187
6	1997	221.597684588832	188
6	2000	221.741097699743	189
6	2021	224.801136040507	190
6	2039	226.063334296252	191
6	2052	227.970962700863	192
6	2063	228.251300179106	193
6	2069	229.22824014524	194
6	2080	230.426861569626	195
6	2098	231.765615003315	196
6	2106	231.927398053211	197
6	2108	232.071386938921	198
6	2112	232.803103688699	199
6	2125	233.091931886079	200
6	2137	234.795339235179	201
6	2145	235.372075619665	202
6	2153	235.569840575887	203
6	2169	237.409309150074	204
6	2183	239.014723114185	205
6	2189	239.160788107083	206
7	6	0.412880426651	1
7	6	0.412880426651	2
7	6	0.412880426651	3
7	22	2.366337273999	4
7	22	2.366337273999	5
7	22	2.366337273999	6
7	39	3.896565315309	7
7	39	3.896565315309	8
7	39	3.896565315309	9
7	53	6.865076987874	10
7	53	6.865076987874	11
7	53	6.865076987874	12
7	74	10.669221605311	13
7	74	10.669221605311	14
7	74	10.669221605311	15
7	92	12.270455381963	16
7	92	12.270455381963	17
7	92	12.270455381963	18
7	101	13.463305702354	19
7	101	13.463305702354	20
7	101	13.463305702354	21
7	115	14.75803375206	22
7	115	14.75803375206	23
7	115	14.75803375206	24
7	134	15.951783980816	25
7	134	15.951783980816	26
7	134	15.951783980816	27
7	150	17.700694269122	28
7	150	17.700694269122	29
7	150	17.700694269122	30
7	166	19.289100963896	31
7	166	19.289100963896	32
7	166	19.289100963896	33
7	185	21.99992410086	34
7	185	21.99992410086	35
7	185	21.99992410086	36
7	209	24.56894086498	37
7	209	24.56894086498	38
7	209	24.56894086498	39
7	222	26.109046471934	40
7	222	26.109046471934	41
7	222	26.109046471934	42
7	241	28.112408038389	43
7	241	28.112408038389	44
7	241	28.112408038389	45
7	263	30.419244527214	46
7	263	30.419244527214	47
7	263	30.419244527214	48
7	279	31.533610972612	49
7	279	31.533610972612	50
7	279	31.533610972612	51
7	296	33.110723573763	52
7	296	33.110723573763	53
7	296	33.110723573763	54
7	316	35.255469512314	55
7	316	35.255469512314	56
7	316	35.255469512314	57
7	328	36.980156336412	58
7	328	36.980156336412	59
7	328	36.980156336412	60
7	345	38.820522260105	61
7	345	38.820522260105	62
7	345	38.820522260105	63
7	356	40.492928493356	64
7	356	40.492928493356	65
7	356	40.492928493356	66
7	369	41.4680008656	67
7	369	41.4680008656	68
7	369	41.4680008656	69
7	381	42.82333264529	70
7	381	42.82333264529	71
7	381	42.82333264529	72
7	401	44.917130775698	73
7	401	44.917130775698	74
7	401	44.917130775698	75
7	416	46.207988883804	76
7	416	46.207988883804	77
7	416	46.207988883804	78
7	439	48.81255541808	79
7	439	48.81255541808	80
7	439	48.81255541808	81
7	456	50.873891461057	82
7	456	50.873891461057	83
7	456	50.873891461057	84
7	468	52.37861374046	85
7	468	52.37861374046	86
7	468	52.37861374046	87
7	488	55.494023034004	88
7	488	55.494023034004	89
7	488	55.494023034004	90
7	499	56.7559454121	91
7	499	56.7559454121	92
7	499	56.7559454121	93
7	516	58.728964802693	94
7	516	58.728964802693	95
7	516	58.728964802693	96
7	534	60.074657204392	97
7	534	60.074657204392	98
7	534	60.074657204392	99
7	550	60.975524284236	100
7	550	60.975524284236	101
7	550	60.975524284236	102
7	568	62.701459198583	103
7	568	62.701459198583	104
7	568	62.701459198583	105
7	582	64.221812684145	106
7	582	64.221812684145	107
7	582	64.221812684145	108
7	597	66.06140562555	109
7	597	66.06140562555	110
7	597	66.06140562555	111
7	624	67.693646782615	112
7	624	67.693646782615	113
7	624	67.693646782615	114
7	632	68.644820276859	115
7	632	68.644820276859	116
7	632	68.644820276859	117
7	660	71.904096866466	118
7	660	71.904096866466	119
7	660	71.904096866466	120
7	676	73.524875054615	121
7	676	73.524875054615	122
7	676	73.524875054615	123
7	696	78.565287625108	124
7	696	78.565287625108	125
7	696	78.565287625108	126
7	719	80.440678484717	127
7	719	80.440678484717	128
7	719	80.440678484717	129
7	729	81.991236769865	130
7	729	81.991236769865	131
7	729	81.991236769865	132
7	741	84.667111131505	133
7	741	84.667111131505	134
7	741	84.667111131505	135
7	754	85.69178017139	136
7	754	85.69178017139	137
7	754	85.69178017139	138
7	774	88.41284885532	139
7	774	88.41284885532	140
7	774	88.41284885532	141
7	791	89.952321988094	142
7	791	89.952321988094	143
7	791	89.952321988094	144
7	807	91.325107237329	145
7	807	91.325107237329	146
7	807	91.325107237329	147
7	828	94.190249102973	148
7	828	94.190249102973	149
7	828	94.190249102973	150
7	841	96.011012920635	151
7	841	96.011012920635	152
7	841	96.011012920635	153
7	852	97.688619093984	154
7	852	97.688619093984	155
7	852	97.688619093984	156
7	866	99.08306053415	157
7	866	99.08306053415	158
7	866	99.08306053415	159
7	882	100.265943219555	160
7	882	100.265943219555	161
7	882	100.265943219555	162
7	904	103.054422618894	163
7	904	103.054422618894	164
7	904	103.054422618894	165
7	932	106.130982056705	166
7	932	106.130982056705	167
7	932	106.130982056705	168
7	950	107.331058468039	169
7	950	107.331058468039	170
7	950	107.331058468039	171
7	971	111.02451149303	172
7	971	111.02451149303	173
7	971	111.02451149303	174
7	977	111.896198179053	175
7	977	111.896198179053	176
7	977	111.896198179053	177
7	998	113.198650726877	178
7	998	113.198650726877	179
7	998	113.198650726877	180
7	1016	114.437049890258	181
7	1016	114.437049890258	182
7	1016	114.437049890258	183
7	1033	115.697190231233	184
7	1033	115.697190231233	185
7	1033	115.697190231233	186
7	1053	118.796004334846	187
7	1053	118.796004334846	188
7	1053	118.796004334846	189
7	1074	122.306365245105	190
7	1074	122.306365245105	191
7	1074	122.306365245105	192
7	1093	123.464656986372	193
7	1093	123.464656986372	194
7	1093	123.464656986372	195
7	1112	126.134023235309	196
7	1112	126.134023235309	197
7	1112	126.134023235309	198
7	1129	127.799540524119	199
7	1129	127.799540524119	200
7	1129	127.799540524119	201
7	1142	129.604626031022	202
7	1142	129.604626031022	203
7	1142	129.604626031022	204
7	1157	130.987862505963	205
7	1157	130.987862505963	206
7	1157	130.987862505963	207
7	1167	132.4289894602	208
7	1167	132.4289894602	209
7	1167	132.4289894602	210
7	1177	133.478383333476	211
7	1177	133.478383333476	212
7	1177	133.478383333476	213
7	1197	136.353879404559	214
7	1197	136.353879404559	215
7	1197	136.353879404559	216
7	1214	137.600405311731	217
7	1214	137.600405311731	218
7	1214	137.600405311731	219
7	1235	139.442698548506	220
7	1235	139.442698548506	221
7	1235	139.442698548506	222
7	1252	140.893384129614	223
7	1252	140.893384129614	224
7	1252	140.893384129614	225
7	1269	142.349285805051	226
7	1269	142.349285805051	227
7	1269	142.349285805051	228
7	1288	143.966131340852	229
7	1288	143.966131340852	230
7	1288	143.966131340852	231
7	1301	145.667131018867	232
7	1301	145.667131018867	233
7	1301	145.667131018867	234
7	1315	147.538608866411	235
7	1315	147.538608866411	236
7	1315	147.538608866411	237
7	1332	149.560806866837	238
7	1332	149.560806866837	239
7	1332	149.560806866837	240
7	1346	150.982883010564	241
7	1346	150.982883010564	242
7	1346	150.982883010564	243
7	1366	153.063476665712	244
7	1366	153.063476665712	245
7	1366	153.063476665712	246
7	1383	156.187477417451	247
7	1383	156.187477417451	248
7	1383	156.187477417451	249
7	1406	159.165990910555	250
7	1406	159.165990910555	251
7	1406	159.165990910555	252
7	1416	160.531546767245	253
7	1416	160.531546767245	254
7	1416	160.531546767245	255
7	1434	161.624693659085	256
7	1434	161.624693659085	257
7	1434	161.624693659085	258
7	1450	163.207882270317	259
7	1450	163.207882270317	260
7	1450	163.207882270317	261
7	1466	164.363741487063	262
7	1466	164.363741487063	263
7	1466	164.363741487063	264
7	1475	166.286154223436	265
7	1475	166.286154223436	266
7	1475	166.286154223436	267
7	1483	168.094564432221	268
7	1483	168.094564432221	269
7	1483	168.094564432221	270
7	1502	169.631356749886	271
7	1502	169.631356749886	272
7	1502	169.631356749886	273
7	1517	170.932614440693	274
7	1517	170.932614440693	275
7	1517	170.932614440693	276
7	1539	172.397984808151	277
7	1539	172.397984808151	278
7	1539	172.397984808151	279
7	1575	176.654908109517	280
7	1575	176.654908109517	281
7	1575	176.654908109517	282
7	1592	178.202496609993	283
7	1592	178.202496609993	284
7	1592	178.202496609993	285
7	1604	179.819609857546	286
7	1604	179.819609857546	287
7	1604	179.819609857546	288
7	1622	180.998210649204	289
7	1622	180.998210649204	290
7	1622	180.998210649204	291
7	1640	182.094210098708	292
7	1640	182.094210098708	293
7	1640	182.094210098708	294
7	1657	183.217247626903	295
7	1657	183.217247626903	296
7	1657	183.217247626903	297
7	1673	184.295221602579	298
7	1673	184.295221602579	299
7	1673	184.295221602579	300
7	1690	186.025573445125	301
7	1690	186.025573445125	302
7	1690	186.025573445125	303
7	1701	187.730862624941	304
7	1701	187.730862624941	305
7	1701	187.730862624941	306
7	1712	188.766856315829	307
7	1712	188.766856315829	308
7	1712	188.766856315829	309
7	1729	190.808185729616	310
7	1729	190.808185729616	311
7	1729	190.808185729616	312
7	1745	192.017831891125	313
7	1745	192.017831891125	314
7	1745	192.017831891125	315
7	1757	193.467796678686	316
7	1757	193.467796678686	317
7	1757	193.467796678686	318
7	1769	195.595207581355	319
7	1769	195.595207581355	320
7	1769	195.595207581355	321
7	1783	196.753306318275	322
7	1783	196.753306318275	323
7	1783	196.753306318275	324
7	1801	197.829638105635	325
7	1801	197.829638105635	326
7	1801	197.829638105635	327
7	1820	199.154638569986	328
7	1820	199.154638569986	329
7	1820	199.154638569986	330
7	1835	200.532713840488	331
7	1835	200.532713840488	332
7	1835	200.532713840488	333
7	1853	202.460134985725	334
7	1853	202.460134985725	335
7	1853	202.460134985725	336
7	1873	205.979628912027	337
7	1873	205.979628912027	338
7	1873	205.979628912027	339
7	1891	207.497938475278	340
7	1891	207.497938475278	341
7	1891	207.497938475278	342
7	1904	209.218312624133	343
7	1904	209.218312624133	344
7	1904	209.218312624133	345
7	1923	211.057391732037	346
7	1923	211.057391732037	347
7	1923	211.057391732037	348
7	1939	212.849359274932	349
7	1939	212.849359274932	350
7	1939	212.849359274932	351
7	1959	216.001168495271	352
7	1959	216.001168495271	353
7	1959	216.001168495271	354
7	1976	218.083267252309	355
7	1976	218.083267252309	356
7	1976	218.083267252309	357
7	2011	223.039176519912	358
7	2011	223.039176519912	359
7	2011	223.039176519912	360
7	2020	224.790841536995	361
7	2020	224.790841536995	362
7	2020	224.790841536995	363
7	2035	225.981274679486	364
7	2035	225.981274679486	365
7	2035	225.981274679486	366
7	2051	227.943903652521	367
7	2051	227.943903652521	368
7	2051	227.943903652521	369
7	2079	230.397064091524	370
7	2079	230.397064091524	371
7	2079	230.397064091524	372
7	2094	231.670509204227	373
7	2094	231.670509204227	374
7	2094	231.670509204227	375
7	2114	232.865429009665	376
7	2114	232.865429009665	377
7	2114	232.865429009665	378
7	2131	234.472194638014	379
7	2131	234.472194638014	380
7	2131	234.472194638014	381
7	2152	235.563108829627	382
7	2152	235.563108829627	383
7	2152	235.563108829627	384
7	2164	237.257826527322	385
7	2164	237.257826527322	386
7	2164	237.257826527322	387
7	2179	238.855326707719	388
7	2179	238.855326707719	389
7	2179	238.855326707719	390
8	6	0.412880426651	1
8	7	0.427892872631	2
8	22	2.366337273999	3
8	26	2.532465119537	4
8	32	2.630938556733	5
8	39	3.896565315309	6
8	45	4.279505254731	7
8	53	6.865076987874	8
8	57	6.922859144123	9
8	74	10.669221605311	10
8	92	12.270455381963	11
8	101	13.463305702354	12
8	111	13.804464579109	13
8	115	14.75803375206	14
8	121	14.871675549627	15
8	128	15.081566569028	16
8	134	15.951783980816	17
8	138	15.993399130151	18
8	150	17.700694269122	19
8	161	17.971241421298	20
8	166	19.289100963896	21
8	174	19.56463884886	22
8	185	21.99992410086	23
8	189	22.140978492228	24
8	196	22.341843944468	25
8	209	24.56894086498	26
8	215	24.783788481673	27
8	216	24.832179429291	28
8	222	26.109046471934	29
8	224	26.135042242496	30
8	234	26.329356280743	31
8	241	28.112408038389	32
8	251	28.268721553709	33
8	263	30.419244527214	34
8	279	31.533610972612	35
8	285	31.709903524219	36
8	291	31.879120156068	37
8	296	33.110723573763	38
8	307	33.348493528527	39
8	316	35.255469512314	40
8	323	35.430081224285	41
8	328	36.980156336412	42
8	330	37.070030375901	43
8	345	38.820522260105	44
8	356	40.492928493356	45
8	363	40.683854181433	46
8	369	41.4680008656	47
8	372	41.536234031034	48
8	376	41.56803924311	49
8	381	42.82333264529	50
8	387	42.939212344661	51
8	401	44.917130775698	52
8	403	44.986993240046	53
8	416	46.207988883804	54
8	425	46.421461598535	55
8	426	46.450023479445	56
8	439	48.81255541808	57
8	442	48.867398561878	58
8	456	50.873891461057	59
8	462	50.974380867572	60
8	468	52.37861374046	61
8	473	52.508857269723	62
8	488	55.494023034004	63
8	494	55.717791710237	64
8	499	56.7559454121	65
8	502	56.805028253901	66
8	516	58.728964802693	67
8	518	58.754966081838	68
8	534	60.074657204392	69
8	536	60.118944156547	70
8	543	60.244641254795	71
8	550	60.975524284236	72
8	558	61.29735358088	73
8	568	62.701459198583	74
8	576	62.933438460288	75
8	582	64.221812684145	76
8	597	66.06140562555	77
8	603	66.3002473016	78
8	610	66.550627332115	79
8	624	67.693646782615	80
8	632	68.644820276859	81
8	637	68.753731149086	82
8	643	68.953575055971	83
8	660	71.904096866466	84
8	671	72.289219032988	85
8	676	73.524875054615	86
8	684	73.84860655603	87
8	696	78.565287625108	88
8	704	78.800640658362	89
8	705	78.833008380172	90
8	719	80.440678484717	91
8	729	81.991236769865	92
8	741	84.667111131505	93
8	749	84.916347958174	94
8	754	85.69178017139	95
8	764	85.856175673484	96
8	774	88.41284885532	97
8	778	88.645649643466	98
8	785	89.120942258269	99
8	791	89.952321988094	100
8	794	90.028664685303	101
8	803	90.242062693322	102
8	807	91.325107237329	103
8	814	91.673102269743	104
8	828	94.190249102973	105
8	832	94.296469056285	106
8	841	96.011012920635	107
8	842	96.016028851995	108
8	852	97.688619093984	109
8	856	97.749050504682	110
8	866	99.08306053415	111
8	869	99.176192428024	112
8	882	100.265943219555	113
8	894	100.481628690737	114
8	904	103.054422618894	115
8	909	103.16309021778	116
8	932	106.130982056705	117
8	934	106.177710115996	118
8	944	106.517835297776	119
8	950	107.331058468039	120
8	959	107.495966199845	121
8	971	111.02451149303	122
8	977	111.896198179053	123
8	984	112.091156824734	124
8	998	113.198650726877	125
8	1008	113.361466559166	126
8	1016	114.437049890258	127
8	1019	114.519506695603	128
8	1025	114.723598690669	129
8	1033	115.697190231233	130
8	1053	118.796004334846	131
8	1055	118.818219304133	132
8	1064	119.05052970204	133
8	1074	122.306365245105	134
8	1082	122.486682091897	135
8	1093	123.464656986372	136
8	1098	123.639274410772	137
8	1112	126.134023235309	138
8	1121	126.389580875452	139
8	1122	126.435515405225	140
8	1129	127.799540524119	141
8	1136	127.972918060246	142
8	1142	129.604626031022	143
8	1143	129.621529228911	144
8	1148	129.968196424735	145
8	1157	130.987862505963	146
8	1167	132.4289894602	147
8	1168	132.460285315059	148
8	1177	133.478383333476	149
8	1179	133.549063204783	150
8	1197	136.353879404559	151
8	1206	136.61924594318	152
8	1214	137.600405311731	153
8	1222	137.720249205623	154
8	1226	137.847275036629	155
8	1235	139.442698548506	156
8	1241	139.571051264846	157
8	1247	139.698886940411	158
8	1252	140.893384129614	159
8	1254	140.910633513634	160
8	1263	141.155464246477	161
8	1269	142.349285805051	162
8	1274	142.627404301963	163
8	1276	142.689484760622	164
8	1288	143.966131340852	165
8	1301	145.667131018867	166
8	1310	145.952622988718	167
8	1315	147.538608866411	168
8	1332	149.560806866837	169
8	1337	149.682872263717	170
8	1346	150.982883010564	171
8	1349	151.097564497653	172
8	1366	153.063476665712	173
8	1372	153.257733337678	174
8	1376	153.326170769796	175
8	1383	156.187477417451	176
8	1391	156.425248312324	177
8	1406	159.165990910555	178
8	1416	160.531546767245	179
8	1418	160.600220579787	180
8	1427	160.79423741538	181
8	1434	161.624693659085	182
8	1440	161.771357358631	183
8	1450	163.207882270317	184
8	1451	163.235430988176	185
8	1466	164.363741487063	186
8	1475	166.286154223436	187
8	1483	168.094564432221	188
8	1492	168.334807546424	189
8	1502	169.631356749886	190
8	1507	169.694040713215	191
8	1509	169.756568021954	192
8	1517	170.932614440693	193
8	1521	171.201566227738	194
8	1529	171.527628917022	195
8	1539	172.397984808151	196
8	1543	172.480079711747	197
8	1546	172.529848369731	198
8	1575	176.654908109517	199
8	1586	176.964746216184	200
8	1592	178.202496609993	201
8	1604	179.819609857546	202
8	1609	179.901488253774	203
8	1610	179.902978389014	204
8	1622	180.998210649204	205
8	1623	181.00792197444	206
8	1634	181.278088171459	207
8	1640	182.094210098708	208
8	1647	182.216492974948	209
8	1657	183.217247626903	210
8	1664	183.358293773977	211
8	1673	184.295221602579	212
8	1674	184.317810375183	213
8	1690	186.025573445125	214
8	1701	187.730862624941	215
8	1709	187.938573918049	216
8	1712	188.766856315829	217
8	1718	188.925566219364	218
8	1729	190.808185729616	219
8	1737	191.094644048373	220
8	1739	191.133127848142	221
8	1745	192.017831891125	222
8	1751	192.101539217745	223
8	1757	193.467796678686	224
8	1769	195.595207581355	225
8	1772	195.681077361289	226
8	1783	196.753306318275	227
8	1784	196.770596991577	228
8	1796	197.104161483254	229
8	1801	197.829638105635	230
8	1815	198.132663253496	231
8	1820	199.154638569986	232
8	1826	199.289810254972	233
8	1835	200.532713840488	234
8	1840	200.657222648706	235
8	1853	202.460134985725	236
8	1861	202.642637629156	237
8	1873	205.979628912027	238
8	1877	206.099021000704	239
8	1891	207.497938475278	240
8	1899	207.720497419201	241
8	1901	207.849321473523	242
8	1904	209.218312624133	243
8	1923	211.057391732037	244
8	1939	212.849359274932	245
8	1947	213.033667694812	246
8	1950	213.063436082697	247
8	1959	216.001168495271	248
8	1966	216.110567933247	249
8	1971	216.244445624462	250
8	1976	218.083267252309	251
8	1984	218.299716591417	252
8	2011	223.039176519912	253
8	2015	223.13715982942	254
8	2020	224.790841536995	255
8	2026	224.923861725768	256
8	2035	225.981274679486	257
8	2042	226.177320081595	258
8	2046	226.397739159992	259
8	2051	227.943903652521	260
8	2061	228.196034813696	261
8	2062	228.243121387358	262
8	2079	230.397064091524	263
8	2089	230.663019975129	264
8	2094	231.670509204227	265
8	2097	231.758052065446	266
8	2105	231.924087282159	267
8	2114	232.865429009665	268
8	2116	232.923141324225	269
8	2127	233.133055657034	270
8	2131	234.472194638014	271
8	2139	234.87816963203	272
8	2152	235.563108829627	273
8	2164	237.257826527322	274
8	2165	237.261124820166	275
8	2179	238.855326707719	276
8	2184	239.080067571765	277
8	2190	239.172821728607	278
9	8	0.429924710323	1
9	21	2.345716366552	2
9	31	2.623005464327	3
9	38	3.808705352161	4
9	55	6.9114597676	5
9	59	6.947862244009	6
9	75	10.687892144678	7
9	81	12.047097972245	8
9	87	12.161156823076	9
9	108	13.708067404288	10
9	119	14.846564720646	11
9	120	14.854102241895	12
9	141	16.00402031923	13
9	157	17.848894720187	14
9	173	19.537216771898	15
9	184	21.886158167097	16
9	193	22.286117264039	17
9	217	24.870330754662	18
9	249	28.220063027728	19
9	258	29.364539962681	20
9	288	31.752362290639	21
9	300	33.246415668686	22
9	304	33.321498110232	23
9	321	35.303728912839	24
9	342	38.731775306058	25
9	347	38.880852637457	26
9	352	40.325279810601	27
9	368	41.463030342816	28
9	377	41.582909771137	29
9	389	42.972230232842	30
9	391	42.987182919586	31
9	399	44.871275391681	32
9	409	45.155444300812	33
9	415	46.166943721026	34
9	432	47.493461685598	35
9	436	48.72877364833	36
9	453	50.849077684452	37
9	455	50.872634361407	38
9	474	52.633896730836	39
9	479	53.835147844987	40
9	486	55.472093384426	41
9	504	56.859405691766	42
9	512	58.659731921401	43
9	532	60.000249112177	44
9	557	61.209680548852	45
9	566	62.65489425998	46
9	572	62.753387947614	47
9	584	64.326655359173	48
9	598	66.111328925192	49
9	609	66.550411826458	50
9	618	67.551896115364	51
9	634	68.672671457734	52
9	650	69.888101867312	53
9	662	71.964128934424	54
9	679	73.579191725682	55
9	683	73.838853546644	56
9	691	77.061929390136	57
9	698	78.610892518694	58
9	706	78.850148969584	59
9	718	80.436090517748	60
9	727	81.941798984614	61
9	742	84.672097731641	62
9	755	85.705195824465	63
9	756	85.730446923839	64
9	773	88.336766920211	65
9	779	88.698890371465	66
9	790	89.925961332914	67
9	792	89.970189680395	68
9	808	91.374330810038	69
9	813	91.594071668517	70
9	819	92.911605620201	71
9	834	94.345425917882	72
9	839	95.963844096121	73
9	840	95.9694221647	74
9	858	97.78117386207	75
9	859	97.786921255382	76
9	870	99.193373344635	77
9	887	100.323953677339	78
9	899	101.853160412426	79
9	905	103.087405244222	80
9	922	104.411200149423	81
9	931	106.061128028699	82
9	938	106.235646964035	83
9	958	107.45068517392	84
9	970	110.949573836967	85
9	980	111.96697724014	86
9	987	112.181173126069	87
9	1134	127.930361067149	88
9	1141	129.587648362873	89
9	1164	132.331541406223	90
9	1170	132.56524171469	91
9	1175	133.440982459185	92
9	1196	136.341866998389	93
9	1216	137.656791299481	94
9	1220	137.691449104748	95
9	1236	139.45359269008	96
9	1251	140.884705784867	97
9	1268	142.343197581571	98
9	1284	143.772778978904	99
9	1291	144.003986779116	100
9	1299	145.49784624812	101
9	1311	145.96060167019	102
9	1316	147.581533408615	103
9	1317	147.592630051519	104
9	1355	151.22683358513	105
9	1365	153.045623978835	106
9	1377	153.443585562786	107
9	1386	156.262629385015	108
9	1400	157.619587076327	109
9	1404	159.107012971774	110
9	1412	159.330948769907	111
9	1419	160.601152272164	112
9	1420	160.660244807697	113
9	1438	161.752368417095	114
9	1449	163.195706340053	115
9	1452	163.235930424519	116
9	1465	164.349026924599	117
9	1474	166.274577406752	118
9	1482	168.084490274427	119
9	1500	169.57295305449	120
9	1512	169.853017592095	121
9	1523	171.29393228422	122
9	1536	172.335838118494	123
9	1560	175.639377742659	124
9	1577	176.670956741593	125
9	1580	176.781462135113	126
9	1594	178.247428407373	127
9	1605	179.83617490391	128
9	1608	179.897100877845	129
9	1625	181.084494086252	130
9	1638	182.002549671944	131
9	1646	182.195066072339	132
9	1670	184.191782053022	133
9	1672	184.272908906899	134
9	1686	185.89935593368	135
9	1687	185.948117606812	136
9	1705	187.842719801515	137
9	1707	187.861302502085	138
9	1716	188.862714973951	139
9	1717	188.883702852227	140
9	1734	191.003043133247	141
9	1750	192.073434358695	142
9	1752	192.111761181845	143
9	1762	193.583569217418	144
9	1776	195.797437772637	145
9	1788	196.89944941358	146
9	1804	197.885538144668	147
9	1810	198.014666954111	148
9	1821	199.170551884403	149
9	1822	199.190510136744	150
9	1841	200.66210823779	151
9	1850	202.289949856206	152
9	1851	202.377408407169	153
9	1872	205.955466364341	154
9	1880	206.120610449617	155
9	1900	207.778774735809	156
9	1908	209.318796376834	157
9	1914	209.441388338623	158
9	1924	211.105861834788	159
9	1938	212.785293436888	160
9	1951	213.087291768535	161
9	1975	218.060535889348	162
9	1977	218.087958286194	163
9	2008	222.910745751731	164
9	2012	223.040921175705	165
9	2036	226.017900942961	166
9	2060	228.186111317804	167
9	2073	229.341752156203	168
9	2084	230.504891529317	169
9	2092	231.634351606018	170
9	2123	233.014586580743	171
9	2132	234.478893962595	172
9	2157	235.599776857709	173
9	2166	237.300496032198	174
9	2167	237.379099174098	175
9	2178	238.839459425544	176
9	2186	239.09890653182	177
10	13	0.523636797866	1
10	13	0.523636797866	2
10	13	0.523636797866	3
10	24	2.485227995292	4
10	24	2.485227995292	5
10	24	2.485227995292	6
10	54	6.886214200724	7
10	54	6.886214200724	8
10	54	6.886214200724	9
10	86	12.153751279381	10
10	86	12.153751279381	11
10	86	12.153751279381	12
10	123	14.923768255557	13
10	123	14.923768255557	14
10	123	14.923768255557	15
10	153	17.779358349888	16
10	153	17.779358349888	17
10	153	17.779358349888	18
10	186	22.025973496406	19
10	186	22.025973496406	20
10	186	22.025973496406	21
10	210	24.660713714058	22
10	210	24.660713714058	23
10	210	24.660713714058	24
10	225	26.189849729443	25
10	225	26.189849729443	26
10	225	26.189849729443	27
10	242	28.125931311054	28
10	242	28.125931311054	29
10	242	28.125931311054	30
10	286	31.739335048314	31
10	286	31.739335048314	32
10	286	31.739335048314	33
10	315	35.234100767075	34
10	315	35.234100767075	35
10	315	35.234100767075	36
10	359	40.571056269712	37
10	359	40.571056269712	38
10	359	40.571056269712	39
10	371	41.512484373462	40
10	371	41.512484373462	41
10	371	41.512484373462	42
10	407	45.071110807398	43
10	407	45.071110807398	44
10	407	45.071110807398	45
10	419	46.343732623625	46
10	419	46.343732623625	47
10	419	46.343732623625	48
10	520	58.807937159546	49
10	520	58.807937159546	50
10	520	58.807937159546	51
10	542	60.223143275293	52
10	542	60.223143275293	53
10	542	60.223143275293	54
10	575	62.896170171633	55
10	575	62.896170171633	56
10	575	62.896170171633	57
10	588	64.407451974151	58
10	588	64.407451974151	59
10	588	64.407451974151	60
10	601	66.249803511879	61
10	601	66.249803511879	62
10	601	66.249803511879	63
10	638	68.777448528497	64
10	638	68.777448528497	65
10	638	68.777448528497	66
10	669	72.233297128322	67
10	669	72.233297128322	68
10	669	72.233297128322	69
10	701	78.710993009839	70
10	701	78.710993009839	71
10	701	78.710993009839	72
10	783	88.963727294672	73
10	783	88.963727294672	74
10	783	88.963727294672	75
10	796	90.071605575886	76
10	796	90.071605575886	77
10	796	90.071605575886	78
10	884	100.286922282677	79
10	884	100.286922282677	80
10	884	100.286922282677	81
10	941	106.319819000634	82
10	941	106.319819000634	83
10	941	106.319819000634	84
10	951	107.366900149522	85
10	951	107.366900149522	86
10	951	107.366900149522	87
10	1001	113.248138361104	88
10	1001	113.248138361104	89
10	1001	113.248138361104	90
10	1022	114.610050022758	91
10	1022	114.610050022758	92
10	1022	114.610050022758	93
10	1037	115.794093040055	94
10	1037	115.794093040055	95
10	1037	115.794093040055	96
10	1060	118.909001475051	97
10	1060	118.909001475051	98
10	1060	118.909001475051	99
10	1076	122.381142350372	100
10	1076	122.381142350372	101
10	1076	122.381142350372	102
10	1094	123.533318607573	103
10	1094	123.533318607573	104
10	1094	123.533318607573	105
10	1118	126.30855539119	106
10	1118	126.30855539119	107
10	1118	126.30855539119	108
10	1147	129.80119144876	109
10	1147	129.80119144876	110
10	1147	129.80119144876	111
10	1185	133.669418046833	112
10	1185	133.669418046833	113
10	1185	133.669418046833	114
10	1200	136.496378929075	115
10	1200	136.496378929075	116
10	1200	136.496378929075	117
10	1221	137.714187526367	118
10	1221	137.714187526367	119
10	1221	137.714187526367	120
10	1239	139.551038000234	121
10	1239	139.551038000234	122
10	1239	139.551038000234	123
10	1256	140.982027123479	124
10	1256	140.982027123479	125
10	1256	140.982027123479	126
10	1275	142.662353233491	127
10	1275	142.662353233491	128
10	1275	142.662353233491	129
10	1334	149.636320566793	130
10	1334	149.636320566793	131
10	1334	149.636320566793	132
10	1370	153.230678712559	133
10	1370	153.230678712559	134
10	1370	153.230678712559	135
10	1388	156.304982513888	136
10	1388	156.304982513888	137
10	1388	156.304982513888	138
10	1425	160.767266046153	139
10	1425	160.767266046153	140
10	1425	160.767266046153	141
10	1486	168.189920354284	142
10	1486	168.189920354284	143
10	1486	168.189920354284	144
10	1501	169.60184836837	145
10	1501	169.60184836837	146
10	1501	169.60184836837	147
10	1524	171.347463990283	148
10	1524	171.347463990283	149
10	1524	171.347463990283	150
10	1540	172.408864456337	151
10	1540	172.408864456337	152
10	1540	172.408864456337	153
10	1564	175.733984308174	154
10	1564	175.733984308174	155
10	1564	175.733984308174	156
10	1581	176.798342843538	157
10	1581	176.798342843538	158
10	1581	176.798342843538	159
10	1606	179.853370201026	160
10	1606	179.853370201026	161
10	1606	179.853370201026	162
10	1627	181.108438775698	163
10	1627	181.108438775698	164
10	1627	181.108438775698	165
10	1642	182.127271900698	166
10	1642	182.127271900698	167
10	1642	182.127271900698	168
10	1660	183.260084746925	169
10	1660	183.260084746925	170
10	1660	183.260084746925	171
10	1733	190.960301558693	172
10	1733	190.960301558693	173
10	1733	190.960301558693	174
10	1789	196.908250539545	175
10	1789	196.908250539545	176
10	1789	196.908250539545	177
10	1809	198.006528361155	178
10	1809	198.006528361155	179
10	1809	198.006528361155	180
10	1855	202.498740195428	181
10	1855	202.498740195428	182
10	1855	202.498740195428	183
10	1893	207.53427737064	184
10	1893	207.53427737064	185
10	1893	207.53427737064	186
10	1929	211.173887728667	187
10	1929	211.173887728667	188
10	1929	211.173887728667	189
10	1941	212.949706069354	190
10	1941	212.949706069354	191
10	1941	212.949706069354	192
10	1960	216.042522801756	193
10	1960	216.042522801756	194
10	1960	216.042522801756	195
10	1979	218.146477791414	196
10	1979	218.146477791414	197
10	1979	218.146477791414	198
10	1999	221.719741268311	199
10	1999	221.719741268311	200
10	1999	221.719741268311	201
10	2043	226.233726416383	202
10	2043	226.233726416383	203
10	2043	226.233726416383	204
10	2057	228.096545763265	205
10	2057	228.096545763265	206
10	2057	228.096545763265	207
10	2100	231.840859681483	208
10	2100	231.840859681483	209
10	2100	231.840859681483	210
10	2121	232.982566817468	211
10	2121	232.982566817468	212
10	2121	232.982566817468	213
10	2148	235.52761599726	214
10	2148	235.52761599726	215
10	2148	235.52761599726	216
10	2181	238.956398076131	217
10	2181	238.956398076131	218
10	2181	238.956398076131	219
11	13	0.523636797866	1
11	15	0.559879716589	2
11	24	2.485227995292	3
11	54	6.886214200724	4
11	86	12.153751279381	5
11	123	14.923768255557	6
11	153	17.779358349888	7
11	186	22.025973496406	8
11	195	22.330571159899	9
11	210	24.660713714058	10
11	225	26.189849729443	11
11	242	28.125931311054	12
11	286	31.739335048314	13
11	315	35.234100767075	14
11	359	40.571056269712	15
11	371	41.512484373462	16
11	407	45.071110807398	17
11	419	46.343732623625	18
11	520	58.807937159546	19
11	542	60.223143275293	20
11	575	62.896170171633	21
11	588	64.407451974151	22
11	590	64.472258143786	23
11	601	66.249803511879	24
11	606	66.468820172655	25
11	638	68.777448528497	26
11	644	69.116823648135	27
11	669	72.233297128322	28
11	701	78.710993009839	29
11	783	88.963727294672	30
11	796	90.071605575886	31
11	884	100.286922282677	32
11	941	106.319819000634	33
11	951	107.366900149522	34
11	1001	113.248138361104	35
11	1022	114.610050022758	36
11	1037	115.794093040055	37
11	1038	115.808334591153	38
11	1060	118.909001475051	39
11	1061	118.930012916736	40
11	1076	122.381142350372	41
11	1094	123.533318607573	42
11	1118	126.30855539119	43
11	1147	129.80119144876	44
11	1185	133.669418046833	45
11	1200	136.496378929075	46
11	1221	137.714187526367	47
11	1227	137.880238848026	48
11	1239	139.551038000234	49
11	1256	140.982027123479	50
11	1275	142.662353233491	51
11	1334	149.636320566793	52
11	1340	149.724934620601	53
11	1370	153.230678712559	54
11	1388	156.304982513888	55
11	1425	160.767266046153	56
11	1486	168.189920354284	57
11	1493	168.379415791176	58
11	1501	169.60184836837	59
11	1524	171.347463990283	60
11	1540	172.408864456337	61
11	1564	175.733984308174	62
11	1581	176.798342843538	63
11	1606	179.853370201026	64
11	1616	180.047951690384	65
11	1627	181.108438775698	66
11	1629	181.120986012185	67
11	1642	182.127271900698	68
11	1651	182.300222173162	69
11	1660	183.260084746925	70
11	1665	183.393562621612	71
11	1733	190.960301558693	72
11	1789	196.908250539545	73
11	1809	198.006528361155	74
11	1855	202.498740195428	75
11	1893	207.53427737064	76
11	1929	211.173887728667	77
11	1941	212.949706069354	78
11	1948	213.034678234797	79
11	1960	216.042522801756	80
11	1961	216.048930584312	81
11	1979	218.146477791414	82
11	1999	221.719741268311	83
11	2043	226.233726416383	84
11	2057	228.096545763265	85
11	2100	231.840859681483	86
11	2121	232.982566817468	87
11	2148	235.52761599726	88
11	2155	235.583632850786	89
11	2181	238.956398076131	90
12	64	7.049026048589	1
12	64	7.049026048589	2
12	85	12.124743099273	3
12	85	12.124743099273	4
12	149	17.675204659832	5
12	149	17.675204659832	6
12	175	19.59224058352	7
12	175	19.59224058352	8
12	231	26.27570491774	9
12	231	26.27570491774	10
12	284	31.691087387356	11
12	284	31.691087387356	12
12	384	42.906533268503	13
12	384	42.906533268503	14
12	443	48.921302300151	15
12	443	48.921302300151	16
12	484	55.464340861504	17
12	484	55.464340861504	18
12	519	58.792386354574	19
12	519	58.792386354574	20
12	541	60.220701992445	21
12	541	60.220701992445	22
12	605	66.414704580628	23
12	605	66.414704580628	24
12	620	67.625928513964	25
12	620	67.625928513964	26
12	645	69.119606456615	27
12	645	69.119606456615	28
12	709	78.959971333103	29
12	709	78.959971333103	30
12	875	99.316862749643	31
12	875	99.316862749643	32
12	913	103.21691508683	33
12	913	103.21691508683	34
12	923	104.506415757784	35
12	923	104.506415757784	36
12	952	107.397859131152	37
12	952	107.397859131152	38
12	986	112.148971579596	39
12	986	112.148971579596	40
12	999	113.229192325567	41
12	999	113.229192325567	42
12	1036	115.758247148885	43
12	1036	115.758247148885	44
12	1203	136.597533325581	45
12	1203	136.597533325581	46
12	1224	137.835636464138	47
12	1224	137.835636464138	48
12	1307	145.84454692602	49
12	1307	145.84454692602	50
12	1322	147.681063275205	51
12	1322	147.681063275205	52
12	1351	151.146787185147	53
12	1351	151.146787185147	54
12	1363	153.003291077321	55
12	1363	153.003291077321	56
12	1394	156.540562039085	57
12	1394	156.540562039085	58
12	1442	161.877827542107	59
12	1442	161.877827542107	60
12	1459	163.444615468699	61
12	1459	163.444615468699	62
12	1527	171.494516258701	63
12	1527	171.494516258701	64
12	1541	172.462776980303	65
12	1541	172.462776980303	66
12	1563	175.71439704005	67
12	1563	175.71439704005	68
12	1676	184.349897723277	69
12	1676	184.349897723277	70
12	1691	186.076389660907	71
12	1691	186.076389660907	72
12	1721	189.034761345992	73
12	1721	189.034761345992	74
12	1794	197.048632167143	75
12	1794	197.048632167143	76
12	1805	197.906176953199	77
12	1805	197.906176953199	78
12	1830	199.366870706761	79
12	1830	199.366870706761	80
12	1856	202.537739839613	81
12	1856	202.537739839613	82
12	1882	206.239005733622	83
12	1882	206.239005733622	84
12	1913	209.435719178381	85
12	1913	209.435719178381	86
12	1998	221.703532545927	87
12	1998	221.703532545927	88
12	2103	231.895339279211	89
12	2103	231.895339279211	90
12	2118	232.934656869683	91
12	2118	232.934656869683	92
12	2149	235.544672994353	93
12	2149	235.544672994353	94
13	64	7.049026048589	1
13	85	12.124743099273	2
13	149	17.675204659832	3
13	175	19.59224058352	4
13	231	26.27570491774	5
13	284	31.691087387356	6
13	384	42.906533268503	7
13	443	48.921302300151	8
13	484	55.464340861504	9
13	519	58.792386354574	10
13	541	60.220701992445	11
13	605	66.414704580628	12
13	620	67.625928513964	13
13	645	69.119606456615	14
13	709	78.959971333103	15
13	875	99.316862749643	16
13	913	103.21691508683	17
13	923	104.506415757784	18
13	952	107.397859131152	19
13	986	112.148971579596	20
13	999	113.229192325567	21
13	1036	115.758247148885	22
13	1203	136.597533325581	23
13	1224	137.835636464138	24
13	1307	145.84454692602	25
13	1322	147.681063275205	26
13	1351	151.146787185147	27
13	1363	153.003291077321	28
13	1394	156.540562039085	29
13	1442	161.877827542107	30
13	1459	163.444615468699	31
13	1527	171.494516258701	32
13	1541	172.462776980303	33
13	1563	175.71439704005	34
13	1676	184.349897723277	35
13	1691	186.076389660907	36
13	1721	189.034761345992	37
13	1794	197.048632167143	38
13	1805	197.906176953199	39
13	1830	199.366870706761	40
13	1856	202.537739839613	41
13	1882	206.239005733622	42
13	1913	209.435719178381	43
13	1998	221.703532545927	44
13	2103	231.895339279211	45
13	2118	232.934656869683	46
13	2149	235.544672994353	47
14	394	43.072256334665	1
14	521	58.817425639302	2
14	547	60.361362783511	3
14	647	69.294086690299	4
14	1097	123.597545415269	5
14	1228	137.908679094593	6
14	1567	175.886032053384	7
15	394	43.072256334665	1.75284805684
15	521	58.817425639302	2.261255816646
15	547	60.361362783511	1.810792172756
15	647	69.294086690299	2.000684584187
15	1097	123.597545415269	1.568115348727
15	1228	137.908679094593	1.782930482299
15	1567	175.886032053384	2.539708112641

