version 3
run General-4-20231019-19:13:55-57309
attr configname General
attr datetime 20231019-19:13:55
attr datetimef 20231019-191355
attr experiment General
attr inifile omnetpp.ini
attr iterationvars ""
attr iterationvarsd ""
attr iterationvarsf ""
attr measurement ""
attr network Reliability
attr processid 57309
attr repetition 4
attr replication #4
attr resultdir results
attr runnumber 4
attr seedset 4
config network Reliability
config Reliability.node[*].transmissionTime "uniform(1s, 2s)"
config Reliability.node[*].delayTime "uniform(0.01s, 0.2s)"
config Reliability.node[0].lossProbability 0.3
config Reliability.node[1].lossProbability 0.3
config Reliability.node[2].lossProbability 0.3
config Reliability.node[3].lossProbability 0.3/2
config Reliability.node[4].lossProbability 0.3/2
config Reliability.node[5].lossProbability 0.3*2
config Reliability.node[6].lossProbability 0.3*2
config Reliability.node[7].lossProbability 0.3*3
config record-eventlog true
config sim-time-limit 240s
config repeat 5

vector 0 Reliability.node[0] txVector ETV
vector 1 Reliability.node[2] txVector ETV
vector 2 Reliability.node[2] rxVector ETV
vector 3 Reliability.node[1] txVector ETV
vector 4 Reliability.node[1] rxVector ETV
vector 5 Reliability.node[4] txVector ETV
vector 6 Reliability.node[4] rxVector ETV
vector 7 Reliability.node[0] rxVector ETV
vector 8 Reliability.node[3] txVector ETV
vector 9 Reliability.node[3] rxVector ETV
vector 10 Reliability.node[6] txVector ETV
vector 11 Reliability.node[6] rxVector ETV
vector 12 Reliability.node[5] txVector ETV
vector 13 Reliability.node[5] rxVector ETV
vector 14 Reliability.node[7] rxVector ETV
vector 15 Reliability.node[7] e2eVector ETV
0	1	0.193735669288	1
0	1	0.193735669288	2
0	1	0.193735669288	2
0	1	0.193735669288	2
0	18	1.366430994277	3
0	18	1.366430994277	4
0	18	1.366430994277	4
0	18	1.366430994277	4
0	37	2.410591047877	5
0	37	2.410591047877	6
0	37	2.410591047877	6
0	37	2.410591047877	6
0	51	3.591311642123	7
0	51	3.591311642123	8
0	51	3.591311642123	8
0	51	3.591311642123	8
0	65	5.486812803816	9
0	65	5.486812803816	10
0	65	5.486812803816	10
0	65	5.486812803816	10
0	84	7.333535075575	11
0	84	7.333535075575	12
0	84	7.333535075575	12
0	84	7.333535075575	12
0	100	9.017558290778	13
0	100	9.017558290778	14
0	100	9.017558290778	14
0	100	9.017558290778	14
0	109	10.903355383702	15
0	109	10.903355383702	16
0	109	10.903355383702	16
0	109	10.903355383702	16
0	126	11.98653950092	17
0	126	11.98653950092	18
0	126	11.98653950092	18
0	126	11.98653950092	18
0	140	13.216436400931	19
0	140	13.216436400931	20
0	140	13.216436400931	20
0	140	13.216436400931	20
0	159	14.222760341052	21
0	159	14.222760341052	22
0	159	14.222760341052	22
0	159	14.222760341052	22
0	178	15.44974136042	23
0	178	15.44974136042	24
0	178	15.44974136042	24
0	178	15.44974136042	24
0	189	17.086590028522	25
0	189	17.086590028522	26
0	189	17.086590028522	26
0	189	17.086590028522	26
0	206	18.480726361662	27
0	206	18.480726361662	28
0	206	18.480726361662	28
0	206	18.480726361662	28
0	209	19.711472304692	29
0	209	19.711472304692	30
0	209	19.711472304692	30
0	209	19.711472304692	30
0	226	20.981936378791	31
0	226	20.981936378791	32
0	226	20.981936378791	32
0	226	20.981936378791	32
0	243	22.90712150807	33
0	243	22.90712150807	34
0	243	22.90712150807	34
0	243	22.90712150807	34
0	246	23.969688413818	35
0	246	23.969688413818	36
0	246	23.969688413818	36
0	246	23.969688413818	36
0	262	25.012586942794	37
0	262	25.012586942794	38
0	262	25.012586942794	38
0	262	25.012586942794	38
0	276	26.585870546907	39
0	276	26.585870546907	40
0	276	26.585870546907	40
0	276	26.585870546907	40
0	292	27.784926198343	41
0	292	27.784926198343	42
0	292	27.784926198343	42
0	292	27.784926198343	42
0	309	28.991889222445	43
0	309	28.991889222445	44
0	309	28.991889222445	44
0	309	28.991889222445	44
0	323	30.04961432299	45
0	323	30.04961432299	46
0	323	30.04961432299	46
0	323	30.04961432299	46
0	336	31.958436808469	47
0	336	31.958436808469	48
0	336	31.958436808469	48
0	336	31.958436808469	48
0	353	33.021974182608	49
0	353	33.021974182608	50
0	353	33.021974182608	50
0	353	33.021974182608	50
0	356	34.099845386496	51
0	356	34.099845386496	52
0	356	34.099845386496	52
0	356	34.099845386496	52
0	367	36.054911323976	53
0	367	36.054911323976	54
0	367	36.054911323976	54
0	367	36.054911323976	54
0	383	37.346455079656	55
0	383	37.346455079656	56
0	383	37.346455079656	56
0	383	37.346455079656	56
0	402	38.719742907829	57
0	402	38.719742907829	58
0	402	38.719742907829	58
0	402	38.719742907829	58
0	419	40.216800698464	59
0	419	40.216800698464	60
0	419	40.216800698464	60
0	419	40.216800698464	60
0	422	41.338438339218	61
0	422	41.338438339218	62
0	422	41.338438339218	62
0	422	41.338438339218	62
0	441	42.912220213016	63
0	441	42.912220213016	64
0	441	42.912220213016	64
0	441	42.912220213016	64
0	444	44.081493777142	65
0	444	44.081493777142	66
0	444	44.081493777142	66
0	444	44.081493777142	66
0	447	45.299446964556	67
0	447	45.299446964556	68
0	447	45.299446964556	68
0	447	45.299446964556	68
0	456	46.382270492766	69
0	456	46.382270492766	70
0	456	46.382270492766	70
0	456	46.382270492766	70
0	461	48.050004801633	71
0	461	48.050004801633	72
0	461	48.050004801633	72
0	461	48.050004801633	72
0	478	49.8139968502	73
0	478	49.8139968502	74
0	478	49.8139968502	74
0	478	49.8139968502	74
0	495	51.588054028725	75
0	495	51.588054028725	76
0	495	51.588054028725	76
0	495	51.588054028725	76
0	514	53.301471459366	77
0	514	53.301471459366	78
0	514	53.301471459366	78
0	514	53.301471459366	78
0	525	54.625232775382	79
0	525	54.625232775382	80
0	525	54.625232775382	80
0	525	54.625232775382	80
0	542	56.534011036775	81
0	542	56.534011036775	82
0	542	56.534011036775	82
0	542	56.534011036775	82
0	545	58.109155179619	83
0	545	58.109155179619	84
0	545	58.109155179619	84
0	545	58.109155179619	84
0	548	59.360091374175	85
0	548	59.360091374175	86
0	548	59.360091374175	86
0	548	59.360091374175	86
0	564	60.808771499585	87
0	564	60.808771499585	88
0	564	60.808771499585	88
0	564	60.808771499585	88
0	578	62.808135533858	89
0	578	62.808135533858	90
0	578	62.808135533858	90
0	578	62.808135533858	90
0	595	64.170684727527	91
0	595	64.170684727527	92
0	595	64.170684727527	92
0	595	64.170684727527	92
0	609	65.282763540664	93
0	609	65.282763540664	94
0	609	65.282763540664	94
0	609	65.282763540664	94
0	628	67.013617568103	95
0	628	67.013617568103	96
0	628	67.013617568103	96
0	628	67.013617568103	96
0	644	68.758925341455	97
0	644	68.758925341455	98
0	644	68.758925341455	98
0	644	68.758925341455	98
0	652	69.816118061229	99
0	652	69.816118061229	100
0	652	69.816118061229	100
0	652	69.816118061229	100
0	666	71.120384306101	101
0	666	71.120384306101	102
0	666	71.120384306101	102
0	666	71.120384306101	102
0	669	72.73423864405	103
0	669	72.73423864405	104
0	669	72.73423864405	104
0	669	72.73423864405	104
0	672	74.406091118151	105
0	672	74.406091118151	106
0	672	74.406091118151	106
0	672	74.406091118151	106
0	681	75.86428873652	107
0	681	75.86428873652	108
0	681	75.86428873652	108
0	681	75.86428873652	108
0	689	77.367457555294	109
0	689	77.367457555294	110
0	689	77.367457555294	110
0	689	77.367457555294	110
0	706	78.913646344015	111
0	706	78.913646344015	112
0	706	78.913646344015	112
0	706	78.913646344015	112
0	723	80.505720736146	113
0	723	80.505720736146	114
0	723	80.505720736146	114
0	723	80.505720736146	114
0	728	82.282589466929	115
0	728	82.282589466929	116
0	728	82.282589466929	116
0	728	82.282589466929	116
0	747	83.325794964017	117
0	747	83.325794964017	118
0	747	83.325794964017	118
0	747	83.325794964017	118
0	764	84.417027411203	119
0	764	84.417027411203	120
0	764	84.417027411203	120
0	764	84.417027411203	120
0	783	86.081297470641	121
0	783	86.081297470641	122
0	783	86.081297470641	122
0	783	86.081297470641	122
0	791	87.92724179771	123
0	791	87.92724179771	124
0	791	87.92724179771	124
0	791	87.92724179771	124
0	808	89.756824213464	125
0	808	89.756824213464	126
0	808	89.756824213464	126
0	808	89.756824213464	126
0	816	91.435728513321	127
0	816	91.435728513321	128
0	816	91.435728513321	128
0	816	91.435728513321	128
0	833	92.747537448688	129
0	833	92.747537448688	130
0	833	92.747537448688	130
0	833	92.747537448688	130
0	850	94.23146839455	131
0	850	94.23146839455	132
0	850	94.23146839455	132
0	850	94.23146839455	132
0	867	95.588456979638	133
0	867	95.588456979638	134
0	867	95.588456979638	134
0	867	95.588456979638	134
0	886	96.896134621615	135
0	886	96.896134621615	136
0	886	96.896134621615	136
0	886	96.896134621615	136
0	903	98.664143881679	137
0	903	98.664143881679	138
0	903	98.664143881679	138
0	903	98.664143881679	138
0	920	99.757987244439	139
0	920	99.757987244439	140
0	920	99.757987244439	140
0	920	99.757987244439	140
0	935	100.778961156181	141
0	935	100.778961156181	142
0	935	100.778961156181	142
0	935	100.778961156181	142
0	954	102.260996346514	143
0	954	102.260996346514	144
0	954	102.260996346514	144
0	954	102.260996346514	144
0	971	103.727829379182	145
0	971	103.727829379182	146
0	971	103.727829379182	146
0	971	103.727829379182	146
0	990	104.801174709726	147
0	990	104.801174709726	148
0	990	104.801174709726	148
0	990	104.801174709726	148
0	1009	106.055807169447	149
0	1009	106.055807169447	150
0	1009	106.055807169447	150
0	1009	106.055807169447	150
0	1012	107.196882130266	151
0	1012	107.196882130266	152
0	1012	107.196882130266	152
0	1012	107.196882130266	152
0	1020	108.256742666163	153
0	1020	108.256742666163	154
0	1020	108.256742666163	154
0	1020	108.256742666163	154
0	1037	109.839118089913	155
0	1037	109.839118089913	156
0	1037	109.839118089913	156
0	1037	109.839118089913	156
0	1054	111.258449838417	157
0	1054	111.258449838417	158
0	1054	111.258449838417	158
0	1054	111.258449838417	158
0	1071	112.41860743022	159
0	1071	112.41860743022	160
0	1071	112.41860743022	160
0	1071	112.41860743022	160
0	1088	114.180055180485	161
0	1088	114.180055180485	162
0	1088	114.180055180485	162
0	1088	114.180055180485	162
0	1105	115.601777464072	163
0	1105	115.601777464072	164
0	1105	115.601777464072	164
0	1105	115.601777464072	164
0	1111	116.86127067652	165
0	1111	116.86127067652	166
0	1111	116.86127067652	166
0	1111	116.86127067652	166
0	1130	118.686692965836	167
0	1130	118.686692965836	168
0	1130	118.686692965836	168
0	1130	118.686692965836	168
0	1147	120.656067200158	169
0	1147	120.656067200158	170
0	1147	120.656067200158	170
0	1147	120.656067200158	170
0	1166	122.07026103387	171
0	1166	122.07026103387	172
0	1166	122.07026103387	172
0	1166	122.07026103387	172
0	1183	123.764145031724	173
0	1183	123.764145031724	174
0	1183	123.764145031724	174
0	1183	123.764145031724	174
0	1186	125.312792035904	175
0	1186	125.312792035904	176
0	1186	125.312792035904	176
0	1186	125.312792035904	176
0	1205	126.444534602495	177
0	1205	126.444534602495	178
0	1205	126.444534602495	178
0	1205	126.444534602495	178
0	1216	128.134974741995	179
0	1216	128.134974741995	180
0	1216	128.134974741995	180
0	1216	128.134974741995	180
0	1232	129.896075772041	181
0	1232	129.896075772041	182
0	1232	129.896075772041	182
0	1232	129.896075772041	182
0	1248	131.888284319	183
0	1248	131.888284319	184
0	1248	131.888284319	184
0	1248	131.888284319	184
0	1263	133.678252824502	185
0	1263	133.678252824502	186
0	1263	133.678252824502	186
0	1263	133.678252824502	186
0	1277	135.36062446019	187
0	1277	135.36062446019	188
0	1277	135.36062446019	188
0	1277	135.36062446019	188
0	1293	136.422890729889	189
0	1293	136.422890729889	190
0	1293	136.422890729889	190
0	1293	136.422890729889	190
0	1307	138.075272522088	191
0	1307	138.075272522088	192
0	1307	138.075272522088	192
0	1307	138.075272522088	192
0	1323	139.483404532693	193
0	1323	139.483404532693	194
0	1323	139.483404532693	194
0	1323	139.483404532693	194
0	1339	140.647929267877	195
0	1339	140.647929267877	196
0	1339	140.647929267877	196
0	1339	140.647929267877	196
0	1355	142.102717021167	197
0	1355	142.102717021167	198
0	1355	142.102717021167	198
0	1355	142.102717021167	198
0	1374	143.972394585995	199
0	1374	143.972394585995	200
0	1374	143.972394585995	200
0	1374	143.972394585995	200
0	1390	145.394823613264	201
0	1390	145.394823613264	202
0	1390	145.394823613264	202
0	1390	145.394823613264	202
0	1398	146.782821944602	203
0	1398	146.782821944602	204
0	1398	146.782821944602	204
0	1398	146.782821944602	204
0	1417	148.242202834845	205
0	1417	148.242202834845	206
0	1417	148.242202834845	206
0	1417	148.242202834845	206
0	1434	150.139848928819	207
0	1434	150.139848928819	208
0	1434	150.139848928819	208
0	1434	150.139848928819	208
0	1451	151.91983191079	209
0	1451	151.91983191079	210
0	1451	151.91983191079	210
0	1451	151.91983191079	210
0	1462	153.855686369739	211
0	1462	153.855686369739	212
0	1462	153.855686369739	212
0	1462	153.855686369739	212
0	1481	155.446797599472	213
0	1481	155.446797599472	214
0	1481	155.446797599472	214
0	1481	155.446797599472	214
0	1498	157.013383689258	215
0	1498	157.013383689258	216
0	1498	157.013383689258	216
0	1498	157.013383689258	216
0	1512	158.988538189713	217
0	1512	158.988538189713	218
0	1512	158.988538189713	218
0	1512	158.988538189713	218
0	1526	160.31954974813	219
0	1526	160.31954974813	220
0	1526	160.31954974813	220
0	1526	160.31954974813	220
0	1543	161.971289161514	221
0	1543	161.971289161514	222
0	1543	161.971289161514	222
0	1543	161.971289161514	222
0	1562	163.580709752315	223
0	1562	163.580709752315	224
0	1562	163.580709752315	224
0	1562	163.580709752315	224
0	1579	165.456464856551	225
0	1579	165.456464856551	226
0	1579	165.456464856551	226
0	1579	165.456464856551	226
0	1590	166.47626193861	227
0	1590	166.47626193861	228
0	1590	166.47626193861	228
0	1590	166.47626193861	228
0	1593	167.767732979418	229
0	1593	167.767732979418	230
0	1593	167.767732979418	230
0	1593	167.767732979418	230
0	1608	168.800697110282	231
0	1608	168.800697110282	232
0	1608	168.800697110282	232
0	1608	168.800697110282	232
0	1625	170.604499571645	233
0	1625	170.604499571645	234
0	1625	170.604499571645	234
0	1625	170.604499571645	234
0	1636	172.368754884149	235
0	1636	172.368754884149	236
0	1636	172.368754884149	236
0	1636	172.368754884149	236
0	1647	174.0100833689	237
0	1647	174.0100833689	238
0	1647	174.0100833689	238
0	1647	174.0100833689	238
0	1664	175.634682133249	239
0	1664	175.634682133249	240
0	1664	175.634682133249	240
0	1664	175.634682133249	240
0	1678	177.322820168608	241
0	1678	177.322820168608	242
0	1678	177.322820168608	242
0	1678	177.322820168608	242
0	1697	178.448568866276	243
0	1697	178.448568866276	244
0	1697	178.448568866276	244
0	1697	178.448568866276	244
0	1702	179.863775585233	245
0	1702	179.863775585233	246
0	1702	179.863775585233	246
0	1702	179.863775585233	246
0	1719	181.783747757706	247
0	1719	181.783747757706	248
0	1719	181.783747757706	248
0	1719	181.783747757706	248
0	1727	183.469063873789	249
0	1727	183.469063873789	250
0	1727	183.469063873789	250
0	1727	183.469063873789	250
0	1743	185.052622075812	251
0	1743	185.052622075812	252
0	1743	185.052622075812	252
0	1743	185.052622075812	252
0	1755	186.676292940197	253
0	1755	186.676292940197	254
0	1755	186.676292940197	254
0	1755	186.676292940197	254
0	1771	187.9732536405	255
0	1771	187.9732536405	256
0	1771	187.9732536405	256
0	1771	187.9732536405	256
0	1776	189.734879157427	257
0	1776	189.734879157427	258
0	1776	189.734879157427	258
0	1776	189.734879157427	258
0	1795	191.197052684999	259
0	1795	191.197052684999	260
0	1795	191.197052684999	260
0	1795	191.197052684999	260
0	1798	192.531581934928	261
0	1798	192.531581934928	262
0	1798	192.531581934928	262
0	1798	192.531581934928	262
0	1809	193.74001433576	263
0	1809	193.74001433576	264
0	1809	193.74001433576	264
0	1809	193.74001433576	264
0	1826	195.464190848558	265
0	1826	195.464190848558	266
0	1826	195.464190848558	266
0	1826	195.464190848558	266
0	1843	197.270446415911	267
0	1843	197.270446415911	268
0	1843	197.270446415911	268
0	1843	197.270446415911	268
0	1846	199.208361542006	269
0	1846	199.208361542006	270
0	1846	199.208361542006	270
0	1846	199.208361542006	270
0	1865	201.020070887324	271
0	1865	201.020070887324	272
0	1865	201.020070887324	272
0	1865	201.020070887324	272
0	1881	202.382414532047	273
0	1881	202.382414532047	274
0	1881	202.382414532047	274
0	1881	202.382414532047	274
0	1892	204.3578358499	275
0	1892	204.3578358499	276
0	1892	204.3578358499	276
0	1892	204.3578358499	276
0	1909	205.785566551997	277
0	1909	205.785566551997	278
0	1909	205.785566551997	278
0	1909	205.785566551997	278
0	1928	207.121902374238	279
0	1928	207.121902374238	280
0	1928	207.121902374238	280
0	1928	207.121902374238	280
0	1942	208.214205757169	281
0	1942	208.214205757169	282
0	1942	208.214205757169	282
0	1942	208.214205757169	282
0	1961	210.031055960957	283
0	1961	210.031055960957	284
0	1961	210.031055960957	284
0	1961	210.031055960957	284
0	1964	211.291959012546	285
0	1964	211.291959012546	286
0	1964	211.291959012546	286
0	1964	211.291959012546	286
0	1978	213.110908024865	287
0	1978	213.110908024865	288
0	1978	213.110908024865	288
0	1978	213.110908024865	288
0	1997	214.85666170848	289
0	1997	214.85666170848	290
0	1997	214.85666170848	290
0	1997	214.85666170848	290
0	2016	216.342338834344	291
0	2016	216.342338834344	292
0	2016	216.342338834344	292
0	2016	216.342338834344	292
0	2030	217.506940207132	293
0	2030	217.506940207132	294
0	2030	217.506940207132	294
0	2030	217.506940207132	294
0	2044	219.295705043399	295
0	2044	219.295705043399	296
0	2044	219.295705043399	296
0	2044	219.295705043399	296
0	2059	220.827367124302	297
0	2059	220.827367124302	298
0	2059	220.827367124302	298
0	2059	220.827367124302	298
0	2062	222.770233465746	299
0	2062	222.770233465746	300
0	2062	222.770233465746	300
0	2062	222.770233465746	300
0	2081	224.508257785501	301
0	2081	224.508257785501	302
0	2081	224.508257785501	302
0	2081	224.508257785501	302
0	2098	226.071636902556	303
0	2098	226.071636902556	304
0	2098	226.071636902556	304
0	2098	226.071636902556	304
0	2109	227.454578162093	305
0	2109	227.454578162093	306
0	2109	227.454578162093	306
0	2109	227.454578162093	306
0	2120	229.123559248556	307
0	2120	229.123559248556	308
0	2120	229.123559248556	308
0	2120	229.123559248556	308
0	2136	230.231556245979	309
0	2136	230.231556245979	310
0	2136	230.231556245979	310
0	2136	230.231556245979	310
0	2147	232.217632912487	311
0	2147	232.217632912487	312
0	2147	232.217632912487	312
0	2147	232.217632912487	312
0	2166	234.193063981986	313
0	2166	234.193063981986	314
0	2166	234.193063981986	314
0	2166	234.193063981986	314
0	2169	235.390863456685	315
0	2169	235.390863456685	316
0	2169	235.390863456685	316
0	2169	235.390863456685	316
0	2184	237.349695841936	317
0	2184	237.349695841936	318
0	2184	237.349695841936	318
0	2184	237.349695841936	318
0	2201	238.933210975179	319
0	2201	238.933210975179	320
0	2201	238.933210975179	320
0	2201	238.933210975179	320
1	2	0.317709797404	1
1	2	0.317709797404	2
1	19	1.437061013081	3
1	19	1.437061013081	4
1	39	2.530227823852	5
1	39	2.530227823852	6
1	52	3.620318686187	7
1	52	3.620318686187	8
1	67	5.615519170296	9
1	67	5.615519170296	10
1	90	7.615682530455	11
1	90	7.615682530455	12
1	111	11.08994602648	13
1	111	11.08994602648	14
1	130	12.067587770017	15
1	130	12.067587770017	16
1	141	13.357004604845	17
1	141	13.357004604845	18
1	160	14.259627184564	19
1	160	14.259627184564	20
1	179	15.546731937612	21
1	179	15.546731937612	22
1	192	17.208768545732	23
1	192	17.208768545732	24
1	214	19.894629266141	25
1	214	19.894629266141	26
1	248	24.075915969163	27
1	248	24.075915969163	28
1	264	25.105574998878	29
1	264	25.105574998878	30
1	277	26.633894706381	31
1	277	26.633894706381	32
1	294	27.926310188974	33
1	294	27.926310188974	34
1	313	29.198172354555	35
1	313	29.198172354555	36
1	327	30.203982293318	37
1	327	30.203982293318	38
1	338	32.120043658029	39
1	338	32.120043658029	40
1	364	34.480429484825	41
1	364	34.480429484825	42
1	368	36.166052010122	43
1	368	36.166052010122	44
1	385	37.516650904493	45
1	385	37.516650904493	46
1	405	38.835249349895	47
1	405	38.835249349895	48
1	423	41.456782362336	49
1	423	41.456782362336	50
1	457	46.524221027013	51
1	457	46.524221027013	52
1	462	48.113462319704	53
1	462	48.113462319704	54
1	479	49.960284333715	55
1	479	49.960284333715	56
1	496	51.621170662477	57
1	496	51.621170662477	58
1	516	53.431228862711	59
1	516	53.431228862711	60
1	549	59.464177709122	61
1	549	59.464177709122	62
1	565	60.902396225833	63
1	565	60.902396225833	64
1	579	62.842938333879	65
1	579	62.842938333879	66
1	603	64.537912799261	67
1	603	64.537912799261	68
1	614	65.488582814302	69
1	614	65.488582814302	70
1	630	67.094143289547	71
1	630	67.094143289547	72
1	645	68.792148451664	73
1	645	68.792148451664	74
1	654	69.960249578243	75
1	654	69.960249578243	76
1	683	76.04793444265	77
1	683	76.04793444265	78
1	695	77.518784728445	79
1	695	77.518784728445	80
1	707	79.070396393404	81
1	707	79.070396393404	82
1	725	80.67456311295	83
1	725	80.67456311295	84
1	731	82.384598495842	85
1	731	82.384598495842	86
1	761	84.087261508837	87
1	761	84.087261508837	88
1	779	84.910786638475	89
1	779	84.910786638475	90
1	784	86.101876206643	91
1	784	86.101876206643	92
1	792	88.039648922065	93
1	792	88.039648922065	94
1	809	89.809798425245	95
1	809	89.809798425245	96
1	818	91.636578551186	97
1	818	91.636578551186	98
1	844	93.131809888943	99
1	844	93.131809888943	100
1	861	94.690543148304	101
1	861	94.690543148304	102
1	869	95.651245578085	103
1	869	95.651245578085	104
1	887	96.921223455623	105
1	887	96.921223455623	106
1	904	98.768303332943	107
1	904	98.768303332943	108
1	937	100.897512201558	109
1	937	100.897512201558	110
1	955	102.415658534989	111
1	955	102.415658534989	112
1	972	103.779501648982	113
1	972	103.779501648982	114
1	991	104.85112682264	115
1	991	104.85112682264	116
1	1014	107.397011321487	117
1	1014	107.397011321487	118
1	1021	108.330668250771	119
1	1021	108.330668250771	120
1	1055	111.301904723702	121
1	1055	111.301904723702	122
1	1072	112.538335636705	123
1	1072	112.538335636705	124
1	1090	114.337555045168	125
1	1090	114.337555045168	126
1	1112	116.950706036095	127
1	1112	116.950706036095	128
1	1131	118.719954770691	129
1	1131	118.719954770691	130
1	1162	121.295884813188	131
1	1162	121.295884813188	132
1	1199	125.758627570953	133
1	1199	125.758627570953	134
1	1206	126.61648248128	135
1	1206	126.61648248128	136
1	1218	128.314927588102	137
1	1218	128.314927588102	138
1	1233	129.961491140091	139
1	1233	129.961491140091	140
1	1264	133.880978914268	141
1	1264	133.880978914268	142
1	1279	135.523827172423	143
1	1279	135.523827172423	144
1	1294	136.457907702107	145
1	1294	136.457907702107	146
1	1309	138.284426759026	147
1	1309	138.284426759026	148
1	1325	139.683000386801	149
1	1325	139.683000386801	150
1	1350	141.04682883892	151
1	1350	141.04682883892	152
1	1356	142.182438748415	153
1	1356	142.182438748415	154
1	1375	144.036635845789	155
1	1375	144.036635845789	156
1	1392	145.58625727883	157
1	1392	145.58625727883	158
1	1409	147.025693174063	159
1	1409	147.025693174063	160
1	1419	148.309549678638	161
1	1419	148.309549678638	162
1	1435	150.311519671494	163
1	1435	150.311519671494	164
1	1455	152.109710159041	165
1	1455	152.109710159041	166
1	1464	153.934437958757	167
1	1464	153.934437958757	168
1	1482	155.614560514708	169
1	1482	155.614560514708	170
1	1499	157.093060369308	171
1	1499	157.093060369308	172
1	1513	159.01812777808	173
1	1513	159.01812777808	174
1	1528	160.516978403622	175
1	1528	160.516978403622	176
1	1549	162.138717001125	177
1	1549	162.138717001125	178
1	1563	163.635709302235	179
1	1563	163.635709302235	180
1	1583	165.631909003596	181
1	1583	165.631909003596	182
1	1610	168.883065691812	183
1	1610	168.883065691812	184
1	1628	170.723927858656	185
1	1628	170.723927858656	186
1	1640	172.511142127011	187
1	1640	172.511142127011	188
1	1648	174.073252704721	189
1	1648	174.073252704721	190
1	1665	175.771975449224	191
1	1665	175.771975449224	192
1	1679	177.351930973944	193
1	1679	177.351930973944	194
1	1698	178.506510478093	195
1	1698	178.506510478093	196
1	1704	180.055015240786	197
1	1704	180.055015240786	198
1	1720	181.855671322816	199
1	1720	181.855671322816	200
1	1728	183.588101779713	201
1	1728	183.588101779713	202
1	1757	186.817508389503	203
1	1757	186.817508389503	204
1	1773	188.050842119625	205
1	1773	188.050842119625	206
1	1782	190.103195938911	207
1	1782	190.103195938911	208
1	1799	192.603776640198	209
1	1799	192.603776640198	210
1	1810	193.8759664482	211
1	1810	193.8759664482	212
1	1827	195.524877992561	213
1	1827	195.524877992561	214
1	1848	199.379922003418	215
1	1848	199.379922003418	216
1	1869	201.187104995984	217
1	1869	201.187104995984	218
1	1883	202.539039600253	219
1	1883	202.539039600253	220
1	1894	204.532204721059	221
1	1894	204.532204721059	222
1	1910	205.899983856002	223
1	1910	205.899983856002	224
1	1929	207.165502271679	225
1	1929	207.165502271679	226
1	1944	208.309623586525	227
1	1944	208.309623586525	228
1	1973	211.775357524131	229
1	1973	211.775357524131	230
1	1979	213.226218817686	231
1	1979	213.226218817686	232
1	1998	214.949670194519	233
1	1998	214.949670194519	234
1	2017	216.393585644764	235
1	2017	216.393585644764	236
1	2036	217.686498672168	237
1	2036	217.686498672168	238
1	2063	222.937331533007	239
1	2063	222.937331533007	240
1	2083	224.676850422766	241
1	2083	224.676850422766	242
1	2104	226.361663410423	243
1	2104	226.361663410423	244
1	2115	227.655328671582	245
1	2115	227.655328671582	246
1	2121	229.165631891365	247
1	2121	229.165631891365	248
1	2140	230.429854802723	249
1	2140	230.429854802723	250
1	2148	232.271307169049	251
1	2148	232.271307169049	252
1	2186	237.533181477797	253
1	2186	237.533181477797	254
2	2	0.317709797404	1
2	19	1.437061013081	2
2	28	1.672032773108	3
2	39	2.530227823852	4
2	52	3.620318686187	5
2	59	3.85925747545	6
2	67	5.615519170296	7
2	90	7.615682530455	8
2	111	11.08994602648	9
2	120	11.365808829667	10
2	130	12.067587770017	11
2	141	13.357004604845	12
2	156	13.685703903242	13
2	160	14.259627184564	14
2	168	14.454528657295	15
2	179	15.546731937612	16
2	192	17.208768545732	17
2	194	17.272161649712	18
2	214	19.894629266141	19
2	224	20.070415259426	20
2	248	24.075915969163	21
2	260	24.308803243092	22
2	264	25.105574998878	23
2	277	26.633894706381	24
2	285	26.857851530009	25
2	294	27.926310188974	26
2	306	28.140626941493	27
2	313	29.198172354555	28
2	321	29.361685711927	29
2	327	30.203982293318	30
2	338	32.120043658029	31
2	364	34.480429484825	32
2	368	36.166052010122	33
2	373	36.49091115026	34
2	385	37.516650904493	35
2	394	37.783548222218	36
2	405	38.835249349895	37
2	409	38.960971616719	38
2	423	41.456782362336	39
2	457	46.524221027013	40
2	462	48.113462319704	41
2	479	49.960284333715	42
2	490	50.270227780856	43
2	496	51.621170662477	44
2	499	51.740131555734	45
2	516	53.431228862711	46
2	519	53.776477551574	47
2	549	59.464177709122	48
2	557	59.739049027295	49
2	565	60.902396225833	50
2	576	61.341437230773	51
2	579	62.842938333879	52
2	581	62.914648612506	53
2	603	64.537912799261	54
2	614	65.488582814302	55
2	615	65.490251461033	56
2	630	67.094143289547	57
2	635	67.155569754467	58
2	645	68.792148451664	59
2	651	69.072494307667	60
2	654	69.960249578243	61
2	665	70.192139676183	62
2	683	76.04793444265	63
2	688	76.340780559527	64
2	695	77.518784728445	65
2	701	77.721197592913	66
2	707	79.070396393404	67
2	714	79.222364321711	68
2	725	80.67456311295	69
2	731	82.384598495842	70
2	735	82.509562773063	71
2	761	84.087261508837	72
2	779	84.910786638475	73
2	784	86.101876206643	74
2	790	86.379956572675	75
2	792	88.039648922065	76
2	809	89.809798425245	77
2	815	90.031284575081	78
2	818	91.636578551186	79
2	825	91.971607775164	80
2	844	93.131809888943	81
2	861	94.690543148304	82
2	869	95.651245578085	83
2	881	95.907809137381	84
2	887	96.921223455623	85
2	898	97.179238061232	86
2	904	98.768303332943	87
2	937	100.897512201558	88
2	943	101.240878099904	89
2	955	102.415658534989	90
2	960	102.717810839605	91
2	972	103.779501648982	92
2	979	103.993599890768	93
2	991	104.85112682264	94
2	994	104.946250633257	95
2	1014	107.397011321487	96
2	1019	107.666636105512	97
2	1021	108.330668250771	98
2	1055	111.301904723702	99
2	1072	112.538335636705	100
2	1080	112.749229324043	101
2	1090	114.337555045168	102
2	1112	116.950706036095	103
2	1116	117.028698695483	104
2	1131	118.719954770691	105
2	1162	121.295884813188	106
2	1199	125.758627570953	107
2	1206	126.61648248128	108
2	1213	126.799002216038	109
2	1218	128.314927588102	110
2	1233	129.961491140091	111
2	1237	130.092354726844	112
2	1264	133.880978914268	113
2	1271	134.07438691104	114
2	1279	135.523827172423	115
2	1286	135.756337995446	116
2	1294	136.457907702107	117
2	1309	138.284426759026	118
2	1325	139.683000386801	119
2	1333	139.929366802202	120
2	1350	141.04682883892	121
2	1356	142.182438748415	122
2	1359	142.271285959579	123
2	1375	144.036635845789	124
2	1392	145.58625727883	125
2	1397	145.839398594575	126
2	1409	147.025693174063	127
2	1419	148.309549678638	128
2	1432	148.633466029961	129
2	1435	150.311519671494	130
2	1455	152.109710159041	131
2	1464	153.934437958757	132
2	1470	154.286008546824	133
2	1482	155.614560514708	134
2	1489	155.791837770689	135
2	1499	157.093060369308	136
2	1513	159.01812777808	137
2	1528	160.516978403622	138
2	1534	160.692095519441	139
2	1549	162.138717001125	140
2	1553	162.236282923739	141
2	1563	163.635709302235	142
2	1572	163.839787098419	143
2	1583	165.631909003596	144
2	1610	168.883065691812	145
2	1618	169.053926559565	146
2	1628	170.723927858656	147
2	1640	172.511142127011	148
2	1645	172.655642178999	149
2	1648	174.073252704721	150
2	1659	174.419572838373	151
2	1665	175.771975449224	152
2	1671	175.908562079331	153
2	1679	177.351930973944	154
2	1685	177.572470609166	155
2	1698	178.506510478093	156
2	1704	180.055015240786	157
2	1714	180.22644671522	158
2	1720	181.855671322816	159
2	1728	183.588101779713	160
2	1736	183.845450366327	161
2	1757	186.817508389503	162
2	1773	188.050842119625	163
2	1782	190.103195938911	164
2	1799	192.603776640198	165
2	1806	192.928015689447	166
2	1810	193.8759664482	167
2	1827	195.524877992561	168
2	1840	195.864882758325	169
2	1848	199.379922003418	170
2	1869	201.187104995984	171
2	1883	202.539039600253	172
2	1891	202.771443143283	173
2	1894	204.532204721059	174
2	1898	204.76672719672	175
2	1910	205.899983856002	176
2	1918	206.22611534492	177
2	1929	207.165502271679	178
2	1944	208.309623586525	179
2	1949	208.469488142665	180
2	1973	211.775357524131	181
2	1979	213.226218817686	182
2	1998	214.949670194519	183
2	2004	215.151398656744	184
2	2017	216.393585644764	185
2	2023	216.569084837522	186
2	2036	217.686498672168	187
2	2038	217.752284285737	188
2	2063	222.937331533007	189
2	2083	224.676850422766	190
2	2094	224.907389229798	191
2	2104	226.361663410423	192
2	2115	227.655328671582	193
2	2121	229.165631891365	194
2	2124	229.261608969681	195
2	2140	230.429854802723	196
2	2148	232.271307169049	197
2	2186	237.533181477797	198
3	3	0.38485374568	1
3	3	0.38485374568	2
3	3	0.38485374568	3
3	20	1.459879537867	4
3	20	1.459879537867	5
3	20	1.459879537867	6
3	38	2.470715353447	7
3	38	2.470715353447	8
3	38	2.470715353447	9
3	57	3.741560354864	10
3	57	3.741560354864	11
3	57	3.741560354864	12
3	66	5.578332503239	13
3	66	5.578332503239	14
3	66	5.578332503239	15
3	85	7.374400518246	16
3	85	7.374400518246	17
3	85	7.374400518246	18
3	101	9.098475263688	19
3	101	9.098475263688	20
3	101	9.098475263688	21
3	110	11.041833463054	22
3	110	11.041833463054	23
3	110	11.041833463054	24
3	127	12.008520568589	25
3	127	12.008520568589	26
3	127	12.008520568589	27
3	142	13.374807593758	28
3	142	13.374807593758	29
3	142	13.374807593758	30
3	161	14.265479911758	31
3	161	14.265479911758	32
3	161	14.265479911758	33
3	181	15.63196420067	34
3	181	15.63196420067	35
3	181	15.63196420067	36
3	190	17.14363008918	37
3	190	17.14363008918	38
3	190	17.14363008918	39
3	210	19.785668777482	40
3	210	19.785668777482	41
3	210	19.785668777482	42
3	228	21.184669509272	43
3	228	21.184669509272	44
3	228	21.184669509272	45
3	247	24.062568615614	46
3	247	24.062568615614	47
3	247	24.062568615614	48
3	268	25.355619795705	49
3	268	25.355619795705	50
3	268	25.355619795705	51
3	279	26.699982478033	52
3	279	26.699982478033	53
3	279	26.699982478033	54
3	293	27.81120749718	55
3	293	27.81120749718	56
3	293	27.81120749718	57
3	310	29.094678822734	58
3	310	29.094678822734	59
3	310	29.094678822734	60
3	324	30.11021980415	61
3	324	30.11021980415	62
3	324	30.11021980415	63
3	337	32.036351793114	64
3	337	32.036351793114	65
3	337	32.036351793114	66
3	358	34.2522851599	67
3	358	34.2522851599	68
3	358	34.2522851599	69
3	374	36.506640387072	70
3	374	36.506640387072	71
3	374	36.506640387072	72
3	384	37.490858709399	73
3	384	37.490858709399	74
3	384	37.490858709399	75
3	403	38.780938537066	76
3	403	38.780938537066	77
3	403	38.780938537066	78
3	424	41.483811406597	79
3	424	41.483811406597	80
3	424	41.483811406597	81
3	449	45.410333565328	82
3	449	45.410333565328	83
3	449	45.410333565328	84
3	464	48.164030048071	85
3	464	48.164030048071	86
3	464	48.164030048071	87
3	480	49.980619490444	88
3	480	49.980619490444	89
3	480	49.980619490444	90
3	502	51.866140919466	91
3	502	51.866140919466	92
3	502	51.866140919466	93
3	520	53.780370512229	94
3	520	53.780370512229	95
3	520	53.780370512229	96
3	527	54.831596106063	97
3	527	54.831596106063	98
3	527	54.831596106063	99
3	550	59.527327055215	100
3	550	59.527327055215	101
3	550	59.527327055215	102
3	567	61.014324931117	103
3	567	61.014324931117	104
3	567	61.014324931117	105
3	582	62.924068877899	106
3	582	62.924068877899	107
3	582	62.924068877899	108
3	596	64.311724430538	109
3	596	64.311724430538	110
3	596	64.311724430538	111
3	610	65.387566928685	112
3	610	65.387566928685	113
3	610	65.387566928685	114
3	629	67.090240057135	115
3	629	67.090240057135	116
3	629	67.090240057135	117
3	653	69.914794463439	118
3	653	69.914794463439	119
3	653	69.914794463439	120
3	673	74.466035053158	121
3	673	74.466035053158	122
3	673	74.466035053158	123
3	690	77.399329012995	124
3	690	77.399329012995	125
3	690	77.399329012995	126
3	708	79.072245918625	127
3	708	79.072245918625	128
3	708	79.072245918625	129
3	729	82.319292121365	130
3	729	82.319292121365	131
3	729	82.319292121365	132
3	749	83.501673794546	133
3	749	83.501673794546	134
3	749	83.501673794546	135
3	766	84.53074964068	136
3	766	84.53074964068	137
3	766	84.53074964068	138
3	793	88.048402507517	139
3	793	88.048402507517	140
3	793	88.048402507517	141
3	817	91.63651109846	142
3	817	91.63651109846	143
3	817	91.63651109846	144
3	835	92.922644909131	145
3	835	92.922644909131	146
3	835	92.922644909131	147
3	852	94.328816104478	148
3	852	94.328816104478	149
3	852	94.328816104478	150
3	868	95.610991041984	151
3	868	95.610991041984	152
3	868	95.610991041984	153
3	888	96.945642838993	154
3	888	96.945642838993	155
3	888	96.945642838993	156
3	905	98.839926991824	157
3	905	98.839926991824	158
3	905	98.839926991824	159
3	921	99.847339393112	160
3	921	99.847339393112	161
3	921	99.847339393112	162
3	942	101.229766072103	163
3	942	101.229766072103	164
3	942	101.229766072103	165
3	963	102.772115431712	166
3	963	102.772115431712	167
3	963	102.772115431712	168
3	975	103.89226184718	169
3	975	103.89226184718	170
3	975	103.89226184718	171
3	996	104.988519140842	172
3	996	104.988519140842	173
3	996	104.988519140842	174
3	1022	108.34413669368	175
3	1022	108.34413669368	176
3	1022	108.34413669368	177
3	1038	109.899995553963	178
3	1038	109.899995553963	179
3	1038	109.899995553963	180
3	1056	111.311878131448	181
3	1056	111.311878131448	182
3	1056	111.311878131448	183
3	1073	112.545028897253	184
3	1073	112.545028897253	185
3	1073	112.545028897253	186
3	1089	114.292234838071	187
3	1089	114.292234838071	188
3	1089	114.292234838071	189
3	1106	115.803246600881	190
3	1106	115.803246600881	191
3	1106	115.803246600881	192
3	1115	117.019207016199	193
3	1115	117.019207016199	194
3	1115	117.019207016199	195
3	1134	118.812146215003	196
3	1134	118.812146215003	197
3	1134	118.812146215003	198
3	1148	120.726517999688	199
3	1148	120.726517999688	200
3	1148	120.726517999688	201
3	1168	122.236741822351	202
3	1168	122.236741822351	203
3	1168	122.236741822351	204
3	1187	125.370995786015	205
3	1187	125.370995786015	206
3	1187	125.370995786015	207
3	1208	126.653618467233	208
3	1208	126.653618467233	209
3	1208	126.653618467233	210
3	1217	128.288682819471	211
3	1217	128.288682819471	212
3	1217	128.288682819471	213
3	1239	130.237698419617	214
3	1239	130.237698419617	215
3	1239	130.237698419617	216
3	1250	131.941917711625	217
3	1250	131.941917711625	218
3	1250	131.941917711625	219
3	1265	133.881985497783	220
3	1265	133.881985497783	221
3	1265	133.881985497783	222
3	1283	135.639474962277	223
3	1283	135.639474962277	224
3	1283	135.639474962277	225
3	1296	136.579671410475	226
3	1296	136.579671410475	227
3	1296	136.579671410475	228
3	1308	138.27153883601	229
3	1308	138.27153883601	230
3	1308	138.27153883601	231
3	1324	139.675520316813	232
3	1324	139.675520316813	233
3	1324	139.675520316813	234
3	1341	140.739342503406	235
3	1341	140.739342503406	236
3	1341	140.739342503406	237
3	1357	142.241677104816	238
3	1357	142.241677104816	239
3	1357	142.241677104816	240
3	1378	144.155781976908	241
3	1378	144.155781976908	242
3	1378	144.155781976908	243
3	1400	146.81370371622	244
3	1400	146.81370371622	245
3	1400	146.81370371622	246
3	1418	148.308162529435	247
3	1418	148.308162529435	248
3	1418	148.308162529435	249
3	1436	150.336252917081	250
3	1436	150.336252917081	251
3	1436	150.336252917081	252
3	1452	151.973175966912	253
3	1452	151.973175966912	254
3	1452	151.973175966912	255
3	1471	154.305851560301	256
3	1471	154.305851560301	257
3	1471	154.305851560301	258
3	1483	155.630531799075	259
3	1483	155.630531799075	260
3	1483	155.630531799075	261
3	1501	157.180856390401	262
3	1501	157.180856390401	263
3	1501	157.180856390401	264
3	1519	159.238735113804	265
3	1519	159.238735113804	266
3	1519	159.238735113804	267
3	1531	160.645967684231	268
3	1531	160.645967684231	269
3	1531	160.645967684231	270
3	1544	162.034331729166	271
3	1544	162.034331729166	272
3	1544	162.034331729166	273
3	1565	163.720882594716	274
3	1565	163.720882594716	275
3	1565	163.720882594716	276
3	1580	165.550045559618	277
3	1580	165.550045559618	278
3	1580	165.550045559618	279
3	1594	167.909782300925	280
3	1594	167.909782300925	281
3	1594	167.909782300925	282
3	1609	168.856872063741	283
3	1609	168.856872063741	284
3	1609	168.856872063741	285
3	1626	170.673483847287	286
3	1626	170.673483847287	287
3	1626	170.673483847287	288
3	1637	172.401237265247	289
3	1637	172.401237265247	290
3	1637	172.401237265247	291
3	1649	174.168937447993	292
3	1649	174.168937447993	293
3	1649	174.168937447993	294
3	1667	175.823036208386	295
3	1667	175.823036208386	296
3	1667	175.823036208386	297
3	1680	177.432811736709	298
3	1680	177.432811736709	299
3	1680	177.432811736709	300
3	1703	179.996059510321	301
3	1703	179.996059510321	302
3	1703	179.996059510321	303
3	1729	183.66880660773	304
3	1729	183.66880660773	305
3	1729	183.66880660773	306
3	1745	185.256397983867	307
3	1745	185.256397983867	308
3	1745	185.256397983867	309
3	1762	187.142689890608	310
3	1762	187.142689890608	311
3	1762	187.142689890608	312
3	1778	189.87765737257	313
3	1778	189.87765737257	314
3	1778	189.87765737257	315
3	1811	193.94842959797	316
3	1811	193.94842959797	317
3	1811	193.94842959797	318
3	1828	195.587922905718	319
3	1828	195.587922905718	320
3	1828	195.587922905718	321
3	1852	199.507164130125	322
3	1852	199.507164130125	323
3	1852	199.507164130125	324
3	1866	201.051519762121	325
3	1866	201.051519762121	326
3	1866	201.051519762121	327
3	1882	202.519300965121	328
3	1882	202.519300965121	329
3	1882	202.519300965121	330
3	1903	204.939762689822	331
3	1903	204.939762689822	332
3	1903	204.939762689822	333
3	1917	206.225620046716	334
3	1917	206.225620046716	335
3	1917	206.225620046716	336
3	1935	207.551474707139	337
3	1935	207.551474707139	338
3	1935	207.551474707139	339
3	1943	208.298688444231	340
3	1943	208.298688444231	341
3	1943	208.298688444231	342
3	1966	211.480844090101	343
3	1966	211.480844090101	344
3	1966	211.480844090101	345
3	1981	213.317518425376	346
3	1981	213.317518425376	347
3	1981	213.317518425376	348
3	2000	215.037669136803	349
3	2000	215.037669136803	350
3	2000	215.037669136803	351
3	2019	216.464963715206	352
3	2019	216.464963715206	353
3	2019	216.464963715206	354
3	2031	217.534908392297	355
3	2031	217.534908392297	356
3	2031	217.534908392297	357
3	2046	219.458109930267	358
3	2046	219.458109930267	359
3	2046	219.458109930267	360
3	2064	222.956374078883	361
3	2064	222.956374078883	362
3	2064	222.956374078883	363
3	2082	224.664167460702	364
3	2082	224.664167460702	365
3	2082	224.664167460702	366
3	2099	226.120739221723	367
3	2099	226.120739221723	368
3	2099	226.120739221723	369
3	2110	227.501885796782	370
3	2110	227.501885796782	371
3	2110	227.501885796782	372
3	2126	229.291351781292	373
3	2126	229.291351781292	374
3	2126	229.291351781292	375
3	2137	230.349073051991	376
3	2137	230.349073051991	377
3	2137	230.349073051991	378
3	2150	232.337738519044	379
3	2150	232.337738519044	380
3	2150	232.337738519044	381
3	2171	235.563986556086	382
3	2171	235.563986556086	383
3	2171	235.563986556086	384
3	2189	237.702660047245	385
3	2189	237.702660047245	386
3	2189	237.702660047245	387
4	3	0.38485374568	1
4	14	0.658652413671	2
4	20	1.459879537867	3
4	29	1.712099941107	4
4	38	2.470715353447	5
4	43	2.598888867334	6
4	49	2.696628911598	7
4	57	3.741560354864	8
4	63	4.094155884876	9
4	66	5.578332503239	10
4	85	7.374400518246	11
4	94	7.68792684231	12
4	101	9.098475263688	13
4	107	9.24283782249	14
4	110	11.041833463054	15
4	113	11.17808156734	16
4	127	12.008520568589	17
4	134	12.175426498584	18
4	138	12.329184574902	19
4	142	13.374807593758	20
4	150	13.602841206189	21
4	151	13.618025504563	22
4	161	14.265479911758	23
4	171	14.559572689397	24
4	173	14.588806230287	25
4	181	15.63196420067	26
4	182	15.637738954356	27
4	190	17.14363008918	28
4	199	17.316615443665	29
4	204	17.424919852728	30
4	210	19.785668777482	31
4	218	19.950975545459	32
4	228	21.184669509272	33
4	235	21.398894535196	34
4	247	24.062568615614	35
4	253	24.168818150504	36
4	255	24.202731368458	37
4	268	25.355619795705	38
4	275	25.603458586994	39
4	279	26.699982478033	40
4	282	26.765861311109	41
4	288	27.03779567744	42
4	293	27.81120749718	43
4	299	28.030832014123	44
4	301	28.100878286964	45
4	310	29.094678822734	46
4	314	29.217970200166	47
4	318	29.277045325638	48
4	324	30.11021980415	49
4	332	30.328412576759	50
4	337	32.036351793114	51
4	346	32.333383684907	52
4	351	32.383735302046	53
4	358	34.2522851599	54
4	361	34.320501661444	55
4	374	36.506640387072	56
4	384	37.490858709399	57
4	392	37.714768486324	58
4	403	38.780938537066	59
4	411	38.990348712529	60
4	412	39.014050889584	61
4	424	41.483811406597	62
4	428	41.622914508764	63
4	449	45.410333565328	64
4	454	45.619119934234	65
4	464	48.164030048071	66
4	474	48.421699618352	67
4	480	49.980619490444	68
4	494	50.46868629363	69
4	502	51.866140919466	70
4	507	52.098364562668	71
4	520	53.780370512229	72
4	527	54.831596106063	73
4	534	55.101634438744	74
4	540	55.207564759646	75
4	550	59.527327055215	76
4	556	59.673815009616	77
4	567	61.014324931117	78
4	572	61.251964187503	79
4	573	61.283163340251	80
4	582	62.924068877899	81
4	588	63.063862630237	82
4	593	63.314434214724	83
4	596	64.311724430538	84
4	601	64.469459794722	85
4	610	65.387566928685	86
4	613	65.481628534422	87
4	626	65.684634712171	88
4	629	67.090240057135	89
4	653	69.914794463439	90
4	673	74.466035053158	91
4	678	74.614816166296	92
4	690	77.399329012995	93
4	694	77.474944293503	94
4	708	79.072245918625	95
4	711	79.161311587349	96
4	729	82.319292121365	97
4	740	82.62877665246	98
4	744	82.77651166156	99
4	749	83.501673794546	100
4	759	83.959070858822	101
4	766	84.53074964068	102
4	770	84.697726166322	103
4	776	84.83281785925	104
4	793	88.048402507517	105
4	803	88.283815671384	106
4	817	91.63651109846	107
4	829	92.041935136057	108
4	831	92.106061133304	109
4	835	92.922644909131	110
4	852	94.328816104478	111
4	857	94.527772113502	112
4	858	94.528045867365	113
4	868	95.610991041984	114
4	877	95.871060821621	115
4	880	95.880406299138	116
4	888	96.945642838993	117
4	892	97.071816132446	118
4	905	98.839926991824	119
4	914	99.132465959441	120
4	917	99.188343485093	121
4	921	99.847339393112	122
4	930	100.117242360091	123
4	934	100.19617662355	124
4	942	101.229766072103	125
4	949	101.498978481544	126
4	963	102.772115431712	127
4	970	102.951015102481	128
4	975	103.89226184718	129
4	996	104.988519140842	130
4	1022	108.34413669368	131
4	1029	108.626862214242	132
4	1032	108.824915868794	133
4	1038	109.899995553963	134
4	1044	110.175525183707	135
4	1056	111.311878131448	136
4	1065	111.564834211575	137
4	1073	112.545028897253	138
4	1082	112.785156945961	139
4	1083	112.869187191109	140
4	1089	114.292234838071	141
4	1106	115.803246600881	142
4	1115	117.019207016199	143
4	1117	117.045682968648	144
4	1123	117.308672770534	145
4	1134	118.812146215003	146
4	1148	120.726517999688	147
4	1168	122.236741822351	148
4	1170	122.331136144244	149
4	1187	125.370995786015	150
4	1190	125.456818430417	151
4	1197	125.67607164307	152
4	1208	126.653618467233	153
4	1215	126.840544687718	154
4	1217	128.288682819471	155
4	1239	130.237698419617	156
4	1244	130.479536120099	157
4	1250	131.941917711625	158
4	1256	132.262738305452	159
4	1259	132.272907406814	160
4	1265	133.881985497783	161
4	1283	135.639474962277	162
4	1296	136.579671410475	163
4	1301	136.7345560275	164
4	1304	136.750856932748	165
4	1308	138.27153883601	166
4	1316	138.492007316553	167
4	1321	138.638892669652	168
4	1324	139.675520316813	169
4	1331	139.83781230976	170
4	1337	140.007083687816	171
4	1341	140.739342503406	172
4	1346	140.962984813902	173
4	1349	141.04014723026	174
4	1357	142.241677104816	175
4	1360	142.301728468571	176
4	1378	144.155781976908	177
4	1387	144.501538983033	178
4	1400	146.81370371622	179
4	1402	146.875028837377	180
4	1404	146.922537405978	181
4	1418	148.308162529435	182
4	1425	148.500185909178	183
4	1426	148.52210556636	184
4	1436	150.336252917081	185
4	1442	150.444906310417	186
4	1449	150.549279054402	187
4	1452	151.973175966912	188
4	1460	152.215304200885	189
4	1471	154.305851560301	190
4	1483	155.630531799075	191
4	1486	155.706351812092	192
4	1494	155.960027835471	193
4	1501	157.180856390401	194
4	1505	157.24942868246	195
4	1519	159.238735113804	196
4	1525	159.442669932904	197
4	1531	160.645967684231	198
4	1539	161.011393356648	199
4	1544	162.034331729166	200
4	1547	162.101036240205	201
4	1557	162.32505228964	202
4	1565	163.720882594716	203
4	1569	163.819413563742	204
4	1574	164.000630857327	205
4	1580	165.550045559618	206
4	1586	165.685034831062	207
4	1594	167.909782300925	208
4	1607	168.509859134703	209
4	1609	168.856872063741	210
4	1614	168.997455065987	211
4	1621	169.139386237887	212
4	1626	170.673483847287	213
4	1634	170.867231558064	214
4	1637	172.401237265247	215
4	1643	172.601821023124	216
4	1649	174.168937447993	217
4	1658	174.386459001496	218
4	1667	175.823036208386	219
4	1668	175.835251421361	220
4	1677	176.140530483381	221
4	1680	177.432811736709	222
4	1687	177.603691577841	223
4	1693	177.79372498129	224
4	1703	179.996059510321	225
4	1708	180.146807505474	226
4	1729	183.66880660773	227
4	1737	183.900345741279	228
4	1741	184.034780285373	229
4	1745	185.256397983867	230
4	1749	185.451670010381	231
4	1750	185.453105513779	232
4	1762	187.142689890608	233
4	1768	187.341402935116	234
4	1778	189.87765737257	235
4	1783	190.108834364911	236
4	1811	193.94842959797	237
4	1819	194.136552455	238
4	1828	195.587922905718	239
4	1836	195.810195541393	240
4	1852	199.507164130125	241
4	1860	199.768340329904	242
4	1866	201.051519762121	243
4	1879	201.358874634285	244
4	1882	202.519300965121	245
4	1903	204.939762689822	246
4	1917	206.225620046716	247
4	1935	207.551474707139	248
4	1940	207.769306580207	249
4	1943	208.298688444231	250
4	1952	208.648608920252	251
4	1966	211.480844090101	252
4	1981	213.317518425376	253
4	1985	213.419510757903	254
4	1995	213.611216025133	255
4	2000	215.037669136803	256
4	2019	216.464963715206	257
4	2021	216.491441115647	258
4	2028	216.735646357922	259
4	2031	217.534908392297	260
4	2035	217.630121155177	261
4	2046	219.458109930267	262
4	2051	219.613040640051	263
4	2064	222.956374078883	264
4	2082	224.664167460702	265
4	2091	224.874723852694	266
4	2099	226.120739221723	267
4	2105	226.452685060551	268
4	2110	227.501885796782	269
4	2126	229.291351781292	270
4	2137	230.349073051991	271
4	2144	230.648778022202	272
4	2150	232.337738519044	273
4	2159	232.592423214019	274
4	2171	235.563986556086	275
4	2181	235.795342506034	276
4	2182	235.839399324147	277
4	2189	237.702660047245	278
4	2196	237.866830851825	279
5	5	0.473524836357	1
5	5	0.473524836357	2
5	5	0.473524836357	3
5	22	1.487437806655	4
5	22	1.487437806655	5
5	22	1.487437806655	6
5	40	2.536512688417	7
5	40	2.536512688417	8
5	40	2.536512688417	9
5	53	3.685185537446	10
5	53	3.685185537446	11
5	53	3.685185537446	12
5	69	5.73113889817	13
5	69	5.73113889817	14
5	69	5.73113889817	15
5	88	7.503012379688	16
5	88	7.503012379688	17
5	88	7.503012379688	18
5	117	11.202698534049	19
5	117	11.202698534049	20
5	117	11.202698534049	21
5	129	12.044553227581	22
5	129	12.044553227581	23
5	129	12.044553227581	24
5	145	13.489800270054	25
5	145	13.489800270054	26
5	145	13.489800270054	27
5	162	14.350065931693	28
5	162	14.350065931693	29
5	162	14.350065931693	30
5	180	15.569863825066	31
5	180	15.569863825066	32
5	180	15.569863825066	33
5	191	17.180371096658	34
5	191	17.180371096658	35
5	191	17.180371096658	36
5	212	19.886379306161	37
5	212	19.886379306161	38
5	212	19.886379306161	39
5	229	21.238959483947	40
5	229	21.238959483947	41
5	229	21.238959483947	42
5	252	24.162873472625	43
5	252	24.162873472625	44
5	252	24.162873472625	45
5	266	25.2772128671	46
5	266	25.2772128671	47
5	266	25.2772128671	48
5	278	26.666998898865	49
5	278	26.666998898865	50
5	278	26.666998898865	51
5	298	27.991984148065	52
5	298	27.991984148065	53
5	298	27.991984148065	54
5	312	29.176771728312	55
5	312	29.176771728312	56
5	312	29.176771728312	57
5	341	32.222077338248	58
5	341	32.222077338248	59
5	341	32.222077338248	60
5	359	34.27243352984	61
5	359	34.27243352984	62
5	359	34.27243352984	63
5	371	36.372729265352	64
5	371	36.372729265352	65
5	371	36.372729265352	66
5	388	37.64291890822	67
5	388	37.64291890822	68
5	388	37.64291890822	69
5	404	38.811403167563	70
5	404	38.811403167563	71
5	404	38.811403167563	72
5	426	41.567252892588	73
5	426	41.567252892588	74
5	426	41.567252892588	75
5	450	45.438870397926	76
5	450	45.438870397926	77
5	450	45.438870397926	78
5	463	48.15639742575	79
5	463	48.15639742575	80
5	463	48.15639742575	81
5	483	50.063274295816	82
5	483	50.063274295816	83
5	483	50.063274295816	84
5	497	51.677903917824	85
5	497	51.677903917824	86
5	497	51.677903917824	87
5	518	53.611852296164	88
5	518	53.611852296164	89
5	518	53.611852296164	90
5	530	55.027577180921	91
5	530	55.027577180921	92
5	530	55.027577180921	93
5	551	59.560455541961	94
5	551	59.560455541961	95
5	551	59.560455541961	96
5	571	61.207511093497	97
5	571	61.207511093497	98
5	571	61.207511093497	99
5	580	62.874126517401	100
5	580	62.874126517401	101
5	580	62.874126517401	102
5	599	64.354043286158	103
5	599	64.354043286158	104
5	599	64.354043286158	105
5	611	65.438589032777	106
5	611	65.438589032777	107
5	611	65.438589032777	108
5	631	67.114409044991	109
5	631	67.114409044991	110
5	631	67.114409044991	111
5	647	68.915759909266	112
5	647	68.915759909266	113
5	647	68.915759909266	114
5	656	70.002062389539	115
5	656	70.002062389539	116
5	656	70.002062389539	117
5	684	76.158791323214	118
5	684	76.158791323214	119
5	684	76.158791323214	120
5	699	77.697936333938	121
5	699	77.697936333938	122
5	699	77.697936333938	123
5	709	79.109366825304	124
5	709	79.109366825304	125
5	709	79.109366825304	126
5	732	82.433400242453	127
5	732	82.433400242453	128
5	732	82.433400242453	129
5	758	83.923011077886	130
5	758	83.923011077886	131
5	758	83.923011077886	132
5	772	84.729453412703	133
5	772	84.729453412703	134
5	772	84.729453412703	135
5	787	86.248600688309	136
5	787	86.248600688309	137
5	787	86.248600688309	138
5	798	88.21922640003	139
5	798	88.21922640003	140
5	798	88.21922640003	141
5	810	89.868877081543	142
5	810	89.868877081543	143
5	810	89.868877081543	144
5	823	91.839026972749	145
5	823	91.839026972749	146
5	823	91.839026972749	147
5	837	92.951428794085	148
5	837	92.951428794085	149
5	837	92.951428794085	150
5	855	94.493482219179	151
5	855	94.493482219179	152
5	855	94.493482219179	153
5	873	95.768454138623	154
5	873	95.768454138623	155
5	873	95.768454138623	156
5	889	97.02129616024	157
5	889	97.02129616024	158
5	889	97.02129616024	159
5	910	99.045057376707	160
5	910	99.045057376707	161
5	910	99.045057376707	162
5	926	100.046430525297	163
5	926	100.046430525297	164
5	926	100.046430525297	165
5	939	101.053198102522	166
5	939	101.053198102522	167
5	939	101.053198102522	168
5	958	102.598843583872	169
5	958	102.598843583872	170
5	958	102.598843583872	171
5	974	103.855411035334	172
5	974	103.855411035334	173
5	974	103.855411035334	174
5	992	104.885651054396	175
5	992	104.885651054396	176
5	992	104.885651054396	177
5	1016	107.532643504403	178
5	1016	107.532643504403	179
5	1016	107.532643504403	180
5	1031	108.800594916807	181
5	1031	108.800594916807	182
5	1031	108.800594916807	183
5	1040	110.037507876665	184
5	1040	110.037507876665	185
5	1040	110.037507876665	186
5	1062	111.460838384204	187
5	1062	111.460838384204	188
5	1062	111.460838384204	189
5	1075	112.636122971272	190
5	1075	112.636122971272	191
5	1075	112.636122971272	192
5	1093	114.461487598535	193
5	1093	114.461487598535	194
5	1093	114.461487598535	195
5	1113	116.973485560049	196
5	1113	116.973485560049	197
5	1113	116.973485560049	198
5	1132	118.750705432728	199
5	1132	118.750705432728	200
5	1132	118.750705432728	201
5	1160	121.199344953181	202
5	1160	121.199344953181	203
5	1160	121.199344953181	204
5	1169	122.302369024009	205
5	1169	122.302369024009	206
5	1169	122.302369024009	207
5	1193	125.560925452993	208
5	1193	125.560925452993	209
5	1193	125.560925452993	210
5	1207	126.640999905114	211
5	1207	126.640999905114	212
5	1207	126.640999905114	213
5	1219	128.360678307494	214
5	1219	128.360678307494	215
5	1219	128.360678307494	216
5	1234	130.037813812989	217
5	1234	130.037813812989	218
5	1234	130.037813812989	219
5	1253	132.140814266049	220
5	1253	132.140814266049	221
5	1253	132.140814266049	222
5	1267	133.93209856037	223
5	1267	133.93209856037	224
5	1267	133.93209856037	225
5	1280	135.573127822974	226
5	1280	135.573127822974	227
5	1280	135.573127822974	228
5	1299	136.644206760525	229
5	1299	136.644206760525	230
5	1299	136.644206760525	231
5	1314	138.452611404792	232
5	1314	138.452611404792	233
5	1314	138.452611404792	234
5	1327	139.729697823018	235
5	1327	139.729697823018	236
5	1327	139.729697823018	237
5	1344	140.888099839881	238
5	1344	140.888099839881	239
5	1344	140.888099839881	240
5	1358	142.243684736971	241
5	1358	142.243684736971	242
5	1358	142.243684736971	243
5	1377	144.13081948277	244
5	1377	144.13081948277	245
5	1377	144.13081948277	246
5	1393	145.66331166411	247
5	1393	145.66331166411	248
5	1393	145.66331166411	249
5	1401	146.840102639622	250
5	1401	146.840102639622	251
5	1401	146.840102639622	252
5	1423	148.469131758648	253
5	1423	148.469131758648	254
5	1423	148.469131758648	255
5	1437	150.352180430937	256
5	1437	150.352180430937	257
5	1437	150.352180430937	258
5	1453	152.055917103633	259
5	1453	152.055917103633	260
5	1453	152.055917103633	261
5	1466	154.11493192518	262
5	1466	154.11493192518	263
5	1466	154.11493192518	264
5	1484	155.682449953972	265
5	1484	155.682449953972	266
5	1484	155.682449953972	267
5	1500	157.177880151717	268
5	1500	157.177880151717	269
5	1500	157.177880151717	270
5	1515	159.11955266137	271
5	1515	159.11955266137	272
5	1515	159.11955266137	273
5	1529	160.616135772531	274
5	1529	160.616135772531	275
5	1529	160.616135772531	276
5	1550	162.139037004952	277
5	1550	162.139037004952	278
5	1550	162.139037004952	279
5	1564	163.696326897259	280
5	1564	163.696326897259	281
5	1564	163.696326897259	282
5	1581	165.571942110176	283
5	1581	165.571942110176	284
5	1581	165.571942110176	285
5	1604	168.358457289037	286
5	1604	168.358457289037	287
5	1604	168.358457289037	288
5	1616	169.00670659579	289
5	1616	169.00670659579	290
5	1616	169.00670659579	291
5	1629	170.756183074378	292
5	1629	170.756183074378	293
5	1629	170.756183074378	294
5	1641	172.535777618983	295
5	1641	172.535777618983	296
5	1641	172.535777618983	297
5	1655	174.284701856859	298
5	1655	174.284701856859	299
5	1655	174.284701856859	300
5	1666	175.801965056286	301
5	1666	175.801965056286	302
5	1666	175.801965056286	303
5	1683	177.541162463508	304
5	1683	177.541162463508	305
5	1683	177.541162463508	306
5	1706	180.083512733485	307
5	1706	180.083512733485	308
5	1706	180.083512733485	309
5	1723	181.998173064708	310
5	1723	181.998173064708	311
5	1723	181.998173064708	312
5	1732	183.706476580013	313
5	1732	183.706476580013	314
5	1732	183.706476580013	315
5	1746	185.392530310445	316
5	1746	185.392530310445	317
5	1746	185.392530310445	318
5	1759	187.003052596902	319
5	1759	187.003052596902	320
5	1759	187.003052596902	321
5	1781	190.028916462651	322
5	1781	190.028916462651	323
5	1781	190.028916462651	324
5	1802	192.747934670178	325
5	1802	192.747934670178	326
5	1802	192.747934670178	327
5	1813	194.009923690549	328
5	1813	194.009923690549	329
5	1813	194.009923690549	330
5	1832	195.688343725854	331
5	1832	195.688343725854	332
5	1832	195.688343725854	333
5	1849	199.452193776593	334
5	1849	199.452193776593	335
5	1849	199.452193776593	336
5	1868	201.132212326777	337
5	1868	201.132212326777	338
5	1868	201.132212326777	339
5	1885	202.620529780366	340
5	1885	202.620529780366	341
5	1885	202.620529780366	342
5	1896	204.719870679303	343
5	1896	204.719870679303	344
5	1896	204.719870679303	345
5	1913	206.028086053272	346
5	1913	206.028086053272	347
5	1913	206.028086053272	348
5	1932	207.353228340939	349
5	1932	207.353228340939	350
5	1932	207.353228340939	351
5	1948	208.446395015152	352
5	1948	208.446395015152	353
5	1948	208.446395015152	354
5	1967	211.580762288505	355
5	1967	211.580762288505	356
5	1967	211.580762288505	357
5	1980	213.273844890155	358
5	1980	213.273844890155	359
5	1980	213.273844890155	360
5	2001	215.069452276035	361
5	2001	215.069452276035	362
5	2001	215.069452276035	363
5	2018	216.439879119856	364
5	2018	216.439879119856	365
5	2018	216.439879119856	366
5	2034	217.620595258098	367
5	2034	217.620595258098	368
5	2034	217.620595258098	369
5	2049	219.525503906938	370
5	2049	219.525503906938	371
5	2049	219.525503906938	372
5	2066	223.002644824051	373
5	2066	223.002644824051	374
5	2066	223.002644824051	375
5	2087	224.765974129095	376
5	2087	224.765974129095	377
5	2087	224.765974129095	378
5	2103	226.323310811116	379
5	2103	226.323310811116	380
5	2103	226.323310811116	381
5	2112	227.598373404046	382
5	2112	227.598373404046	383
5	2112	227.598373404046	384
5	2122	229.216688065659	385
5	2122	229.216688065659	386
5	2122	229.216688065659	387
5	2142	230.576384954891	388
5	2142	230.576384954891	389
5	2142	230.576384954891	390
5	2151	232.36944489787	391
5	2151	232.36944489787	392
5	2151	232.36944489787	393
5	2174	235.697264884823	394
5	2174	235.697264884823	395
5	2174	235.697264884823	396
5	2188	237.673043342508	397
5	2188	237.673043342508	398
5	2188	237.673043342508	399
6	5	0.473524836357	1
6	17	0.746215791181	2
6	22	1.487437806655	3
6	35	2.004885687928	4
6	40	2.536512688417	5
6	45	2.625638824525	6
6	53	3.685185537446	7
6	58	3.843606548945	8
6	69	5.73113889817	9
6	78	5.851943129946	10
6	88	7.503012379688	11
6	93	7.680551347023	12
6	117	11.202698534049	13
6	123	11.403343746047	14
6	129	12.044553227581	15
6	136	12.259419328164	16
6	145	13.489800270054	17
6	157	13.727459680704	18
6	162	14.350065931693	19
6	166	14.429106323413	20
6	176	14.6344673945	21
6	180	15.569863825066	22
6	191	17.180371096658	23
6	200	17.329977782273	24
6	202	17.368327166248	25
6	212	19.886379306161	26
6	215	19.919455589417	27
6	222	20.038818769353	28
6	229	21.238959483947	29
6	238	21.476453882875	30
6	252	24.162873472625	31
6	266	25.2772128671	32
6	271	25.452903402684	33
6	278	26.666998898865	34
6	286	26.897355577544	35
6	298	27.991984148065	36
6	303	28.124899081466	37
6	308	28.182918079242	38
6	312	29.176771728312	39
6	320	29.319048459359	40
6	341	32.222077338248	41
6	343	32.236394570704	42
6	349	32.3705835461	43
6	359	34.27243352984	44
6	371	36.372729265352	45
6	375	36.621266639805	46
6	388	37.64291890822	47
6	390	37.670461279146	48
6	395	37.790696960368	49
6	404	38.811403167563	50
6	414	39.038291961677	51
6	426	41.567252892588	52
6	431	41.635264657187	53
6	438	41.954681448572	54
6	450	45.438870397926	55
6	463	48.15639742575	56
6	471	48.331373635998	57
6	473	48.38883476161	58
6	483	50.063274295816	59
6	484	50.089439336831	60
6	489	50.264492411722	61
6	497	51.677903917824	62
6	504	51.982996782154	63
6	513	52.450380173908	64
6	518	53.611852296164	65
6	522	53.808005149699	66
6	530	55.027577180921	67
6	536	55.14771216518	68
6	551	59.560455541961	69
6	555	59.661568796528	70
6	571	61.207511093497	71
6	580	62.874126517401	72
6	584	62.949877513167	73
6	591	63.201264775545	74
6	599	64.354043286158	75
6	611	65.438589032777	76
6	616	65.512840576718	77
6	624	65.595412081192	78
6	631	67.114409044991	79
6	636	67.169334836188	80
6	647	68.915759909266	81
6	656	70.002062389539	82
6	660	70.079695747421	83
6	684	76.158791323214	84
6	699	77.697936333938	85
6	705	77.825457604047	86
6	709	79.109366825304	87
6	713	79.210281421569	88
6	721	79.421517525976	89
6	732	82.433400242453	90
6	736	82.524952119068	91
6	741	82.637993048286	92
6	758	83.923011077886	93
6	763	84.15272564798	94
6	772	84.729453412703	95
6	782	85.036833804737	96
6	787	86.248600688309	97
6	798	88.21922640003	98
6	799	88.248957633674	99
6	810	89.868877081543	100
6	823	91.839026972749	101
6	828	92.01466772092	102
6	837	92.951428794085	103
6	847	93.220669759218	104
6	855	94.493482219179	105
6	866	94.881154991831	106
6	873	95.768454138623	107
6	874	95.791618309971	108
6	885	96.042536536328	109
6	889	97.02129616024	110
6	894	97.098564260888	111
6	910	99.045057376707	112
6	916	99.18351052396	113
6	926	100.046430525297	114
6	927	100.077921600837	115
6	939	101.053198102522	116
6	941	101.217008047728	117
6	947	101.398907965595	118
6	958	102.598843583872	119
6	964	102.793509305418	120
6	965	102.8131632817	121
6	974	103.855411035334	122
6	982	103.99953383393	123
6	985	104.077369684926	124
6	992	104.885651054396	125
6	998	105.041027971529	126
6	1008	105.229588606136	127
6	1016	107.532643504403	128
6	1031	108.800594916807	129
6	1040	110.037507876665	130
6	1050	110.37449338593	131
6	1062	111.460838384204	132
6	1069	111.681205183183	133
6	1075	112.636122971272	134
6	1078	112.681488707494	135
6	1086	112.930982258631	136
6	1093	114.461487598535	137
6	1094	114.464252294855	138
6	1104	114.751869146218	139
6	1113	116.973485560049	140
6	1121	117.162167341646	141
6	1126	117.453332211545	142
6	1132	118.750705432728	143
6	1139	118.922297205731	144
6	1145	119.122099297346	145
6	1160	121.199344953181	146
6	1164	121.374582569775	147
6	1169	122.302369024009	148
6	1181	122.669590451061	149
6	1193	125.560925452993	150
6	1200	125.79039626145	151
6	1204	125.908956532995	152
6	1207	126.640999905114	153
6	1214	126.83620541576	154
6	1219	128.360678307494	155
6	1225	128.478106405762	156
6	1234	130.037813812989	157
6	1243	130.443444592819	158
6	1253	132.140814266049	159
6	1262	132.425585315998	160
6	1267	133.93209856037	161
6	1268	133.967266429054	162
6	1280	135.573127822974	163
6	1285	135.730923099546	164
6	1299	136.644206760525	165
6	1314	138.452611404792	166
6	1315	138.490247897774	167
6	1327	139.729697823018	168
6	1330	139.783865459295	169
6	1344	140.888099839881	170
6	1354	141.194717599773	171
6	1358	142.243684736971	172
6	1367	142.440092830299	173
6	1372	142.64800145587	174
6	1377	144.13081948277	175
6	1384	144.341156061701	176
6	1393	145.66331166411	177
6	1401	146.840102639622	178
6	1413	147.075831312372	179
6	1423	148.469131758648	180
6	1430	148.585898839505	181
6	1437	150.352180430937	182
6	1445	150.490806174796	183
6	1453	152.055917103633	184
6	1457	152.13411658956	185
6	1466	154.11493192518	186
6	1468	154.229390903763	187
6	1476	154.485053470834	188
6	1484	155.682449953972	189
6	1487	155.73083881144	190
6	1497	156.024023262457	191
6	1500	157.177880151717	192
6	1502	157.221107192106	193
6	1515	159.11955266137	194
6	1521	159.377325131745	195
6	1529	160.616135772531	196
6	1532	160.666157845288	197
6	1540	161.05889268227	198
6	1550	162.139037004952	199
6	1561	162.431049983888	200
6	1564	163.696326897259	201
6	1566	163.761979834861	202
6	1576	164.098889002076	203
6	1581	165.571942110176	204
6	1587	165.692090368039	205
6	1604	168.358457289037	206
6	1616	169.00670659579	207
6	1622	169.16561465629	208
6	1629	170.756183074378	209
6	1633	170.857412532547	210
6	1641	172.535777618983	211
6	1644	172.611008492976	212
6	1655	174.284701856859	213
6	1662	174.540479554246	214
6	1666	175.801965056286	215
6	1683	177.541162463508	216
6	1684	177.557786192847	217
6	1694	177.797590947391	218
6	1706	180.083512733485	219
6	1709	180.150664054658	220
6	1723	181.998173064708	221
6	1732	183.706476580013	222
6	1734	183.786435221785	223
6	1746	185.392530310445	224
6	1759	187.003052596902	225
6	1763	187.201296045247	226
6	1781	190.028916462651	227
6	1787	190.147309352267	228
6	1802	192.747934670178	229
6	1808	192.988893799546	230
6	1813	194.009923690549	231
6	1818	194.134742992804	232
6	1820	194.169227925919	233
6	1832	195.688343725854	234
6	1834	195.730490773997	235
6	1841	195.922748081752	236
6	1849	199.452193776593	237
6	1853	199.584097055996	238
6	1858	199.750699428609	239
6	1868	201.132212326777	240
6	1877	201.346957424916	241
6	1885	202.620529780366	242
6	1896	204.719870679303	243
6	1900	204.833360874882	244
6	1908	205.127071218317	245
6	1913	206.028086053272	246
6	1922	206.43445540416	247
6	1932	207.353228340939	248
6	1937	207.617921348939	249
6	1948	208.446395015152	250
6	1950	208.469651592189	251
6	1967	211.580762288505	252
6	1980	213.273844890155	253
6	1983	213.350764370662	254
6	1994	213.603851526705	255
6	2001	215.069452276035	256
6	2002	215.088784489049	257
6	2018	216.439879119856	258
6	2022	216.525733309529	259
6	2034	217.620595258098	260
6	2049	219.525503906938	261
6	2056	219.834955142569	262
6	2066	223.002644824051	263
6	2067	223.025895990183	264
6	2074	223.286894046241	265
6	2087	224.765974129095	266
6	2089	224.852404993286	267
6	2096	225.016195531802	268
6	2103	226.323310811116	269
6	2107	226.498180746952	270
6	2112	227.598373404046	271
6	2119	227.832301189545	272
6	2122	229.216688065659	273
6	2129	229.444053102459	274
6	2142	230.576384954891	275
6	2151	232.36944489787	276
6	2155	232.518180824892	277
6	2160	232.597883929902	278
6	2174	235.697264884823	279
6	2175	235.713598548764	280
6	2188	237.673043342508	281
6	2193	237.79817490877	282
6	2198	238.015433803211	283
7	7	0.50027777693	1
7	10	0.537422222304	2
7	21	1.483494238683	3
7	26	1.638825076728	4
7	44	2.621547826269	5
7	54	3.709260868009	6
7	60	3.936053132287	7
7	70	5.737686320775	8
7	73	5.762726046392	9
7	87	7.492184720261	10
7	105	9.222096877365	11
7	116	11.201103219084	12
7	119	11.266890371807	13
7	131	12.094024517288	14
7	143	13.395876879387	15
7	148	13.572627422238	16
7	165	14.426681793606	17
7	186	15.748334810844	18
7	196	17.286218342381	19
7	198	17.313626065762	20
7	213	19.893610231521	21
7	258	24.241923648733	22
7	265	25.189639166856	23
7	273	25.54453178932	24
7	297	27.991007814859	25
7	317	29.252187999391	26
7	319	29.294223977333	27
7	334	30.348923941509	28
7	340	32.217514795993	29
7	362	34.423508592985	30
7	369	36.207775383335	31
7	377	36.688743338964	32
7	387	37.630106824845	33
7	389	37.663522949644	34
7	406	38.862445529631	35
7	427	41.612386016961	36
7	451	45.522310286373	37
7	465	48.232475183482	38
7	482	50.057672931644	39
7	485	50.163287614844	40
7	498	51.728144911917	41
7	503	51.957206497426	42
7	517	53.514178566873	43
7	523	53.890117782309	44
7	528	54.938899931747	45
7	552	59.572632794316	46
7	553	59.622725107167	47
7	568	61.027946979363	48
7	569	61.060198039223	49
7	585	62.953011340715	50
7	600	64.468599438724	51
7	619	65.550487558666	52
7	638	67.191219238525	53
7	646	68.814897224757	54
7	685	76.187948424908	55
7	692	77.452614350663	56
7	698	77.690379179943	57
7	712	79.207538008418	58
7	733	82.462382820894	59
7	737	82.555051056694	60
7	753	83.666243682694	61
7	762	84.121285995116	62
7	767	84.613979468023	63
7	781	85.005402610145	64
7	795	88.147218294302	65
7	796	88.174189170781	66
7	814	89.997887123569	67
7	821	91.789425378602	68
7	836	92.951292274573	69
7	854	94.4128617457	70
7	865	94.759798473551	71
7	872	95.761141154801	72
7	876	95.842437111337	73
7	893	97.084267299706	74
7	907	98.878986564882	75
7	908	98.92394405873	76
7	924	99.976418346413	77
7	938	100.987762736041	78
7	944	101.270736276087	79
7	956	102.438206629085	80
7	967	102.850008176721	81
7	983	104.033687884711	82
7	1001	105.084565747759	83
7	1015	107.419428660657	84
7	1025	108.526176353015	85
7	1026	108.528189919691	86
7	1057	111.364264101448	87
7	1074	112.565029426868	88
7	1076	112.661407171509	89
7	1110	115.922396054819	90
7	1119	117.138473984771	91
7	1135	118.847440438968	92
7	1137	118.900347725576	93
7	1152	120.902437552946	94
7	1172	122.399204559506	95
7	1189	125.45209921502	96
7	1201	125.855397986147	97
7	1211	126.735599360653	98
7	1220	128.399844973303	99
7	1221	128.406680979748	100
7	1235	130.073468574161	101
7	1269	134.019130399846	102
7	1281	135.580809031546	103
7	1287	135.763210538644	104
7	1297	136.605553037309	105
7	1300	136.646482925037	106
7	1312	138.421952624208	107
7	1351	141.149368298035	108
7	1362	142.355590606382	109
7	1365	142.385172551797	110
7	1420	148.414174228317	111
7	1440	150.409214033509	112
7	1458	152.134481020253	113
7	1465	154.018299770461	114
7	1474	154.422154073614	115
7	1503	157.227806921904	116
7	1530	160.636560688774	117
7	1535	160.699862085582	118
7	1548	162.126138390362	119
7	1571	163.833469226952	120
7	1585	165.652075053713	121
7	1589	165.722251921547	122
7	1617	169.011442176631	123
7	1627	170.702592884128	124
7	1639	172.461329435623	125
7	1642	172.572325193724	126
7	1654	174.262688355772	127
7	1669	175.853003893174	128
7	1674	175.992744030233	129
7	1681	177.488383952139	130
7	1682	177.489400668947	131
7	1707	180.132505772551	132
7	1713	180.211331309352	133
7	1722	181.94907756191	134
7	1748	185.441127680279	135
7	1758	187.002770353933	136
7	1774	188.145673163819	137
7	1812	193.958189836375	138
7	1817	194.07829682569	139
7	1830	195.627243882988	140
7	1851	199.506793724245	141
7	1857	199.702346142198	142
7	1867	201.095822811387	143
7	1887	202.645572602455	144
7	1907	205.117632040138	145
7	1911	205.980615247536	146
7	1920	206.298169652791	147
7	1930	207.288974715817	148
7	1936	207.592662524358	149
7	1946	208.368418183139	150
7	1947	208.399719623068	151
7	1968	211.661666102227	152
7	1988	213.436743814376	153
7	1999	215.034115877793	154
7	2033	217.617223823588	155
7	2040	217.78051873635	156
7	2048	219.497024626227	157
7	2065	223.001173014495	158
7	2071	223.111618312438	159
7	2084	224.718314987023	160
7	2085	224.727189410167	161
7	2102	226.320183237999	162
7	2108	226.511091952025	163
7	2114	227.625397260537	164
7	2118	227.803634841725	165
7	2123	229.243856905419	166
7	2138	230.404453007147	167
7	2143	230.615234581321	168
7	2149	232.333937419626	169
7	2157	232.54544931592	170
7	2177	235.745873350211	171
7	2187	237.624077290814	172
8	8	0.518389424763	1
8	8	0.518389424763	2
8	8	0.518389424763	3
8	27	1.660185226188	4
8	27	1.660185226188	5
8	27	1.660185226188	6
8	42	2.566999487521	7
8	42	2.566999487521	8
8	42	2.566999487521	9
8	61	3.941504419956	10
8	61	3.941504419956	11
8	61	3.941504419956	12
8	72	5.76192522166	13
8	72	5.76192522166	14
8	72	5.76192522166	15
8	89	7.570980552293	16
8	89	7.570980552293	17
8	89	7.570980552293	18
8	104	9.20146085872	19
8	104	9.20146085872	20
8	104	9.20146085872	21
8	112	11.157336596883	22
8	112	11.157336596883	23
8	112	11.157336596883	24
8	135	12.213443388106	25
8	135	12.213443388106	26
8	135	12.213443388106	27
8	144	13.449534591197	28
8	144	13.449534591197	29
8	144	13.449534591197	30
8	163	14.40911767783	31
8	163	14.40911767783	32
8	163	14.40911767783	33
8	193	17.248203877108	34
8	193	17.248203877108	35
8	193	17.248203877108	36
8	211	19.880385655668	37
8	211	19.880385655668	38
8	211	19.880385655668	39
8	231	21.34897187609	40
8	231	21.34897187609	41
8	231	21.34897187609	42
8	249	24.117437413262	43
8	249	24.117437413262	44
8	249	24.117437413262	45
8	269	25.419090640331	46
8	269	25.419090640331	47
8	269	25.419090640331	48
8	284	26.850329374353	49
8	284	26.850329374353	50
8	284	26.850329374353	51
8	295	27.927310839651	52
8	295	27.927310839651	53
8	295	27.927310839651	54
8	311	29.166443280854	55
8	311	29.166443280854	56
8	311	29.166443280854	57
8	325	30.135368880605	58
8	325	30.135368880605	59
8	325	30.135368880605	60
8	339	32.148417215106	61
8	339	32.148417215106	62
8	339	32.148417215106	63
8	376	36.67551942544	64
8	376	36.67551942544	65
8	376	36.67551942544	66
8	386	37.604169149249	67
8	386	37.604169149249	68
8	386	37.604169149249	69
8	407	38.919923669099	70
8	407	38.919923669099	71
8	407	38.919923669099	72
8	432	41.677711141816	73
8	432	41.677711141816	74
8	432	41.677711141816	75
8	468	48.271563137508	76
8	468	48.271563137508	77
8	468	48.271563137508	78
8	491	50.279039893063	79
8	491	50.279039893063	80
8	491	50.279039893063	81
8	505	52.056689401072	82
8	505	52.056689401072	83
8	505	52.056689401072	84
8	529	55.021265921798	85
8	529	55.021265921798	86
8	529	55.021265921798	87
8	554	59.641237726667	88
8	554	59.641237726667	89
8	554	59.641237726667	90
8	570	61.152058497254	91
8	570	61.152058497254	92
8	570	61.152058497254	93
8	589	63.144362248844	94
8	589	63.144362248844	95
8	589	63.144362248844	96
8	612	65.478924263311	97
8	612	65.478924263311	98
8	612	65.478924263311	99
8	634	67.152632167021	100
8	634	67.152632167021	101
8	634	67.152632167021	102
8	655	69.962555688206	103
8	655	69.962555688206	104
8	655	69.962555688206	105
8	674	74.49480084878	106
8	674	74.49480084878	107
8	674	74.49480084878	108
8	691	77.428619647202	109
8	691	77.428619647202	110
8	691	77.428619647202	111
8	710	79.118456101595	112
8	710	79.118456101595	113
8	710	79.118456101595	114
8	739	82.626897168528	115
8	739	82.626897168528	116
8	739	82.626897168528	117
8	750	83.596539371625	118
8	750	83.596539371625	119
8	750	83.596539371625	120
8	768	84.618677550099	121
8	768	84.618677550099	122
8	768	84.618677550099	123
8	794	88.07285436851	124
8	794	88.07285436851	125
8	794	88.07285436851	126
8	827	91.982554233167	127
8	827	91.982554233167	128
8	827	91.982554233167	129
8	838	92.973975987516	130
8	838	92.973975987516	131
8	838	92.973975987516	132
8	853	94.374908680667	133
8	853	94.374908680667	134
8	853	94.374908680667	135
8	870	95.682361858911	136
8	870	95.682361858911	137
8	870	95.682361858911	138
8	890	97.054429113032	139
8	890	97.054429113032	140
8	890	97.054429113032	141
8	909	98.949030691437	142
8	909	98.949030691437	143
8	909	98.949030691437	144
8	923	99.950881926489	145
8	923	99.950881926489	146
8	923	99.950881926489	147
8	945	101.343890469258	148
8	945	101.343890469258	149
8	945	101.343890469258	150
8	966	102.84515989901	151
8	966	102.84515989901	152
8	966	102.84515989901	153
8	977	103.979673985452	154
8	977	103.979673985452	155
8	977	103.979673985452	156
8	999	105.053430891378	157
8	999	105.053430891378	158
8	999	105.053430891378	159
8	1027	108.548654157298	160
8	1027	108.548654157298	161
8	1027	108.548654157298	162
8	1042	110.101064407757	163
8	1042	110.101064407757	164
8	1042	110.101064407757	165
8	1060	111.396812544406	166
8	1060	111.396812544406	167
8	1060	111.396812544406	168
8	1079	112.708633745358	169
8	1079	112.708633745358	170
8	1079	112.708633745358	171
8	1095	114.474960150872	172
8	1095	114.474960150872	173
8	1095	114.474960150872	174
8	1120	117.161667516939	175
8	1120	117.161667516939	176
8	1120	117.161667516939	177
8	1138	118.90447551581	178
8	1138	118.90447551581	179
8	1138	118.90447551581	180
8	1150	120.800512915537	181
8	1150	120.800512915537	182
8	1150	120.800512915537	183
8	1171	122.353508807936	184
8	1171	122.353508807936	185
8	1171	122.353508807936	186
8	1188	125.411554233462	187
8	1188	125.411554233462	188
8	1188	125.411554233462	189
8	1222	128.420040487727	190
8	1222	128.420040487727	191
8	1222	128.420040487727	192
8	1240	130.322825388933	193
8	1240	130.322825388933	194
8	1240	130.322825388933	195
8	1251	132.059138488968	196
8	1251	132.059138488968	197
8	1251	132.059138488968	198
8	1270	134.02330073784	199
8	1270	134.02330073784	200
8	1270	134.02330073784	201
8	1284	135.720938920421	202
8	1284	135.720938920421	203
8	1284	135.720938920421	204
8	1298	136.61849847352	205
8	1298	136.61849847352	206
8	1298	136.61849847352	207
8	1311	138.34830115288	208
8	1311	138.34830115288	209
8	1311	138.34830115288	210
8	1332	139.855016136625	211
8	1332	139.855016136625	212
8	1332	139.855016136625	213
8	1342	140.855294396631	214
8	1342	140.855294396631	215
8	1342	140.855294396631	216
8	1361	142.308827324274	217
8	1361	142.308827324274	218
8	1361	142.308827324274	219
8	1383	144.298502349417	220
8	1383	144.298502349417	221
8	1383	144.298502349417	222
8	1403	146.888557236707	223
8	1403	146.888557236707	224
8	1403	146.888557236707	225
8	1424	148.49579753912	226
8	1424	148.49579753912	227
8	1424	148.49579753912	228
8	1441	150.416371834368	229
8	1441	150.416371834368	230
8	1441	150.416371834368	231
8	1472	154.366522355464	232
8	1472	154.366522355464	233
8	1472	154.366522355464	234
8	1491	155.820138846693	235
8	1491	155.820138846693	236
8	1491	155.820138846693	237
8	1508	157.335284104262	238
8	1508	157.335284104262	239
8	1508	157.335284104262	240
8	1520	159.267509438257	241
8	1520	159.267509438257	242
8	1520	159.267509438257	243
8	1536	160.801504069982	244
8	1536	160.801504069982	245
8	1536	160.801504069982	246
8	1545	162.061777700065	247
8	1545	162.061777700065	248
8	1545	162.061777700065	249
8	1570	163.829062521141	250
8	1570	163.829062521141	251
8	1570	163.829062521141	252
8	1597	168.009617466617	253
8	1597	168.009617466617	254
8	1597	168.009617466617	255
8	1611	168.892304287593	256
8	1611	168.892304287593	257
8	1611	168.892304287593	258
8	1652	174.233395089663	259
8	1652	174.233395089663	260
8	1652	174.233395089663	261
8	1673	175.969462486299	262
8	1673	175.969462486299	263
8	1673	175.969462486299	264
8	1686	177.597319110222	265
8	1686	177.597319110222	266
8	1686	177.597319110222	267
8	1705	180.071426847628	268
8	1705	180.071426847628	269
8	1705	180.071426847628	270
8	1735	183.843596946248	271
8	1735	183.843596946248	272
8	1735	183.843596946248	273
8	1747	185.425330971188	274
8	1747	185.425330971188	275
8	1747	185.425330971188	276
8	1764	187.227251833179	277
8	1764	187.227251833179	278
8	1764	187.227251833179	279
8	1779	189.955913528414	280
8	1779	189.955913528414	281
8	1779	189.955913528414	282
8	1822	194.240872583565	283
8	1822	194.240872583565	284
8	1822	194.240872583565	285
8	1831	195.658678763078	286
8	1831	195.658678763078	287
8	1831	195.658678763078	288
8	1855	199.677367000278	289
8	1855	199.677367000278	290
8	1855	199.677367000278	291
8	1871	201.192925951778	292
8	1871	201.192925951778	293
8	1871	201.192925951778	294
8	1902	204.883155714391	295
8	1902	204.883155714391	296
8	1902	204.883155714391	297
8	1921	206.314870969874	298
8	1921	206.314870969874	299
8	1921	206.314870969874	300
8	1938	207.643772356006	301
8	1938	207.643772356006	302
8	1938	207.643772356006	303
8	1953	208.707374762326	304
8	1953	208.707374762326	305
8	1953	208.707374762326	306
8	1987	213.430102195248	307
8	1987	213.430102195248	308
8	1987	213.430102195248	309
8	2006	215.234978437544	310
8	2006	215.234978437544	311
8	2006	215.234978437544	312
8	2024	216.569925741473	313
8	2024	216.569925741473	314
8	2024	216.569925741473	315
8	2032	217.585541911491	316
8	2032	217.585541911491	317
8	2032	217.585541911491	318
8	2047	219.494600515396	319
8	2047	219.494600515396	320
8	2047	219.494600515396	321
8	2073	223.269599197109	322
8	2073	223.269599197109	323
8	2073	223.269599197109	324
8	2086	224.731020264414	325
8	2086	224.731020264414	326
8	2086	224.731020264414	327
8	2128	229.428148125988	328
8	2128	229.428148125988	329
8	2128	229.428148125988	330
8	2153	232.488159398875	331
8	2153	232.488159398875	332
8	2153	232.488159398875	333
8	2172	235.635485452745	334
8	2172	235.635485452745	335
8	2172	235.635485452745	336
8	2192	237.768156731225	337
8	2192	237.768156731225	338
8	2192	237.768156731225	339
9	8	0.518389424763	1
9	13	0.628053968109	2
9	27	1.660185226188	3
9	34	1.96382521329	4
9	42	2.566999487521	5
9	61	3.941504419956	6
9	72	5.76192522166	7
9	80	5.923611702558	8
9	89	7.570980552293	9
9	98	7.768271879545	10
9	104	9.20146085872	11
9	112	11.157336596883	12
9	124	11.419234979818	13
9	135	12.213443388106	14
9	144	13.449534591197	15
9	155	13.661688265764	16
9	158	13.812881313658	17
9	163	14.40911767783	18
9	175	14.626314599639	19
9	177	14.7184149884	20
9	193	17.248203877108	21
9	197	17.310729100355	22
9	211	19.880385655668	23
9	225	20.07198747241	24
9	231	21.34897187609	25
9	234	21.380936518712	26
9	241	21.567447964612	27
9	249	24.117437413262	28
9	257	24.212418513681	29
9	269	25.419090640331	30
9	284	26.850329374353	31
9	290	27.061400006522	32
9	295	27.927310839651	33
9	307	28.164737890123	34
9	311	29.166443280854	35
9	325	30.135368880605	36
9	339	32.148417215106	37
9	350	32.371830184389	38
9	376	36.67551942544	39
9	382	36.896674708968	40
9	386	37.604169149249	41
9	399	37.839993304959	42
9	400	37.898731594406	43
9	407	38.919923669099	44
9	417	39.116077251938	45
9	432	41.677711141816	46
9	435	41.844961811233	47
9	440	42.050693501652	48
9	468	48.271563137508	49
9	472	48.344108075458	50
9	491	50.279039893063	51
9	505	52.056689401072	52
9	508	52.188763197461	53
9	511	52.302894676047	54
9	529	55.021265921798	55
9	535	55.12652731601	56
9	554	59.641237726667	57
9	563	59.848157728526	58
9	570	61.152058497254	59
9	589	63.144362248844	60
9	612	65.478924263311	61
9	622	65.580796445779	62
9	627	65.724739504378	63
9	634	67.152632167021	64
9	643	67.421177289877	65
9	655	69.962555688206	66
9	674	74.49480084878	67
9	691	77.428619647202	68
9	700	77.718502023703	69
9	710	79.118456101595	70
9	722	79.448933865602	71
9	739	82.626897168528	72
9	745	82.854531482589	73
9	750	83.596539371625	74
9	768	84.618677550099	75
9	780	84.931477724422	76
9	794	88.07285436851	77
9	806	88.523894852576	78
9	827	91.982554233167	79
9	838	92.973975987516	80
9	842	93.109423791551	81
9	853	94.374908680667	82
9	864	94.75337152863	83
9	870	95.682361858911	84
9	883	95.92169374303	85
9	884	95.942560175478	86
9	890	97.054429113032	87
9	902	97.469251778296	88
9	909	98.949030691437	89
9	915	99.150238864052	90
9	923	99.950881926489	91
9	945	101.343890469258	92
9	948	101.408076461475	93
9	966	102.84515989901	94
9	977	103.979673985452	95
9	981	103.995900708813	96
9	989	104.382353169073	97
9	999	105.053430891378	98
9	1002	105.111982596365	99
9	1003	105.112069580375	100
9	1027	108.548654157298	101
9	1042	110.101064407757	102
9	1052	110.393896469748	103
9	1053	110.466208826142	104
9	1060	111.396812544406	105
9	1079	112.708633745358	106
9	1085	112.912728145722	107
9	1095	114.474960150872	108
9	1102	114.632795066523	109
9	1120	117.161667516939	110
9	1127	117.484906344779	111
9	1129	117.53183446418	112
9	1138	118.90447551581	113
9	1142	118.96597010671	114
9	1150	120.800512915537	115
9	1156	121.076078131159	116
9	1159	121.16828017441	117
9	1171	122.353508807936	118
9	1178	122.59155260244	119
9	1179	122.609204721798	120
9	1188	125.411554233462	121
9	1194	125.566180639894	122
9	1202	125.898134757862	123
9	1222	128.420040487727	124
9	1231	128.678065844365	125
9	1240	130.322825388933	126
9	1247	130.571298568157	127
9	1251	132.059138488968	128
9	1261	132.352646747748	129
9	1270	134.02330073784	130
9	1284	135.720938920421	131
9	1291	135.878885634295	132
9	1298	136.61849847352	133
9	1311	138.34830115288	134
9	1322	138.686082891012	135
9	1332	139.855016136625	136
9	1338	140.028436211633	137
9	1342	140.855294396631	138
9	1352	141.151606023508	139
9	1361	142.308827324274	140
9	1370	142.543106372117	141
9	1373	142.70214913297	142
9	1383	144.298502349417	143
9	1389	144.625864551407	144
9	1403	146.888557236707	145
9	1410	147.028852513635	146
9	1414	147.11512875403	147
9	1424	148.49579753912	148
9	1429	148.574603518525	149
9	1441	150.416371834368	150
9	1443	150.461402977213	151
9	1472	154.366522355464	152
9	1473	154.394599239434	153
9	1480	154.633395483682	154
9	1491	155.820138846693	155
9	1493	155.916604845003	156
9	1508	157.335284104262	157
9	1520	159.267509438257	158
9	1536	160.801504069982	159
9	1542	161.109490499921	160
9	1545	162.061777700065	161
9	1558	162.359283518903	162
9	1570	163.829062521141	163
9	1577	164.102433103796	164
9	1597	168.009617466617	165
9	1603	168.350341715968	166
9	1611	168.892304287593	167
9	1624	169.227376334712	168
9	1652	174.233395089663	169
9	1660	174.434101814442	170
9	1673	175.969462486299	171
9	1686	177.597319110222	172
9	1692	177.743700019621	173
9	1696	177.902303510622	174
9	1705	180.071426847628	175
9	1717	180.325702723989	176
9	1735	183.843596946248	177
9	1740	183.98846840258	178
9	1747	185.425330971188	179
9	1764	187.227251833179	180
9	1769	187.446150731633	181
9	1779	189.955913528414	182
9	1792	190.287593012199	183
9	1793	190.312930264334	184
9	1822	194.240872583565	185
9	1831	195.658678763078	186
9	1839	195.835589875609	187
9	1855	199.677367000278	188
9	1871	201.192925951778	189
9	1902	204.883155714391	190
9	1905	205.007844182946	191
9	1921	206.314870969874	192
9	1926	206.582926106781	193
9	1938	207.643772356006	194
9	1953	208.707374762326	195
9	1960	209.073632594188	196
9	1987	213.430102195248	197
9	1991	213.518059273611	198
9	2006	215.234978437544	199
9	2013	215.372388462078	200
9	2015	215.461578963776	201
9	2024	216.569925741473	202
9	2032	217.585541911491	203
9	2047	219.494600515396	204
9	2057	219.867665088614	205
9	2073	223.269599197109	206
9	2086	224.731020264414	207
9	2092	224.880567488778	208
9	2128	229.428148125988	209
9	2133	229.53038760921	210
9	2153	232.488159398875	211
9	2164	232.681598000921	212
9	2172	235.635485452745	213
9	2176	235.725398616219	214
9	2192	237.768156731225	215
9	2200	238.103386727321	216
10	11	0.53936966324	1
10	11	0.53936966324	2
10	11	0.53936966324	3
10	30	1.819527457617	4
10	30	1.819527457617	5
10	30	1.819527457617	6
10	76	5.800997502785	7
10	76	5.800997502785	8
10	76	5.800997502785	9
10	121	11.366216818778	10
10	121	11.366216818778	11
10	121	11.366216818778	12
10	146	13.536822242942	13
10	146	13.536822242942	14
10	146	13.536822242942	15
10	167	14.439669797911	16
10	167	14.439669797911	17
10	167	14.439669797911	18
10	195	17.274788027678	19
10	195	17.274788027678	20
10	195	17.274788027678	21
10	217	19.948170364232	22
10	217	19.948170364232	23
10	217	19.948170364232	24
10	230	21.278064027804	25
10	230	21.278064027804	26
10	230	21.278064027804	27
10	300	28.072674934361	28
10	300	28.072674934361	29
10	300	28.072674934361	30
10	344	32.272858142582	31
10	344	32.272858142582	32
10	344	32.272858142582	33
10	391	37.71297863766	34
10	391	37.71297863766	35
10	391	37.71297863766	36
10	408	38.937456518671	37
10	408	38.937456518671	38
10	408	38.937456518671	39
10	433	41.781211237452	40
10	433	41.781211237452	41
10	433	41.781211237452	42
10	470	48.312152632429	43
10	470	48.312152632429	44
10	470	48.312152632429	45
10	486	50.165078132501	46
10	486	50.165078132501	47
10	486	50.165078132501	48
10	509	52.253374064868	49
10	509	52.253374064868	50
10	509	52.253374064868	51
10	531	55.055245217814	52
10	531	55.055245217814	53
10	531	55.055245217814	54
10	587	63.061908024173	55
10	587	63.061908024173	56
10	587	63.061908024173	57
10	602	64.482984099029	58
10	602	64.482984099029	59
10	602	64.482984099029	60
10	618	65.541241497498	61
10	618	65.541241497498	62
10	618	65.541241497498	63
10	697	77.633309757813	64
10	697	77.633309757813	65
10	697	77.633309757813	66
10	719	79.292546841693	67
10	719	79.292546841693	68
10	719	79.292546841693	69
10	734	82.499835958484	70
10	734	82.499835958484	71
10	734	82.499835958484	72
10	754	83.757613003735	73
10	754	83.757613003735	74
10	754	83.757613003735	75
10	769	84.657926013394	76
10	769	84.657926013394	77
10	769	84.657926013394	78
10	804	88.385504583134	79
10	804	88.385504583134	80
10	804	88.385504583134	81
10	824	91.916304981017	82
10	824	91.916304981017	83
10	824	91.916304981017	84
10	839	93.032075768392	85
10	839	93.032075768392	86
10	839	93.032075768392	87
10	860	94.659203182408	88
10	860	94.659203182408	89
10	860	94.659203182408	90
10	879	95.880383214162	91
10	879	95.880383214162	92
10	879	95.880383214162	93
10	899	97.263107537553	94
10	899	97.263107537553	95
10	899	97.263107537553	96
10	911	99.048213416094	97
10	911	99.048213416094	98
10	911	99.048213416094	99
10	925	100.02071235391	100
10	925	100.02071235391	101
10	925	100.02071235391	102
10	940	101.188609065714	103
10	940	101.188609065714	104
10	940	101.188609065714	105
10	959	102.6546378027	106
10	959	102.6546378027	107
10	959	102.6546378027	108
10	976	103.945143073741	109
10	976	103.945143073741	110
10	976	103.945143073741	111
10	997	105.024934315066	112
10	997	105.024934315066	113
10	997	105.024934315066	114
10	1030	108.75703731382	115
10	1030	108.75703731382	116
10	1030	108.75703731382	117
10	1048	110.281579369096	118
10	1048	110.281579369096	119
10	1048	110.281579369096	120
10	1066	111.598787823305	121
10	1066	111.598787823305	122
10	1066	111.598787823305	123
10	1081	112.777215434654	124
10	1081	112.777215434654	125
10	1081	112.777215434654	126
10	1097	114.558186711517	127
10	1097	114.558186711517	128
10	1097	114.558186711517	129
10	1122	117.304589075057	130
10	1122	117.304589075057	131
10	1122	117.304589075057	132
10	1141	118.940477182978	133
10	1141	118.940477182978	134
10	1141	118.940477182978	135
10	1155	120.999904557461	136
10	1155	120.999904557461	137
10	1155	120.999904557461	138
10	1175	122.479438647619	139
10	1175	122.479438647619	140
10	1175	122.479438647619	141
10	1198	125.695689161282	142
10	1198	125.695689161282	143
10	1198	125.695689161282	144
10	1255	132.220965610854	145
10	1255	132.220965610854	146
10	1255	132.220965610854	147
10	1369	142.513437432996	148
10	1369	142.513437432996	149
10	1369	142.513437432996	150
10	1406	146.989027865091	151
10	1406	146.989027865091	152
10	1406	146.989027865091	153
10	1427	148.525605769828	154
10	1427	148.525605769828	155
10	1427	148.525605769828	156
10	1439	150.400657412432	157
10	1439	150.400657412432	158
10	1439	150.400657412432	159
10	1467	154.20145588741	160
10	1467	154.20145588741	161
10	1467	154.20145588741	162
10	1492	155.859815319191	163
10	1492	155.859815319191	164
10	1492	155.859815319191	165
10	1538	160.967360667701	166
10	1538	160.967360667701	167
10	1538	160.967360667701	168
10	1554	162.259063217624	169
10	1554	162.259063217624	170
10	1554	162.259063217624	171
10	1575	164.022374394671	172
10	1575	164.022374394671	173
10	1575	164.022374394671	174
10	1601	168.173173334561	175
10	1601	168.173173334561	176
10	1601	168.173173334561	177
10	1620	169.13018666759	178
10	1620	169.13018666759	179
10	1620	169.13018666759	180
10	1656	174.337919268059	181
10	1656	174.337919268059	182
10	1656	174.337919268059	183
10	1688	177.609465133843	184
10	1688	177.609465133843	185
10	1688	177.609465133843	186
10	1712	180.189276347279	187
10	1712	180.189276347279	188
10	1712	180.189276347279	189
10	1785	190.122850394156	190
10	1785	190.122850394156	191
10	1785	190.122850394156	192
10	1803	192.784850388476	193
10	1803	192.784850388476	194
10	1803	192.784850388476	195
10	1816	194.064332569147	196
10	1816	194.064332569147	197
10	1816	194.064332569147	198
10	1837	195.815001137436	199
10	1837	195.815001137436	200
10	1837	195.815001137436	201
10	1854	199.627382746507	202
10	1854	199.627382746507	203
10	1854	199.627382746507	204
10	1897	204.750832676344	205
10	1897	204.750832676344	206
10	1897	204.750832676344	207
10	1914	206.049091689788	208
10	1914	206.049091689788	209
10	1914	206.049091689788	210
10	1951	208.557687180183	211
10	1951	208.557687180183	212
10	1951	208.557687180183	213
10	1970	211.694016489696	214
10	1970	211.694016489696	215
10	1970	211.694016489696	216
10	1990	213.502523668196	217
10	1990	213.502523668196	218
10	1990	213.502523668196	219
10	2005	215.168606231996	220
10	2005	215.168606231996	221
10	2005	215.168606231996	222
10	2055	219.729912824477	223
10	2055	219.729912824477	224
10	2055	219.729912824477	225
10	2072	223.143201648405	226
10	2072	223.143201648405	227
10	2072	223.143201648405	228
10	2090	224.855682124289	229
10	2090	224.855682124289	230
10	2090	224.855682124289	231
10	2154	232.505473661582	232
10	2154	232.505473661582	233
10	2154	232.505473661582	234
10	2173	235.688387994432	235
10	2173	235.688387994432	236
10	2173	235.688387994432	237
10	2197	237.895429984609	238
10	2197	237.895429984609	239
10	2197	237.895429984609	240
11	11	0.53936966324	1
11	30	1.819527457617	2
11	76	5.800997502785	3
11	121	11.366216818778	4
11	146	13.536822242942	5
11	167	14.439669797911	6
11	195	17.274788027678	7
11	201	17.332015264639	8
11	217	19.948170364232	9
11	230	21.278064027804	10
11	237	21.442891438974	11
11	300	28.072674934361	12
11	344	32.272858142582	13
11	345	32.309771418083	14
11	391	37.71297863766	15
11	408	38.937456518671	16
11	433	41.781211237452	17
11	470	48.312152632429	18
11	486	50.165078132501	19
11	509	52.253374064868	20
11	531	55.055245217814	21
11	587	63.061908024173	22
11	592	63.25703853752	23
11	602	64.482984099029	24
11	618	65.541241497498	25
11	697	77.633309757813	26
11	719	79.292546841693	27
11	734	82.499835958484	28
11	742	82.762297514775	29
11	754	83.757613003735	30
11	769	84.657926013394	31
11	777	84.870416110008	32
11	804	88.385504583134	33
11	824	91.916304981017	34
11	830	92.05603057862	35
11	839	93.032075768392	36
11	846	93.154991104859	37
11	860	94.659203182408	38
11	879	95.880383214162	39
11	899	97.263107537553	40
11	911	99.048213416094	41
11	925	100.02071235391	42
11	932	100.131409424561	43
11	940	101.188609065714	44
11	959	102.6546378027	45
11	968	102.902048294851	46
11	976	103.945143073741	47
11	997	105.024934315066	48
11	1006	105.192957314042	49
11	1030	108.75703731382	50
11	1035	108.913639373432	51
11	1048	110.281579369096	52
11	1066	111.598787823305	53
11	1081	112.777215434654	54
11	1097	114.558186711517	55
11	1122	117.304589075057	56
11	1141	118.940477182978	57
11	1155	120.999904557461	58
11	1161	121.232331704112	59
11	1175	122.479438647619	60
11	1176	122.485764078373	61
11	1198	125.695689161282	62
11	1255	132.220965610854	63
11	1369	142.513437432996	64
11	1406	146.989027865091	65
11	1411	147.054709153476	66
11	1427	148.525605769828	67
11	1439	150.400657412432	68
11	1467	154.20145588741	69
11	1492	155.859815319191	70
11	1538	160.967360667701	71
11	1554	162.259063217624	72
11	1575	164.022374394671	73
11	1601	168.173173334561	74
11	1620	169.13018666759	75
11	1656	174.337919268059	76
11	1688	177.609465133843	77
11	1712	180.189276347279	78
11	1785	190.122850394156	79
11	1803	192.784850388476	80
11	1816	194.064332569147	81
11	1837	195.815001137436	82
11	1854	199.627382746507	83
11	1897	204.750832676344	84
11	1914	206.049091689788	85
11	1951	208.557687180183	86
11	1970	211.694016489696	87
11	1990	213.502523668196	88
11	2005	215.168606231996	89
11	2012	215.359405966489	90
11	2055	219.729912824477	91
11	2072	223.143201648405	92
11	2090	224.855682124289	93
11	2095	224.91174524508	94
11	2154	232.505473661582	95
11	2173	235.688387994432	96
11	2197	237.895429984609	97
12	31	1.844702949643	1
12	31	1.844702949643	2
12	79	5.879724676743	3
12	79	5.879724676743	4
12	95	7.714564363042	5
12	95	7.714564363042	6
12	152	13.623593643166	7
12	152	13.623593643166	8
12	170	14.556059005648	9
12	170	14.556059005648	10
12	239	21.494351780601	11
12	239	21.494351780601	12
12	251	24.162677394521	13
12	251	24.162677394521	14
12	287	26.948122136061	15
12	287	26.948122136061	16
12	329	30.300568560067	17
12	329	30.300568560067	18
12	379	36.791004784246	19
12	379	36.791004784246	20
12	398	37.804467640961	21
12	398	37.804467640961	22
12	436	41.85735655439	23
12	436	41.85735655439	24
12	506	52.080302988024	25
12	506	52.080302988024	26
12	532	55.05760917746	27
12	532	55.05760917746	28
12	559	59.794699642958	29
12	559	59.794699642958	30
12	620	65.5551777268	31
12	620	65.5551777268	32
12	641	67.354101427121	33
12	641	67.354101427121	34
12	743	82.765865055773	35
12	743	82.765865055773	36
12	775	84.828218477495	37
12	775	84.828218477495	38
12	871	95.733678783935	39
12	871	95.733678783935	40
12	951	101.53023980635	41
12	951	101.53023980635	42
12	987	104.182763548782	43
12	987	104.182763548782	44
12	1000	105.079553615804	45
12	1000	105.079553615804	46
12	1047	110.275978751349	47
12	1047	110.275978751349	48
12	1124	117.324334539491	49
12	1124	117.324334539491	50
12	1154	120.924542100499	51
12	1154	120.924542100499	52
12	1177	122.501711187345	53
12	1177	122.501711187345	54
12	1192	125.497949862434	55
12	1192	125.497949862434	56
12	1226	128.50121552215	57
12	1226	128.50121552215	58
12	1245	130.507415343992	59
12	1245	130.507415343992	60
12	1290	135.837936348785	61
12	1290	135.837936348785	62
12	1318	138.551019630069	63
12	1318	138.551019630069	64
12	1335	139.95622425839	65
12	1335	139.95622425839	66
12	1347	141.010239210954	67
12	1347	141.010239210954	68
12	1366	142.417921365709	69
12	1366	142.417921365709	70
12	1385	144.493547180888	71
12	1385	144.493547180888	72
12	1405	146.951850396979	73
12	1405	146.951850396979	74
12	1478	154.499163832131	75
12	1478	154.499163832131	76
12	1551	162.21778184633	77
12	1551	162.21778184633	78
12	1691	177.702646330639	79
12	1691	177.702646330639	80
12	1739	183.936346370955	81
12	1739	183.936346370955	82
12	1767	187.314992364277	83
12	1767	187.314992364277	84
12	1788	190.160555106374	85
12	1788	190.160555106374	86
12	1862	199.838444010919	87
12	1862	199.838444010919	88
12	1874	201.277243898959	89
12	1874	201.277243898959	90
12	1925	206.52473685106	91
12	1925	206.52473685106	92
12	1958	208.903483543903	93
12	1958	208.903483543903	94
12	1989	213.491770244878	95
12	1989	213.491770244878	96
12	2009	215.262109733489	97
12	2009	215.262109733489	98
12	2076	223.403431934673	99
12	2076	223.403431934673	100
12	2131	229.485450957541	101
12	2131	229.485450957541	102
12	2162	232.644709996999	103
12	2162	232.644709996999	104
13	31	1.844702949643	1
13	79	5.879724676743	2
13	95	7.714564363042	3
13	152	13.623593643166	4
13	170	14.556059005648	5
13	239	21.494351780601	6
13	251	24.162677394521	7
13	287	26.948122136061	8
13	329	30.300568560067	9
13	379	36.791004784246	10
13	398	37.804467640961	11
13	436	41.85735655439	12
13	506	52.080302988024	13
13	532	55.05760917746	14
13	559	59.794699642958	15
13	620	65.5551777268	16
13	641	67.354101427121	17
13	743	82.765865055773	18
13	775	84.828218477495	19
13	871	95.733678783935	20
13	951	101.53023980635	21
13	987	104.182763548782	22
13	1000	105.079553615804	23
13	1047	110.275978751349	24
13	1124	117.324334539491	25
13	1154	120.924542100499	26
13	1177	122.501711187345	27
13	1192	125.497949862434	28
13	1226	128.50121552215	29
13	1245	130.507415343992	30
13	1290	135.837936348785	31
13	1318	138.551019630069	32
13	1335	139.95622425839	33
13	1347	141.010239210954	34
13	1366	142.417921365709	35
13	1385	144.493547180888	36
13	1405	146.951850396979	37
13	1478	154.499163832131	38
13	1551	162.21778184633	39
13	1691	177.702646330639	40
13	1739	183.936346370955	41
13	1767	187.314992364277	42
13	1788	190.160555106374	43
13	1862	199.838444010919	44
13	1874	201.277243898959	45
13	1925	206.52473685106	46
13	1958	208.903483543903	47
13	1989	213.491770244878	48
13	2009	215.262109733489	49
13	2076	223.403431934673	50
13	2131	229.485450957541	51
13	2162	232.644709996999	52
14	487	50.227204117513	1
14	510	52.253636889009	2
14	561	59.817339883996	3
14	590	63.173209669325	4
14	771	84.700435889169	5
14	826	91.978661767622	6
14	946	101.359036076525	7
14	953	101.658241398672	8
14	1051	110.384086126861	9
14	1146	119.12818781054	10
14	1195	125.608020544174	11
14	1371	142.558944736426	12
14	1663	174.54524422172	13
14	1927	206.690581997377	14
15	487	50.227204117513	2.17719931588
15	510	52.253636889009	2.439640038809
15	561	59.817339883996	1.708184704377
15	590	63.173209669325	2.36443816974
15	771	84.700435889169	1.374640925152
15	826	91.978661767622	2.221837554158
15	946	101.359036076525	1.601048832086
15	953	101.658241398672	1.900254154233
15	1051	110.384086126861	2.127343460698
15	1146	119.12818781054	2.26691713402
15	1195	125.608020544174	1.84387551245
15	1371	142.558944736426	1.911015468549
15	1663	174.54524422172	2.176489337571
15	1927	206.690581997377	2.332746147477

