version 3
run General-1-20231019-15:54:20-24860
attr configname General
attr datetime 20231019-15:54:20
attr datetimef 20231019-155420
attr experiment General
attr inifile omnetpp.ini
attr iterationvars ""
attr iterationvarsd ""
attr iterationvarsf ""
attr measurement ""
attr network Reliability
attr processid 24860
attr repetition 1
attr replication #1
attr resultdir results
attr runnumber 1
attr seedset 1
config network Reliability
config Reliability.node[*].transmissionTime "uniform(1s, 2s)"
config Reliability.node[*].delayTime "uniform(0.01s, 0.2s)"
config Reliability.node[*].lossProbability 0.2
config record-eventlog true
config sim-time-limit 240s
config repeat 5

vector 0 Reliability.node[0] txVector ETV
vector 1 Reliability.node[1] txVector ETV
vector 2 Reliability.node[1] rxVector ETV
vector 3 Reliability.node[0] rxVector ETV
vector 4 Reliability.node[3] txVector ETV
vector 5 Reliability.node[3] rxVector ETV
vector 6 Reliability.node[4] txVector ETV
vector 7 Reliability.node[4] rxVector ETV
vector 8 Reliability.node[2] txVector ETV
vector 9 Reliability.node[2] rxVector ETV
vector 10 Reliability.node[5] rxVector ETV
vector 11 Reliability.node[5] e2eVector ETV
0	1	0.089234179703	1
0	1	0.089234179703	1
0	1	0.089234179703	1
0	13	1.809558668991	2
0	13	1.809558668991	2
0	13	1.809558668991	2
0	25	3.253011562747	3
0	25	3.253011562747	3
0	25	3.253011562747	3
0	37	5.129400708831	4
0	37	5.129400708831	4
0	37	5.129400708831	4
0	49	6.271520841752	5
0	49	6.271520841752	5
0	49	6.271520841752	5
0	61	7.565134985025	6
0	61	7.565134985025	6
0	61	7.565134985025	6
0	73	8.826113966412	7
0	73	8.826113966412	7
0	73	8.826113966412	7
0	85	10.729515879301	8
0	85	10.729515879301	8
0	85	10.729515879301	8
0	97	12.377265275109	9
0	97	12.377265275109	9
0	97	12.377265275109	9
0	109	13.955654882479	10
0	109	13.955654882479	10
0	109	13.955654882479	10
0	121	15.720247452965	11
0	121	15.720247452965	11
0	121	15.720247452965	11
0	128	17.474123646159	12
0	128	17.474123646159	12
0	128	17.474123646159	12
0	140	18.983933924351	13
0	140	18.983933924351	13
0	140	18.983933924351	13
0	152	20.784566597434	14
0	152	20.784566597434	14
0	152	20.784566597434	14
0	164	22.566525060104	15
0	164	22.566525060104	15
0	164	22.566525060104	15
0	176	24.147883989734	16
0	176	24.147883989734	16
0	176	24.147883989734	16
0	188	25.910457127381	17
0	188	25.910457127381	17
0	188	25.910457127381	17
0	190	27.540174635945	18
0	190	27.540174635945	18
0	190	27.540174635945	18
0	202	28.63559388032	19
0	202	28.63559388032	19
0	202	28.63559388032	19
0	214	30.407771909729	20
0	214	30.407771909729	20
0	214	30.407771909729	20
0	226	31.702283456343	21
0	226	31.702283456343	21
0	226	31.702283456343	21
0	238	32.72380826448	22
0	238	32.72380826448	22
0	238	32.72380826448	22
0	250	33.965297400839	23
0	250	33.965297400839	23
0	250	33.965297400839	23
0	260	35.772657925616	24
0	260	35.772657925616	24
0	260	35.772657925616	24
0	272	37.172073216996	25
0	272	37.172073216996	25
0	272	37.172073216996	25
0	274	38.922094981073	26
0	274	38.922094981073	26
0	274	38.922094981073	26
0	286	39.958564683216	27
0	286	39.958564683216	27
0	286	39.958564683216	27
0	288	41.388811960005	28
0	288	41.388811960005	28
0	288	41.388811960005	28
0	300	42.809886716659	29
0	300	42.809886716659	29
0	300	42.809886716659	29
0	307	44.337601361683	30
0	307	44.337601361683	30
0	307	44.337601361683	30
0	317	45.40463341249	31
0	317	45.40463341249	31
0	317	45.40463341249	31
0	331	46.974127823839	32
0	331	46.974127823839	32
0	331	46.974127823839	32
0	343	48.307412129248	33
0	343	48.307412129248	33
0	343	48.307412129248	33
0	350	49.92921835685	34
0	350	49.92921835685	34
0	350	49.92921835685	34
0	362	51.828282356615	35
0	362	51.828282356615	35
0	362	51.828282356615	35
0	374	53.47958668962	36
0	374	53.47958668962	36
0	374	53.47958668962	36
0	386	54.992248392085	37
0	386	54.992248392085	37
0	386	54.992248392085	37
0	398	56.518674322291	38
0	398	56.518674322291	38
0	398	56.518674322291	38
0	410	58.360084384334	39
0	410	58.360084384334	39
0	410	58.360084384334	39
0	422	60.158688628235	40
0	422	60.158688628235	40
0	422	60.158688628235	40
0	434	61.722897373493	41
0	434	61.722897373493	41
0	434	61.722897373493	41
0	446	63.489108753278	42
0	446	63.489108753278	42
0	446	63.489108753278	42
0	448	64.850126223992	43
0	448	64.850126223992	43
0	448	64.850126223992	43
0	460	66.604987702919	44
0	460	66.604987702919	44
0	460	66.604987702919	44
0	462	67.642415642859	45
0	462	67.642415642859	45
0	462	67.642415642859	45
0	472	69.260929211396	46
0	472	69.260929211396	46
0	472	69.260929211396	46
0	474	70.876233443273	47
0	474	70.876233443273	47
0	474	70.876233443273	47
0	486	72.498729341784	48
0	486	72.498729341784	48
0	486	72.498729341784	48
0	498	74.346519322255	49
0	498	74.346519322255	49
0	498	74.346519322255	49
0	510	76.285405800333	50
0	510	76.285405800333	50
0	510	76.285405800333	50
0	522	77.783389107678	51
0	522	77.783389107678	51
0	522	77.783389107678	51
0	527	79.627719059009	52
0	527	79.627719059009	52
0	527	79.627719059009	52
0	534	80.984129147259	53
0	534	80.984129147259	53
0	534	80.984129147259	53
0	536	82.686005678381	54
0	536	82.686005678381	54
0	536	82.686005678381	54
0	543	84.565277446182	55
0	543	84.565277446182	55
0	543	84.565277446182	55
0	545	86.084293434284	56
0	545	86.084293434284	56
0	545	86.084293434284	56
0	557	87.667731965314	57
0	557	87.667731965314	57
0	557	87.667731965314	57
0	569	89.043166797961	58
0	569	89.043166797961	58
0	569	89.043166797961	58
0	581	90.252499234051	59
0	581	90.252499234051	59
0	581	90.252499234051	59
0	586	92.007390693881	60
0	586	92.007390693881	60
0	586	92.007390693881	60
0	598	93.69710464089	61
0	598	93.69710464089	61
0	598	93.69710464089	61
0	610	95.341465723122	62
0	610	95.341465723122	62
0	610	95.341465723122	62
0	622	96.588992272158	63
0	622	96.588992272158	63
0	622	96.588992272158	63
0	624	98.32223734388	64
0	624	98.32223734388	64
0	624	98.32223734388	64
0	636	99.485326767553	65
0	636	99.485326767553	65
0	636	99.485326767553	65
0	648	100.692952426736	66
0	648	100.692952426736	66
0	648	100.692952426736	66
0	650	102.465786859047	67
0	650	102.465786859047	67
0	650	102.465786859047	67
0	662	103.66838898056	68
0	662	103.66838898056	68
0	662	103.66838898056	68
0	674	104.974939603245	69
0	674	104.974939603245	69
0	674	104.974939603245	69
0	676	106.05504325277	70
0	676	106.05504325277	70
0	676	106.05504325277	70
0	688	107.947507104723	71
0	688	107.947507104723	71
0	688	107.947507104723	71
0	695	109.054090979163	72
0	695	109.054090979163	72
0	695	109.054090979163	72
0	707	110.585549301355	73
0	707	110.585549301355	73
0	707	110.585549301355	73
0	719	112.144453107732	74
0	719	112.144453107732	74
0	719	112.144453107732	74
0	731	113.177152614928	75
0	731	113.177152614928	75
0	731	113.177152614928	75
0	733	114.297919802954	76
0	733	114.297919802954	76
0	733	114.297919802954	76
0	745	115.654373663831	77
0	745	115.654373663831	77
0	745	115.654373663831	77
0	757	117.08072181547	78
0	757	117.08072181547	78
0	757	117.08072181547	78
0	759	119.030753530682	79
0	759	119.030753530682	79
0	759	119.030753530682	79
0	761	120.463735041561	80
0	761	120.463735041561	80
0	761	120.463735041561	80
0	773	121.624162427968	81
0	773	121.624162427968	81
0	773	121.624162427968	81
0	785	122.875801569436	82
0	785	122.875801569436	82
0	785	122.875801569436	82
0	797	123.8864295095	83
0	797	123.8864295095	83
0	797	123.8864295095	83
0	807	125.30500753166	84
0	807	125.30500753166	84
0	807	125.30500753166	84
0	819	127.013824831581	85
0	819	127.013824831581	85
0	819	127.013824831581	85
0	826	128.186429451339	86
0	826	128.186429451339	86
0	826	128.186429451339	86
0	838	129.60153293086	87
0	838	129.60153293086	87
0	838	129.60153293086	87
0	850	131.409810945045	88
0	850	131.409810945045	88
0	850	131.409810945045	88
0	862	132.859642463622	89
0	862	132.859642463622	89
0	862	132.859642463622	89
0	864	134.576413278121	90
0	864	134.576413278121	90
0	864	134.576413278121	90
0	873	136.00207864179	91
0	873	136.00207864179	91
0	873	136.00207864179	91
0	875	137.633725269117	92
0	875	137.633725269117	92
0	875	137.633725269117	92
0	880	139.022341696198	93
0	880	139.022341696198	93
0	880	139.022341696198	93
0	882	140.536516740338	94
0	882	140.536516740338	94
0	882	140.536516740338	94
0	884	142.31186870381	95
0	884	142.31186870381	95
0	884	142.31186870381	95
0	896	143.774707821084	96
0	896	143.774707821084	96
0	896	143.774707821084	96
0	908	145.28318408516	97
0	908	145.28318408516	97
0	908	145.28318408516	97
0	920	146.84884619585	98
0	920	146.84884619585	98
0	920	146.84884619585	98
0	932	148.797683079147	99
0	932	148.797683079147	99
0	932	148.797683079147	99
0	934	150.138062373854	100
0	934	150.138062373854	100
0	934	150.138062373854	100
0	939	151.902995422601	101
0	939	151.902995422601	101
0	939	151.902995422601	101
0	941	153.253651930371	102
0	941	153.253651930371	102
0	941	153.253651930371	102
0	953	154.262970992017	103
0	953	154.262970992017	103
0	953	154.262970992017	103
0	964	155.306505254356	104
0	964	155.306505254356	104
0	964	155.306505254356	104
0	977	157.287428934013	105
0	977	157.287428934013	105
0	977	157.287428934013	105
0	989	158.736307766407	106
0	989	158.736307766407	106
0	989	158.736307766407	106
0	999	159.961389643491	107
0	999	159.961389643491	107
0	999	159.961389643491	107
0	1008	161.251687643003	108
0	1008	161.251687643003	108
0	1008	161.251687643003	108
0	1010	162.594245083515	109
0	1010	162.594245083515	109
0	1010	162.594245083515	109
0	1022	164.246034356883	110
0	1022	164.246034356883	110
0	1022	164.246034356883	110
0	1034	166.104771046551	111
0	1034	166.104771046551	111
0	1034	166.104771046551	111
0	1039	167.776200215915	112
0	1039	167.776200215915	112
0	1039	167.776200215915	112
0	1051	169.001926083468	113
0	1051	169.001926083468	113
0	1051	169.001926083468	113
0	1061	170.976329548635	114
0	1061	170.976329548635	114
0	1061	170.976329548635	114
0	1073	172.533289904824	115
0	1073	172.533289904824	115
0	1073	172.533289904824	115
0	1085	173.726706305637	116
0	1085	173.726706305637	116
0	1085	173.726706305637	116
0	1092	175.575002795436	117
0	1092	175.575002795436	117
0	1092	175.575002795436	117
0	1104	177.438831939247	118
0	1104	177.438831939247	118
0	1104	177.438831939247	118
0	1116	179.380853084267	119
0	1116	179.380853084267	119
0	1116	179.380853084267	119
0	1118	181.113227989177	120
0	1118	181.113227989177	120
0	1118	181.113227989177	120
0	1130	182.584044006538	121
0	1130	182.584044006538	121
0	1130	182.584044006538	121
0	1142	183.648474260351	122
0	1142	183.648474260351	122
0	1142	183.648474260351	122
0	1154	185.063959934401	123
0	1154	185.063959934401	123
0	1154	185.063959934401	123
0	1166	186.659585036455	124
0	1166	186.659585036455	124
0	1166	186.659585036455	124
0	1176	187.838793643169	125
0	1176	187.838793643169	125
0	1176	187.838793643169	125
0	1188	189.428617285216	126
0	1188	189.428617285216	126
0	1188	189.428617285216	126
0	1200	190.630733849598	127
0	1200	190.630733849598	127
0	1200	190.630733849598	127
0	1212	192.38380450511	128
0	1212	192.38380450511	128
0	1212	192.38380450511	128
0	1214	193.589526826168	129
0	1214	193.589526826168	129
0	1214	193.589526826168	129
0	1216	195.350329287002	130
0	1216	195.350329287002	130
0	1216	195.350329287002	130
0	1228	197.069094187465	131
0	1228	197.069094187465	131
0	1228	197.069094187465	131
0	1240	198.442501315499	132
0	1240	198.442501315499	132
0	1240	198.442501315499	132
0	1252	200.310871686904	133
0	1252	200.310871686904	133
0	1252	200.310871686904	133
0	1264	202.18181729538	134
0	1264	202.18181729538	134
0	1264	202.18181729538	134
0	1276	203.260955766892	135
0	1276	203.260955766892	135
0	1276	203.260955766892	135
0	1288	205.253656638671	136
0	1288	205.253656638671	136
0	1288	205.253656638671	136
0	1298	206.358845527867	137
0	1298	206.358845527867	137
0	1298	206.358845527867	137
0	1310	207.547313930584	138
0	1310	207.547313930584	138
0	1310	207.547313930584	138
0	1322	208.968720361708	139
0	1322	208.968720361708	139
0	1322	208.968720361708	139
0	1324	210.461601238583	140
0	1324	210.461601238583	140
0	1324	210.461601238583	140
0	1336	211.470874528751	141
0	1336	211.470874528751	141
0	1336	211.470874528751	141
0	1348	213.109229848372	142
0	1348	213.109229848372	142
0	1348	213.109229848372	142
0	1350	214.67127977952	143
0	1350	214.67127977952	143
0	1350	214.67127977952	143
0	1362	215.974138083287	144
0	1362	215.974138083287	144
0	1362	215.974138083287	144
0	1374	217.05066533771	145
0	1374	217.05066533771	145
0	1374	217.05066533771	145
0	1386	218.654972179445	146
0	1386	218.654972179445	146
0	1386	218.654972179445	146
0	1398	219.741939906614	147
0	1398	219.741939906614	147
0	1398	219.741939906614	147
0	1400	220.813550186461	148
0	1400	220.813550186461	148
0	1400	220.813550186461	148
0	1412	222.177290202003	149
0	1412	222.177290202003	149
0	1412	222.177290202003	149
0	1424	223.567900699914	150
0	1424	223.567900699914	150
0	1424	223.567900699914	150
0	1426	224.77728481067	151
0	1426	224.77728481067	151
0	1426	224.77728481067	151
0	1428	226.542011455052	152
0	1428	226.542011455052	152
0	1428	226.542011455052	152
0	1430	227.717725714554	153
0	1430	227.717725714554	153
0	1430	227.717725714554	153
0	1442	228.994925822482	154
0	1442	228.994925822482	154
0	1442	228.994925822482	154
0	1454	230.907805646655	155
0	1454	230.907805646655	155
0	1454	230.907805646655	155
0	1466	232.749542471605	156
0	1466	232.749542471605	156
0	1466	232.749542471605	156
0	1478	234.447165009916	157
0	1478	234.447165009916	157
0	1478	234.447165009916	157
0	1490	235.965197575163	158
0	1490	235.965197575163	158
0	1490	235.965197575163	158
0	1499	237.866806124454	159
0	1499	237.866806124454	159
0	1499	237.866806124454	159
0	1511	238.872603517376	160
0	1511	238.872603517376	160
0	1511	238.872603517376	160
1	2	0.388699293248	1
1	2	0.388699293248	2
1	2	0.388699293248	3
1	14	1.958404596299	4
1	14	1.958404596299	5
1	14	1.958404596299	6
1	26	3.461460546911	7
1	26	3.461460546911	8
1	26	3.461460546911	9
1	38	5.299348679273	10
1	38	5.299348679273	11
1	38	5.299348679273	12
1	50	6.399793570954	13
1	50	6.399793570954	14
1	50	6.399793570954	15
1	62	7.78710303711	16
1	62	7.78710303711	17
1	62	7.78710303711	18
1	74	9.103907806025	19
1	74	9.103907806025	20
1	74	9.103907806025	21
1	86	10.958013598477	22
1	86	10.958013598477	23
1	86	10.958013598477	24
1	98	12.554774244123	25
1	98	12.554774244123	26
1	98	12.554774244123	27
1	110	14.238276560116	28
1	110	14.238276560116	29
1	110	14.238276560116	30
1	122	15.926814485097	31
1	122	15.926814485097	32
1	122	15.926814485097	33
1	129	17.58950187909	34
1	129	17.58950187909	35
1	129	17.58950187909	36
1	141	19.248402968962	37
1	141	19.248402968962	38
1	141	19.248402968962	39
1	153	20.914990480857	40
1	153	20.914990480857	41
1	153	20.914990480857	42
1	165	22.854880282711	43
1	165	22.854880282711	44
1	165	22.854880282711	45
1	177	24.373086587032	46
1	177	24.373086587032	47
1	177	24.373086587032	48
1	191	27.690107698269	49
1	191	27.690107698269	50
1	191	27.690107698269	51
1	203	28.844913839035	52
1	203	28.844913839035	53
1	203	28.844913839035	54
1	215	30.591873376149	55
1	215	30.591873376149	56
1	215	30.591873376149	57
1	227	31.81469886294	58
1	227	31.81469886294	59
1	227	31.81469886294	60
1	239	33.000786342504	61
1	239	33.000786342504	62
1	239	33.000786342504	63
1	251	34.122550438816	64
1	251	34.122550438816	65
1	251	34.122550438816	66
1	261	36.011681004706	67
1	261	36.011681004706	68
1	261	36.011681004706	69
1	275	39.195174610297	70
1	275	39.195174610297	71
1	275	39.195174610297	72
1	289	41.683834355454	73
1	289	41.683834355454	74
1	289	41.683834355454	75
1	301	43.022623429055	76
1	301	43.022623429055	77
1	301	43.022623429055	78
1	308	44.555684380928	79
1	308	44.555684380928	80
1	308	44.555684380928	81
1	320	45.640096472826	82
1	320	45.640096472826	83
1	320	45.640096472826	84
1	332	47.179048816239	85
1	332	47.179048816239	86
1	332	47.179048816239	87
1	344	48.455451838347	88
1	344	48.455451838347	89
1	344	48.455451838347	90
1	351	50.137895202693	91
1	351	50.137895202693	92
1	351	50.137895202693	93
1	363	51.947272820122	94
1	363	51.947272820122	95
1	363	51.947272820122	96
1	375	53.740938538291	97
1	375	53.740938538291	98
1	375	53.740938538291	99
1	387	55.22749638547	100
1	387	55.22749638547	101
1	387	55.22749638547	102
1	399	56.664515313591	103
1	399	56.664515313591	104
1	399	56.664515313591	105
1	411	58.607830607326	106
1	411	58.607830607326	107
1	411	58.607830607326	108
1	423	60.274830011289	109
1	423	60.274830011289	110
1	423	60.274830011289	111
1	435	61.920016777359	112
1	435	61.920016777359	113
1	435	61.920016777359	114
1	449	65.142279205736	115
1	449	65.142279205736	116
1	449	65.142279205736	117
1	463	67.889042621299	118
1	463	67.889042621299	119
1	463	67.889042621299	120
1	475	71.145416178126	121
1	475	71.145416178126	122
1	475	71.145416178126	123
1	487	72.636619891976	124
1	487	72.636619891976	125
1	487	72.636619891976	126
1	499	74.499954236037	127
1	499	74.499954236037	128
1	499	74.499954236037	129
1	511	76.514784518128	130
1	511	76.514784518128	131
1	511	76.514784518128	132
1	523	78.00251450994	133
1	523	78.00251450994	134
1	523	78.00251450994	135
1	528	79.780907908576	136
1	528	79.780907908576	137
1	528	79.780907908576	138
1	537	82.841673245902	139
1	537	82.841673245902	140
1	537	82.841673245902	141
1	546	86.227490262156	142
1	546	86.227490262156	143
1	546	86.227490262156	144
1	558	87.944866604308	145
1	558	87.944866604308	146
1	558	87.944866604308	147
1	570	89.246660441099	148
1	570	89.246660441099	149
1	570	89.246660441099	150
1	582	90.369545947987	151
1	582	90.369545947987	152
1	582	90.369545947987	153
1	587	92.213249335988	154
1	587	92.213249335988	155
1	587	92.213249335988	156
1	599	93.832679809873	157
1	599	93.832679809873	158
1	599	93.832679809873	159
1	611	95.518427352557	160
1	611	95.518427352557	161
1	611	95.518427352557	162
1	625	98.573687242955	163
1	625	98.573687242955	164
1	625	98.573687242955	165
1	637	99.725619948982	166
1	637	99.725619948982	167
1	637	99.725619948982	168
1	651	102.653141680912	169
1	651	102.653141680912	170
1	651	102.653141680912	171
1	663	103.899650535454	172
1	663	103.899650535454	173
1	663	103.899650535454	174
1	677	106.336923143126	175
1	677	106.336923143126	176
1	677	106.336923143126	177
1	689	108.171579273041	178
1	689	108.171579273041	179
1	689	108.171579273041	180
1	696	109.200116108983	181
1	696	109.200116108983	182
1	696	109.200116108983	183
1	708	110.75932705518	184
1	708	110.75932705518	185
1	708	110.75932705518	186
1	720	112.388774794283	187
1	720	112.388774794283	188
1	720	112.388774794283	189
1	734	114.449773760573	190
1	734	114.449773760573	191
1	734	114.449773760573	192
1	746	115.877204020118	193
1	746	115.877204020118	194
1	746	115.877204020118	195
1	762	120.746504319709	196
1	762	120.746504319709	197
1	762	120.746504319709	198
1	774	121.873900539643	199
1	774	121.873900539643	200
1	774	121.873900539643	201
1	786	122.987499999491	202
1	786	122.987499999491	203
1	786	122.987499999491	204
1	798	124.120793247344	205
1	798	124.120793247344	206
1	798	124.120793247344	207
1	808	125.417685067305	208
1	808	125.417685067305	209
1	808	125.417685067305	210
1	820	127.182908688493	211
1	820	127.182908688493	212
1	820	127.182908688493	213
1	827	128.483102730518	214
1	827	128.483102730518	215
1	827	128.483102730518	216
1	839	129.760479253901	217
1	839	129.760479253901	218
1	839	129.760479253901	219
1	851	131.572819214701	220
1	851	131.572819214701	221
1	851	131.572819214701	222
1	865	134.81928172695	223
1	865	134.81928172695	224
1	865	134.81928172695	225
1	876	137.878115423209	226
1	876	137.878115423209	227
1	876	137.878115423209	228
1	885	142.608496005824	229
1	885	142.608496005824	230
1	885	142.608496005824	231
1	897	143.981534347637	232
1	897	143.981534347637	233
1	897	143.981534347637	234
1	909	145.495591305054	235
1	909	145.495591305054	236
1	909	145.495591305054	237
1	921	146.996750348892	238
1	921	146.996750348892	239
1	921	146.996750348892	240
1	935	150.399169595065	241
1	935	150.399169595065	242
1	935	150.399169595065	243
1	942	153.407200886649	244
1	942	153.407200886649	245
1	942	153.407200886649	246
1	954	154.470069691816	247
1	954	154.470069691816	248
1	954	154.470069691816	249
1	966	155.479256289865	250
1	966	155.479256289865	251
1	966	155.479256289865	252
1	978	157.461107148358	253
1	978	157.461107148358	254
1	978	157.461107148358	255
1	990	158.867090520051	256
1	990	158.867090520051	257
1	990	158.867090520051	258
1	1000	160.136032690845	259
1	1000	160.136032690845	260
1	1000	160.136032690845	261
1	1011	162.783484411572	262
1	1011	162.783484411572	263
1	1011	162.783484411572	264
1	1023	164.422376165014	265
1	1023	164.422376165014	266
1	1023	164.422376165014	267
1	1035	166.308926313567	268
1	1035	166.308926313567	269
1	1035	166.308926313567	270
1	1040	167.931205269802	271
1	1040	167.931205269802	272
1	1040	167.931205269802	273
1	1052	169.159386284469	274
1	1052	169.159386284469	275
1	1052	169.159386284469	276
1	1062	171.175530563406	277
1	1062	171.175530563406	278
1	1062	171.175530563406	279
1	1074	172.651406390519	280
1	1074	172.651406390519	281
1	1074	172.651406390519	282
1	1086	173.961384599127	283
1	1086	173.961384599127	284
1	1086	173.961384599127	285
1	1093	175.771748911887	286
1	1093	175.771748911887	287
1	1093	175.771748911887	288
1	1105	177.665479399251	289
1	1105	177.665479399251	290
1	1105	177.665479399251	291
1	1119	181.271381406762	292
1	1119	181.271381406762	293
1	1119	181.271381406762	294
1	1131	182.836643567296	295
1	1131	182.836643567296	296
1	1131	182.836643567296	297
1	1143	183.926387807113	298
1	1143	183.926387807113	299
1	1143	183.926387807113	300
1	1155	185.292789721206	301
1	1155	185.292789721206	302
1	1155	185.292789721206	303
1	1167	186.943930243227	304
1	1167	186.943930243227	305
1	1167	186.943930243227	306
1	1179	188.12692039596	307
1	1179	188.12692039596	308
1	1179	188.12692039596	309
1	1189	189.715117682822	310
1	1189	189.715117682822	311
1	1189	189.715117682822	312
1	1201	190.903911088603	313
1	1201	190.903911088603	314
1	1201	190.903911088603	315
1	1217	195.608727993175	316
1	1217	195.608727993175	317
1	1217	195.608727993175	318
1	1229	197.361083156067	319
1	1229	197.361083156067	320
1	1229	197.361083156067	321
1	1241	198.691086877558	322
1	1241	198.691086877558	323
1	1241	198.691086877558	324
1	1253	200.514026712427	325
1	1253	200.514026712427	326
1	1253	200.514026712427	327
1	1265	202.32057865454	328
1	1265	202.32057865454	329
1	1265	202.32057865454	330
1	1277	203.487148385684	331
1	1277	203.487148385684	332
1	1277	203.487148385684	333
1	1289	205.438684268758	334
1	1289	205.438684268758	335
1	1289	205.438684268758	336
1	1299	206.580944897848	337
1	1299	206.580944897848	338
1	1299	206.580944897848	339
1	1311	207.684940621674	340
1	1311	207.684940621674	341
1	1311	207.684940621674	342
1	1325	210.619944479204	343
1	1325	210.619944479204	344
1	1325	210.619944479204	345
1	1337	211.734691626729	346
1	1337	211.734691626729	347
1	1337	211.734691626729	348
1	1351	214.781391708775	349
1	1351	214.781391708775	350
1	1351	214.781391708775	351
1	1363	216.270830143456	352
1	1363	216.270830143456	353
1	1363	216.270830143456	354
1	1375	217.21307443672	355
1	1375	217.21307443672	356
1	1375	217.21307443672	357
1	1387	218.828511864952	358
1	1387	218.828511864952	359
1	1387	218.828511864952	360
1	1401	221.109498018926	361
1	1401	221.109498018926	362
1	1401	221.109498018926	363
1	1413	222.407653315879	364
1	1413	222.407653315879	365
1	1413	222.407653315879	366
1	1431	228.012952228668	367
1	1431	228.012952228668	368
1	1431	228.012952228668	369
1	1443	229.250276799897	370
1	1443	229.250276799897	371
1	1443	229.250276799897	372
1	1455	231.058932118816	373
1	1455	231.058932118816	374
1	1455	231.058932118816	375
1	1467	232.865046047186	376
1	1467	232.865046047186	377
1	1467	232.865046047186	378
1	1479	234.725652428687	379
1	1479	234.725652428687	380
1	1479	234.725652428687	381
1	1491	236.154447034654	382
1	1491	236.154447034654	383
1	1491	236.154447034654	384
1	1500	238.032476949988	385
1	1500	238.032476949988	386
1	1500	238.032476949988	387
1	1512	239.126635232508	388
1	1512	239.126635232508	389
1	1512	239.126635232508	390
2	2	0.388699293248	1
2	11	1.129524535911	2
2	14	1.958404596299	3
2	20	2.357261023789	4
2	21	2.361775966987	5
2	26	3.461460546911	6
2	36	4.170183351943	7
2	38	5.299348679273	8
2	42	5.796493254061	9
2	48	6.181299186574	10
2	50	6.399793570954	11
2	54	6.646176483067	12
2	58	6.818702652617	13
2	62	7.78710303711	14
2	68	8.207034824276	15
2	69	8.211172347362	16
2	74	9.103907806025	17
2	78	9.422111336854	18
2	80	9.440441337622	19
2	86	10.958013598477	20
2	98	12.554774244123	21
2	103	12.904195364344	22
2	106	12.991451477679	23
2	110	14.238276560116	24
2	116	14.619304187871	25
2	122	15.926814485097	26
2	125	16.179793774627	27
2	129	17.58950187909	28
2	133	17.969394442227	29
2	135	18.025787769785	30
2	141	19.248402968962	31
2	145	19.685820239838	32
2	153	20.914990480857	33
2	158	21.266151890243	34
2	165	22.854880282711	35
2	168	23.129954793814	36
2	171	23.274605798202	37
2	177	24.373086587032	38
2	181	24.674159296159	39
2	183	24.790803472169	40
2	191	27.690107698269	41
2	195	27.940858114139	42
2	201	28.513765857392	43
2	203	28.844913839035	44
2	205	29.098991798859	45
2	209	29.38569225598	46
2	215	30.591873376149	47
2	219	30.902332990186	48
2	227	31.81469886294	49
2	231	32.194704408237	50
2	237	32.591936017719	51
2	239	33.000786342504	52
2	246	33.513917285695	53
2	251	34.122550438816	54
2	261	36.011681004706	55
2	266	36.38112821411	56
2	267	36.412137753688	57
2	275	39.195174610297	58
2	279	39.548691517032	59
2	282	39.675076722162	60
2	289	41.683834355454	61
2	293	41.94346258242	62
2	301	43.022623429055	63
2	305	43.359807984485	64
2	308	44.555684380928	65
2	312	44.968385191065	66
2	320	45.640096472826	67
2	324	45.968436753499	68
2	332	47.179048816239	69
2	337	47.525027092461	70
2	339	47.600423416529	71
2	344	48.455451838347	72
2	348	48.732596689	73
2	351	50.137895202693	74
2	355	50.436796634521	75
2	360	51.031420009325	76
2	363	51.947272820122	77
2	368	52.43514547516	78
2	369	52.457876058827	79
2	375	53.740938538291	80
2	380	54.054373066073	81
2	384	54.456490937275	82
2	387	55.22749638547	83
2	391	55.565020136924	84
2	397	56.076910796501	85
2	399	56.664515313591	86
2	404	57.028273874327	87
2	411	58.607830607326	88
2	416	58.945827916528	89
2	421	59.268263024122	90
2	423	60.274830011289	91
2	428	60.679268274872	92
2	432	60.949453966866	93
2	435	61.920016777359	94
2	440	62.431882067695	95
2	449	65.142279205736	96
2	453	65.521791852687	97
2	463	67.889042621299	98
2	468	68.405443927254	99
2	475	71.145416178126	100
2	479	71.605990721242	101
2	481	71.72627336988	102
2	487	72.636619891976	103
2	491	73.021380567162	104
2	494	73.164182461765	105
2	499	74.499954236037	106
2	504	74.901523024337	107
2	508	75.163026644238	108
2	511	76.514784518128	109
2	514	76.77541252678	110
2	520	77.078893985466	111
2	523	78.00251450994	112
2	528	79.780907908576	113
2	537	82.841673245902	114
2	542	83.180986989352	115
2	546	86.227490262156	116
2	550	86.553948818755	117
2	558	87.944866604308	118
2	563	88.316937202263	119
2	564	88.381613071515	120
2	570	89.246660441099	121
2	574	89.557768685658	122
2	577	89.666795466686	123
2	582	90.369545947987	124
2	587	92.213249335988	125
2	591	92.5839317014	126
2	597	93.098533823051	127
2	599	93.832679809873	128
2	603	94.179796087485	129
2	606	94.268060511026	130
2	611	95.518427352557	131
2	615	95.830508997576	132
2	616	95.835109610724	133
2	625	98.573687242955	134
2	632	99.035982001174	135
2	637	99.725619948982	136
2	642	100.170798757415	137
2	651	102.653141680912	138
2	655	102.977822823965	139
2	657	103.010211927198	140
2	663	103.899650535454	141
2	667	104.196612025349	142
2	677	106.336923143126	143
2	682	106.696981927034	144
2	683	106.751508956776	145
2	689	108.171579273041	146
2	693	108.533996864834	147
2	696	109.200116108983	148
2	701	109.646100805654	149
2	706	110.169204066616	150
2	708	110.75932705518	151
2	714	111.244112182063	152
2	720	112.388774794283	153
2	724	112.713633004307	154
2	726	112.805725900509	155
2	734	114.449773760573	156
2	738	114.740281607268	157
2	741	114.863836568764	158
2	746	115.877204020118	159
2	750	116.223321808143	160
2	752	116.285254105608	161
2	762	120.746504319709	162
2	768	121.245680640264	163
2	774	121.873900539643	164
2	781	122.376829012042	165
2	786	122.987499999491	166
2	790	123.337553855186	167
2	793	123.487902832337	168
2	798	124.120793247344	169
2	802	124.44981710664	170
2	808	125.417685067305	171
2	820	127.182908688493	172
2	824	127.526093429802	173
2	827	128.483102730518	174
2	831	128.806511252286	175
2	832	128.822256309561	176
2	839	129.760479253901	177
2	844	130.089943611401	178
2	846	130.252655738544	179
2	851	131.572819214701	180
2	856	131.875839560091	181
2	865	134.81928172695	182
2	870	135.137142824564	183
2	871	135.168110305784	184
2	876	137.878115423209	185
2	885	142.608496005824	186
2	889	142.923636878603	187
2	890	142.972738227873	188
2	897	143.981534347637	189
2	906	144.909574137151	190
2	909	145.495591305054	191
2	921	146.996750348892	192
2	926	147.29125557312	193
2	927	147.347155762649	194
2	935	150.399169595065	195
2	942	153.407200886649	196
2	946	153.769101537591	197
2	947	153.769421938867	198
2	954	154.470069691816	199
2	963	155.303457553982	200
2	966	155.479256289865	201
2	970	155.852601676272	202
2	972	155.946409621749	203
2	978	157.461107148358	204
2	984	157.859081973161	205
2	985	157.871321816992	206
2	990	158.867090520051	207
2	995	159.233163691815	208
2	1000	160.136032690845	209
2	1005	160.434953874728	210
2	1007	160.612369341111	211
2	1011	162.783484411572	212
2	1017	163.325921257096	213
2	1023	164.422376165014	214
2	1028	164.811275608669	215
2	1029	164.905492977094	216
2	1035	166.308926313567	217
2	1040	167.931205269802	218
2	1045	168.271548188625	219
2	1046	168.327291570337	220
2	1052	169.159386284469	221
2	1057	169.644384931218	222
2	1062	171.175530563406	223
2	1071	171.699058803899	224
2	1074	172.651406390519	225
2	1079	172.996318038433	226
2	1086	173.961384599127	227
2	1091	174.46007592712	228
2	1093	175.771748911887	229
2	1098	176.235559443209	230
2	1102	176.462513217816	231
2	1105	177.665479399251	232
2	1109	177.968537520688	233
2	1111	177.995807836218	234
2	1119	181.271381406762	235
2	1123	181.648068750071	236
2	1124	181.75549827834	237
2	1131	182.836643567296	238
2	1137	183.218276487946	239
2	1138	183.228680463081	240
2	1143	183.926387807113	241
2	1148	184.291465551521	242
2	1151	184.438981093279	243
2	1155	185.292789721206	244
2	1159	185.636406205568	245
2	1167	186.943930243227	246
2	1171	187.4769513391	247
2	1179	188.12692039596	248
2	1189	189.715117682822	249
2	1194	190.130177640681	250
2	1195	190.198401457202	251
2	1201	190.903911088603	252
2	1204	191.163613719827	253
2	1208	191.398420764292	254
2	1217	195.608727993175	255
2	1222	196.118484733453	256
2	1226	196.421339866149	257
2	1229	197.361083156067	258
2	1235	197.865772816418	259
2	1241	198.691086877558	260
2	1245	199.008367100049	261
2	1248	199.179235049337	262
2	1253	200.514026712427	263
2	1259	200.92648130847	264
2	1265	202.32057865454	265
2	1274	202.883355669867	266
2	1277	203.487148385684	267
2	1289	205.438684268758	268
2	1294	205.873806501984	269
2	1299	206.580944897848	270
2	1304	207.020363409725	271
2	1311	207.684940621674	272
2	1316	208.07789917891	273
2	1317	208.098503473816	274
2	1325	210.619944479204	275
2	1330	210.950702814108	276
2	1331	210.951797798948	277
2	1337	211.734691626729	278
2	1341	212.134816934046	279
2	1344	212.204513501373	280
2	1351	214.781391708775	281
2	1355	215.15456673232	282
2	1361	215.477455071179	283
2	1363	216.270830143456	284
2	1367	216.635856992648	285
2	1375	217.21307443672	286
2	1380	217.688034559595	287
2	1385	217.975045541363	288
2	1387	218.828511864952	289
2	1391	219.20032893201	290
2	1393	219.319897963041	291
2	1401	221.109498018926	292
2	1406	221.640326162426	293
2	1410	221.947605267263	294
2	1413	222.407653315879	295
2	1417	222.765668265638	296
2	1420	222.877599150829	297
2	1431	228.012952228668	298
2	1434	228.263935417367	299
2	1437	228.458593845677	300
2	1443	229.250276799897	301
2	1451	229.784911059191	302
2	1452	229.799909538849	303
2	1455	231.058932118816	304
2	1462	231.5042229786	305
2	1467	232.865046047186	306
2	1473	233.293218347286	307
2	1479	234.725652428687	308
2	1487	235.268796975276	309
2	1491	236.154447034654	310
2	1495	236.651043493622	311
2	1497	236.705711123772	312
2	1500	238.032476949988	313
2	1505	238.318893521941	314
2	1512	239.126635232508	315
2	1517	239.504440711637	316
2	1521	239.582917959153	317
3	3	0.498721025653	1
3	16	2.112024268108	2
3	30	3.741435813042	3
3	53	6.564470886134	4
3	64	7.940995967186	5
3	75	9.240027999533	6
3	88	11.135262025916	7
3	101	12.742320236906	8
3	130	17.718907573249	9
3	142	19.402668080905	10
3	206	29.127398852148	11
3	217	30.733594178733	12
3	240	33.115324320159	13
3	263	36.231292757852	14
3	277	39.455160580151	15
3	292	41.923925057982	16
3	304	43.285034035019	17
3	322	45.838803677022	18
3	333	47.290742225434	19
3	346	48.668813761143	20
3	354	50.383807823381	21
3	377	53.967838875578	22
3	388	55.363227687024	23
3	401	56.880065545646	24
3	413	58.774323570403	25
3	424	60.409991641747	26
3	436	62.095083059372	27
3	451	65.327300796608	28
3	477	71.427519982776	29
3	489	72.869687424379	30
3	500	74.615834546796	31
3	513	76.688137978329	32
3	526	78.287353747813	33
3	529	79.919627555805	34
3	540	83.042578811384	35
3	573	89.467864060872	36
3	584	90.567678925962	37
3	590	92.488754113375	38
3	600	93.943675379144	39
3	612	95.630473993242	40
3	640	100.009913325483	41
3	653	102.845066214302	42
3	666	104.186021256431	43
3	692	108.468863949581	44
3	698	109.42109507569	45
3	709	110.945938944315	46
3	723	112.643335002178	47
3	737	114.732670628033	48
3	747	116.052886796663	49
3	764	121.021819845436	50
3	787	123.11368037596	51
3	801	124.360651578545	52
3	810	125.556795616476	53
3	822	127.370549760212	54
3	830	128.692828442697	55
3	841	129.926584125022	56
3	854	131.860633278815	57
3	868	135.071629252713	58
3	878	138.083620195739	59
3	887	142.799993149915	60
3	898	144.127736838344	61
3	911	145.694637813612	62
3	925	147.249608635262	63
3	938	150.612863012965	64
3	945	153.701900591692	65
3	957	154.760712844117	66
3	968	155.711830880568	67
3	981	157.739446762372	68
3	992	159.005149687214	69
3	1002	160.287242072559	70
3	1013	162.969989213459	71
3	1024	164.597393264124	72
3	1037	166.446057036073	73
3	1042	168.10928982013	74
3	1053	169.328609838717	75
3	1065	171.411766568517	76
3	1076	172.825182512632	77
3	1088	174.119441190913	78
3	1094	175.897257467925	79
3	1108	177.90954741445	80
3	1145	184.096458624705	81
3	1157	185.516596925937	82
3	1168	187.177513047167	83
3	1180	188.274954997404	84
3	1192	189.987246529588	85
3	1205	191.167082090399	86
3	1219	195.841727703511	87
3	1230	197.507914231414	88
3	1244	198.953257971901	89
3	1256	200.796688313813	90
3	1268	202.599328241643	91
3	1290	205.566975221819	92
3	1313	207.928948495863	93
3	1339	211.906929821702	94
3	1354	215.032315621116	95
3	1366	216.462495213923	96
3	1378	217.505246915488	97
3	1389	219.046318028466	98
3	1403	221.344427475218	99
3	1416	222.649944631487	100
3	1433	228.224570353001	101
3	1444	229.441023466542	102
3	1457	231.299114987706	103
3	1470	233.137862678221	104
3	1481	234.906474701279	105
3	1502	238.201886370509	106
3	1514	239.388899037205	107
4	5	0.55614248112	1
4	5	0.55614248112	2
4	17	2.169943238669	3
4	17	2.169943238669	4
4	27	3.587618946251	5
4	27	3.587618946251	6
4	44	6.029095522379	7
4	44	6.029095522379	8
4	52	6.534498999091	9
4	52	6.534498999091	10
4	65	7.998458250756	11
4	65	7.998458250756	12
4	76	9.240370311271	13
4	76	9.240370311271	14
4	89	11.213027879349	15
4	89	11.213027879349	16
4	99	12.709809369555	17
4	99	12.709809369555	18
4	112	14.399386759557	19
4	112	14.399386759557	20
4	131	17.754358267293	21
4	131	17.754358267293	22
4	144	19.511752955306	23
4	144	19.511752955306	24
4	154	21.03183037364	25
4	154	21.03183037364	26
4	167	23.125777754609	27
4	167	23.125777754609	28
4	180	24.584133611829	29
4	180	24.584133611829	30
4	197	28.285340355621	31
4	197	28.285340355621	32
4	207	29.131988531829	33
4	207	29.131988531829	34
4	216	30.706452684936	35
4	216	30.706452684936	36
4	228	32.081850802078	37
4	228	32.081850802078	38
4	242	33.294274435439	39
4	242	33.294274435439	40
4	264	36.286509321115	41
4	264	36.286509321115	42
4	278	39.47627503425	43
4	278	39.47627503425	44
4	291	41.845875417193	45
4	291	41.845875417193	46
4	303	43.241396247999	47
4	303	43.241396247999	48
4	310	44.786579597505	49
4	310	44.786579597505	50
4	321	45.815679162315	51
4	321	45.815679162315	52
4	335	47.385086963087	53
4	335	47.385086963087	54
4	359	50.802648807287	55
4	359	50.802648807287	56
4	364	52.173218575277	57
4	364	52.173218575277	58
4	376	53.859614160023	59
4	376	53.859614160023	60
4	394	55.81391598705	61
4	394	55.81391598705	62
4	400	56.825792758941	63
4	400	56.825792758941	64
4	412	58.723075750105	65
4	412	58.723075750105	66
4	431	60.830749778295	67
4	431	60.830749778295	68
4	437	62.190728559494	69
4	437	62.190728559494	70
4	452	65.394197519691	71
4	452	65.394197519691	72
4	478	71.44350766168	73
4	478	71.44350766168	74
4	488	72.857879837158	75
4	488	72.857879837158	76
4	506	74.955135478752	77
4	506	74.955135478752	78
4	515	76.794776873772	79
4	515	76.794776873772	80
4	531	80.053637790613	81
4	531	80.053637790613	82
4	539	83.0275123915	83
4	539	83.0275123915	84
4	547	86.357946398137	85
4	547	86.357946398137	86
4	559	88.086783429327	87
4	559	88.086783429327	88
4	571	89.440220173743	89
4	571	89.440220173743	90
4	593	92.855925769944	91
4	593	92.855925769944	92
4	602	94.034721214223	93
4	602	94.034721214223	94
4	614	95.675342244805	95
4	614	95.675342244805	96
4	628	98.786532832816	97
4	628	98.786532832816	98
4	639	99.970769707757	99
4	639	99.970769707757	100
4	652	102.839940042731	101
4	652	102.839940042731	102
4	664	104.018186820432	103
4	664	104.018186820432	104
4	678	106.531983715867	105
4	678	106.531983715867	106
4	690	108.315239893559	107
4	690	108.315239893559	108
4	704	109.872613504998	109
4	704	109.872613504998	110
4	711	111.013488972575	111
4	711	111.013488972575	112
4	722	112.579215769834	113
4	722	112.579215769834	114
4	735	114.593720372242	115
4	735	114.593720372242	116
4	749	116.115448625103	117
4	749	116.115448625103	118
4	765	121.044053632476	119
4	765	121.044053632476	120
4	775	122.086550118172	121
4	775	122.086550118172	122
4	788	123.178962268341	123
4	788	123.178962268341	124
4	809	125.528168909019	125
4	809	125.528168909019	126
4	821	127.338778250334	127
4	821	127.338778250334	128
4	828	128.646689752544	129
4	828	128.646689752544	130
4	842	129.973862316581	131
4	842	129.973862316581	132
4	852	131.756933157028	133
4	852	131.756933157028	134
4	866	134.935544278373	135
4	866	134.935544278373	136
4	888	142.812980951097	137
4	888	142.812980951097	138
4	905	144.799349543585	139
4	905	144.799349543585	140
4	910	145.686918424393	141
4	910	145.686918424393	142
4	922	147.126017588842	143
4	922	147.126017588842	144
4	943	153.545480420012	145
4	943	153.545480420012	146
4	956	154.685787006763	147
4	956	154.685787006763	148
4	969	155.746065298908	149
4	969	155.746065298908	150
4	979	157.671354713954	151
4	979	157.671354713954	152
4	991	158.977582142712	153
4	991	158.977582142712	154
4	1001	160.249208653459	155
4	1001	160.249208653459	156
4	1012	162.95447941133	157
4	1012	162.95447941133	158
4	1026	164.683105598806	159
4	1026	164.683105598806	160
4	1041	168.068177561493	161
4	1041	168.068177561493	162
4	1066	171.465912173429	163
4	1066	171.465912173429	164
4	1075	172.771345850249	165
4	1075	172.771345850249	166
4	1099	176.307025118893	167
4	1099	176.307025118893	168
4	1106	177.780917633931	169
4	1106	177.780917633931	170
4	1121	181.513271722702	171
4	1121	181.513271722702	172
4	1133	182.98528592524	173
4	1133	182.98528592524	174
4	1146	184.158836860255	175
4	1146	184.158836860255	176
4	1158	185.519773534998	177
4	1158	185.519773534998	178
4	1170	187.227454966066	179
4	1170	187.227454966066	180
4	1191	189.962172864227	181
4	1191	189.962172864227	182
4	1203	191.156722765118	183
4	1203	191.156722765118	184
4	1220	195.870510160971	185
4	1220	195.870510160971	186
4	1231	197.627024991208	187
4	1231	197.627024991208	188
4	1243	198.904944681569	189
4	1243	198.904944681569	190
4	1254	200.686697178961	191
4	1254	200.686697178961	192
4	1266	202.440640542399	193
4	1266	202.440640542399	194
4	1284	204.229095693262	195
4	1284	204.229095693262	196
4	1300	206.758434682599	197
4	1300	206.758434682599	198
4	1312	207.819523668618	199
4	1312	207.819523668618	200
4	1327	210.805532509246	201
4	1327	210.805532509246	202
4	1338	211.857514601721	203
4	1338	211.857514601721	204
4	1357	215.334224733953	205
4	1357	215.334224733953	206
4	1365	216.452862157604	207
4	1365	216.452862157604	208
4	1377	217.397710796496	209
4	1377	217.397710796496	210
4	1388	219.03641765962	211
4	1388	219.03641765962	212
4	1409	221.833164955085	213
4	1409	221.833164955085	214
4	1415	222.646564982235	215
4	1415	222.646564982235	216
4	1435	228.268865175641	217
4	1435	228.268865175641	218
4	1445	229.50509267188	219
4	1445	229.50509267188	220
4	1456	231.261567981555	221
4	1456	231.261567981555	222
4	1468	233.054941842849	223
4	1468	233.054941842849	224
4	1482	234.97061979784	225
4	1482	234.97061979784	226
4	1493	236.377630807965	227
4	1493	236.377630807965	228
4	1501	238.153059648534	229
4	1501	238.153059648534	230
4	1513	239.239623501872	231
4	1513	239.239623501872	232
5	5	0.55614248112	1
5	10	0.978744566757	2
5	17	2.169943238669	3
5	27	3.587618946251	4
5	44	6.029095522379	5
5	52	6.534498999091	6
5	60	6.879419065506	7
5	65	7.998458250756	8
5	70	8.236565095689	9
5	76	9.240370311271	10
5	83	9.644420536514	11
5	89	11.213027879349	12
5	96	11.642644850517	13
5	99	12.709809369555	14
5	107	13.019544762355	15
5	112	14.399386759557	16
5	119	14.773827560707	17
5	131	17.754358267293	18
5	144	19.511752955306	19
5	151	19.881799201404	20
5	154	21.03183037364	21
5	161	21.463067300902	22
5	167	23.125777754609	23
5	180	24.584133611829	24
5	186	25.000691286283	25
5	197	28.285340355621	26
5	207	29.131988531829	27
5	212	29.463223081315	28
5	216	30.706452684936	29
5	224	31.135478732537	30
5	228	32.081850802078	31
5	235	32.559827726518	32
5	242	33.294274435439	33
5	248	33.68243665751	34
5	264	36.286509321115	35
5	271	36.740739858679	36
5	278	39.47627503425	37
5	285	39.797169034802	38
5	291	41.845875417193	39
5	298	42.197863863638	40
5	303	43.241396247999	41
5	310	44.786579597505	42
5	321	45.815679162315	43
5	335	47.385086963087	44
5	359	50.802648807287	45
5	364	52.173218575277	46
5	371	52.576384925159	47
5	376	53.859614160023	48
5	382	54.241927453292	49
5	394	55.81391598705	50
5	400	56.825792758941	51
5	409	57.259550321884	52
5	412	58.723075750105	53
5	418	59.102385918552	54
5	431	60.830749778295	55
5	437	62.190728559494	56
5	445	62.696494071739	57
5	452	65.394197519691	58
5	457	65.808896563674	59
5	478	71.44350766168	60
5	485	71.843909747401	61
5	488	72.857879837158	62
5	497	73.396687810013	63
5	506	74.955135478752	64
5	515	76.794776873772	65
5	531	80.053637790613	66
5	539	83.0275123915	67
5	547	86.357946398137	68
5	559	88.086783429327	69
5	568	88.512843157664	70
5	571	89.440220173743	71
5	579	89.873408950655	72
5	593	92.855925769944	73
5	602	94.034721214223	74
5	607	94.387512396519	75
5	614	95.675342244805	76
5	619	95.983469378787	77
5	628	98.786532832816	78
5	639	99.970769707757	79
5	647	100.368721307084	80
5	652	102.839940042731	81
5	661	103.264982425774	82
5	664	104.018186820432	83
5	669	104.428462222463	84
5	678	106.531983715867	85
5	687	106.885119634134	86
5	690	108.315239893559	87
5	704	109.872613504998	88
5	711	111.013488972575	89
5	716	111.443736949739	90
5	722	112.579215769834	91
5	728	112.913350818545	92
5	735	114.593720372242	93
5	749	116.115448625103	94
5	755	116.467169482667	95
5	765	121.044053632476	96
5	775	122.086550118172	97
5	783	122.575400623243	98
5	788	123.178962268341	99
5	794	123.713295628825	100
5	809	125.528168909019	101
5	818	125.921745840761	102
5	821	127.338778250334	103
5	828	128.646689752544	104
5	842	129.973862316581	105
5	849	130.518529530517	106
5	852	131.756933157028	107
5	860	132.082447595996	108
5	866	134.935544278373	109
5	888	142.812980951097	110
5	905	144.799349543585	111
5	910	145.686918424393	112
5	922	147.126017588842	113
5	931	147.54133323481	114
5	943	153.545480420012	115
5	951	154.078153487735	116
5	956	154.685787006763	117
5	962	155.218567254147	118
5	969	155.746065298908	119
5	974	156.093508700882	120
5	979	157.671354713954	121
5	986	157.897294932678	122
5	991	158.977582142712	123
5	1001	160.249208653459	124
5	1012	162.95447941133	125
5	1020	163.404304706514	126
5	1026	164.683105598806	127
5	1031	165.132130797765	128
5	1041	168.068177561493	129
5	1048	168.369070678643	130
5	1066	171.465912173429	131
5	1075	172.771345850249	132
5	1083	173.238561373168	133
5	1099	176.307025118893	134
5	1106	177.780917633931	135
5	1112	178.095823880228	136
5	1121	181.513271722702	137
5	1129	181.974241082144	138
5	1133	182.98528592524	139
5	1141	183.39794938472	140
5	1146	184.158836860255	141
5	1152	184.481116023907	142
5	1158	185.519773534998	143
5	1164	185.914363434039	144
5	1170	187.227454966066	145
5	1191	189.962172864227	146
5	1203	191.156722765118	147
5	1209	191.4140408013	148
5	1220	195.870510160971	149
5	1224	196.274452410405	150
5	1231	197.627024991208	151
5	1239	198.080001280206	152
5	1243	198.904944681569	153
5	1249	199.203403602328	154
5	1254	200.686697178961	155
5	1260	201.038855989816	156
5	1266	202.440640542399	157
5	1275	202.947083899515	158
5	1284	204.229095693262	159
5	1300	206.758434682599	160
5	1309	207.185229714544	161
5	1312	207.819523668618	162
5	1321	208.267427237898	163
5	1327	210.805532509246	164
5	1334	211.271306483713	165
5	1338	211.857514601721	166
5	1347	212.448709673233	167
5	1357	215.334224733953	168
5	1365	216.452862157604	169
5	1377	217.397710796496	170
5	1388	219.03641765962	171
5	1397	219.546999994273	172
5	1409	221.833164955085	173
5	1415	222.646564982235	174
5	1422	223.021861268991	175
5	1435	228.268865175641	176
5	1439	228.4854462033	177
5	1445	229.50509267188	178
5	1456	231.261567981555	179
5	1464	231.673623870201	180
5	1468	233.054941842849	181
5	1477	233.532436586484	182
5	1482	234.97061979784	183
5	1493	236.377630807965	184
5	1501	238.153059648534	185
5	1508	238.45333994997	186
5	1513	239.239623501872	187
5	1519	239.5502981553	188
6	7	0.741492819087	1
6	7	0.741492819087	2
6	7	0.741492819087	3
6	18	2.262896152353	4
6	18	2.262896152353	5
6	18	2.262896152353	6
6	31	3.749498441952	7
6	31	3.749498441952	8
6	31	3.749498441952	9
6	43	5.865811163855	10
6	43	5.865811163855	11
6	43	5.865811163855	12
6	55	6.658385131978	13
6	55	6.658385131978	14
6	55	6.658385131978	15
6	66	8.117949407934	16
6	66	8.117949407934	17
6	66	8.117949407934	18
6	79	9.425928909713	19
6	79	9.425928909713	20
6	79	9.425928909713	21
6	91	11.414522663737	22
6	91	11.414522663737	23
6	91	11.414522663737	24
6	102	12.847482230953	25
6	102	12.847482230953	26
6	102	12.847482230953	27
6	114	14.522702243559	28
6	114	14.522702243559	29
6	114	14.522702243559	30
6	134	17.996500119933	31
6	134	17.996500119933	32
6	134	17.996500119933	33
6	146	19.703037355994	34
6	146	19.703037355994	35
6	146	19.703037355994	36
6	159	21.339013191297	37
6	159	21.339013191297	38
6	159	21.339013191297	39
6	169	23.141132964901	40
6	169	23.141132964901	41
6	169	23.141132964901	42
6	182	24.763537036562	43
6	182	24.763537036562	44
6	182	24.763537036562	45
6	196	28.075652997368	46
6	196	28.075652997368	47
6	196	28.075652997368	48
6	208	29.1774350608	49
6	208	29.1774350608	50
6	208	29.1774350608	51
6	220	30.99242715606	52
6	220	30.99242715606	53
6	220	30.99242715606	54
6	232	32.281546652945	55
6	232	32.281546652945	56
6	232	32.281546652945	57
6	244	33.458605698926	58
6	244	33.458605698926	59
6	244	33.458605698926	60
6	255	34.490591895908	61
6	255	34.490591895908	62
6	255	34.490591895908	63
6	268	36.511405380254	64
6	268	36.511405380254	65
6	268	36.511405380254	66
6	280	39.60911487773	67
6	280	39.60911487773	68
6	280	39.60911487773	69
6	294	41.961947098825	70
6	294	41.961947098825	71
6	294	41.961947098825	72
6	313	45.03065920465	73
6	313	45.03065920465	74
6	313	45.03065920465	75
6	325	46.058296742126	76
6	325	46.058296742126	77
6	325	46.058296742126	78
6	336	47.449143030743	79
6	336	47.449143030743	80
6	336	47.449143030743	81
6	356	50.52799323577	82
6	356	50.52799323577	83
6	356	50.52799323577	84
6	367	52.417042230567	85
6	367	52.417042230567	86
6	367	52.417042230567	87
6	379	54.026661344137	88
6	379	54.026661344137	89
6	379	54.026661344137	90
6	392	55.644228147213	91
6	392	55.644228147213	92
6	392	55.644228147213	93
6	403	56.974534941876	94
6	403	56.974534941876	95
6	403	56.974534941876	96
6	415	58.849912839346	97
6	415	58.849912839346	98
6	415	58.849912839346	99
6	427	60.633923975901	100
6	427	60.633923975901	101
6	427	60.633923975901	102
6	442	62.457290433943	103
6	442	62.457290433943	104
6	442	62.457290433943	105
6	455	65.622441985651	106
6	455	65.622441985651	107
6	455	65.622441985651	108
6	467	68.37219788715	109
6	467	68.37219788715	110
6	467	68.37219788715	111
6	480	71.612488542321	112
6	480	71.612488542321	113
6	480	71.612488542321	114
6	492	73.113640971204	115
6	492	73.113640971204	116
6	492	73.113640971204	117
6	503	74.783197415417	118
6	503	74.783197415417	119
6	503	74.783197415417	120
6	516	76.795735148323	121
6	516	76.795735148323	122
6	516	76.795735148323	123
6	551	86.580877197683	124
6	551	86.580877197683	125
6	551	86.580877197683	126
6	562	88.275783931227	127
6	562	88.275783931227	128
6	562	88.275783931227	129
6	575	89.576376094114	130
6	575	89.576376094114	131
6	575	89.576376094114	132
6	592	92.743531054792	133
6	592	92.743531054792	134
6	592	92.743531054792	135
6	604	94.23034276378	136
6	604	94.23034276378	137
6	604	94.23034276378	138
6	617	95.866612337566	139
6	617	95.866612337566	140
6	617	95.866612337566	141
6	631	98.928089520334	142
6	631	98.928089520334	143
6	631	98.928089520334	144
6	641	100.083264625425	145
6	641	100.083264625425	146
6	641	100.083264625425	147
6	656	102.983368514793	148
6	656	102.983368514793	149
6	656	102.983368514793	150
6	668	104.307795424853	151
6	668	104.307795424853	152
6	668	104.307795424853	153
6	681	106.667094332772	154
6	681	106.667094332772	155
6	681	106.667094332772	156
6	700	109.601888111726	157
6	700	109.601888111726	158
6	700	109.601888111726	159
6	715	111.29025457448	160
6	715	111.29025457448	161
6	715	111.29025457448	162
6	725	112.802759375317	163
6	725	112.802759375317	164
6	725	112.802759375317	165
6	739	114.758195585515	166
6	739	114.758195585515	167
6	739	114.758195585515	168
6	751	116.252567026933	169
6	751	116.252567026933	170
6	751	116.252567026933	171
6	766	121.166936949539	172
6	766	121.166936949539	173
6	766	121.166936949539	174
6	779	122.359365700019	175
6	779	122.359365700019	176
6	779	122.359365700019	177
6	792	123.461923991456	178
6	792	123.461923991456	179
6	792	123.461923991456	180
6	803	124.455639107216	181
6	803	124.455639107216	182
6	803	124.455639107216	183
6	813	125.73451409471	184
6	813	125.73451409471	185
6	813	125.73451409471	186
6	834	128.874411233306	187
6	834	128.874411233306	188
6	834	128.874411233306	189
6	845	130.237870571497	190
6	845	130.237870571497	191
6	845	130.237870571497	192
6	855	131.869548985291	193
6	855	131.869548985291	194
6	855	131.869548985291	195
6	891	143.018760609447	196
6	891	143.018760609447	197
6	891	143.018760609447	198
6	902	144.501900716501	199
6	902	144.501900716501	200
6	902	144.501900716501	201
6	913	145.80899025554	202
6	913	145.80899025554	203
6	913	145.80899025554	204
6	928	147.359402922177	205
6	928	147.359402922177	206
6	928	147.359402922177	207
6	948	153.840060827592	208
6	948	153.840060827592	209
6	948	153.840060827592	210
6	959	154.984846946846	211
6	959	154.984846946846	212
6	959	154.984846946846	213
6	973	155.956486662875	214
6	973	155.956486662875	215
6	973	155.956486662875	216
6	982	157.782401770963	217
6	982	157.782401770963	218
6	982	157.782401770963	219
6	994	159.114867471585	220
6	994	159.114867471585	221
6	994	159.114867471585	222
6	1015	163.119835574915	223
6	1015	163.119835574915	224
6	1015	163.119835574915	225
6	1030	164.959742133856	226
6	1030	164.959742133856	227
6	1030	164.959742133856	228
6	1044	168.192622098458	229
6	1044	168.192622098458	230
6	1044	168.192622098458	231
6	1056	169.607707367352	232
6	1056	169.607707367352	233
6	1056	169.607707367352	234
6	1064	171.410462234751	235
6	1064	171.410462234751	236
6	1064	171.410462234751	237
6	1078	172.967498284861	238
6	1078	172.967498284861	239
6	1078	172.967498284861	240
6	1097	176.188799840095	241
6	1097	176.188799840095	242
6	1097	176.188799840095	243
6	1110	177.973490678888	244
6	1110	177.973490678888	245
6	1110	177.973490678888	246
6	1125	181.763644765021	247
6	1125	181.763644765021	248
6	1125	181.763644765021	249
6	1135	183.187768567406	250
6	1135	183.187768567406	251
6	1135	183.187768567406	252
6	1147	184.281494037242	253
6	1147	184.281494037242	254
6	1147	184.281494037242	255
6	1160	185.681754593662	256
6	1160	185.681754593662	257
6	1160	185.681754593662	258
6	1172	187.50455683638	259
6	1172	187.50455683638	260
6	1172	187.50455683638	261
6	1184	188.671112116788	262
6	1184	188.671112116788	263
6	1184	188.671112116788	264
6	1193	190.071695359138	265
6	1193	190.071695359138	266
6	1193	190.071695359138	267
6	1206	191.237854595639	268
6	1206	191.237854595639	269
6	1206	191.237854595639	270
6	1221	196.041417444781	271
6	1221	196.041417444781	272
6	1221	196.041417444781	273
6	1236	197.8679055904	274
6	1236	197.8679055904	275
6	1236	197.8679055904	276
6	1246	199.055265379447	277
6	1246	199.055265379447	278
6	1246	199.055265379447	279
6	1257	200.892596511106	280
6	1257	200.892596511106	281
6	1257	200.892596511106	282
6	1269	202.670006066662	283
6	1269	202.670006066662	284
6	1269	202.670006066662	285
6	1282	204.029003853899	286
6	1282	204.029003853899	287
6	1282	204.029003853899	288
6	1293	205.845063307848	289
6	1293	205.845063307848	290
6	1293	205.845063307848	291
6	1303	206.964382514659	292
6	1303	206.964382514659	293
6	1303	206.964382514659	294
6	1315	208.062578661398	295
6	1315	208.062578661398	296
6	1315	208.062578661398	297
6	1332	211.049107580003	298
6	1332	211.049107580003	299
6	1332	211.049107580003	300
6	1342	212.153978752965	301
6	1342	212.153978752965	302
6	1342	212.153978752965	303
6	1356	215.213178627762	304
6	1356	215.213178627762	305
6	1356	215.213178627762	306
6	1368	216.660656705032	307
6	1368	216.660656705032	308
6	1368	216.660656705032	309
6	1379	217.657931824461	310
6	1379	217.657931824461	311
6	1379	217.657931824461	312
6	1392	219.260193629573	313
6	1392	219.260193629573	314
6	1392	219.260193629573	315
6	1405	221.550548339715	316
6	1405	221.550548339715	317
6	1405	221.550548339715	318
6	1418	222.776703847473	319
6	1418	222.776703847473	320
6	1418	222.776703847473	321
6	1436	228.355547424287	322
6	1436	228.355547424287	323
6	1436	228.355547424287	324
6	1447	229.655074119676	325
6	1447	229.655074119676	326
6	1447	229.655074119676	327
6	1459	231.425751787596	328
6	1459	231.425751787596	329
6	1459	231.425751787596	330
6	1472	233.236822516178	331
6	1472	233.236822516178	332
6	1472	233.236822516178	333
6	1483	235.053162384502	334
6	1483	235.053162384502	335
6	1483	235.053162384502	336
6	1504	238.290474645985	337
6	1504	238.290474645985	338
6	1504	238.290474645985	339
6	1516	239.422173556225	340
6	1516	239.422173556225	341
6	1516	239.422173556225	342
7	7	0.741492819087	1
7	12	1.187948431314	2
7	18	2.262896152353	3
7	19	2.30661675669	4
7	31	3.749498441952	5
7	35	4.066424037869	6
7	43	5.865811163855	7
7	47	6.158708464675	8
7	55	6.658385131978	9
7	56	6.684708340196	10
7	66	8.117949407934	11
7	79	9.425928909713	12
7	81	9.532960827638	13
7	91	11.414522663737	14
7	93	11.506347488689	15
7	102	12.847482230953	16
7	114	14.522702243559	17
7	134	17.996500119933	18
7	136	18.048215173164	19
7	146	19.703037355994	20
7	159	21.339013191297	21
7	169	23.141132964901	22
7	182	24.763537036562	23
7	196	28.075652997368	24
7	200	28.445366742793	25
7	208	29.1774350608	26
7	220	30.99242715606	27
7	232	32.281546652945	28
7	236	32.579916638782	29
7	244	33.458605698926	30
7	255	34.490591895908	31
7	268	36.511405380254	32
7	280	39.60911487773	33
7	281	39.67194108188	34
7	294	41.961947098825	35
7	295	42.006798419732	36
7	313	45.03065920465	37
7	325	46.058296742126	38
7	326	46.08661339602	39
7	336	47.449143030743	40
7	341	47.612257126184	41
7	356	50.52799323577	42
7	367	52.417042230567	43
7	370	52.495747956569	44
7	379	54.026661344137	45
7	385	54.606753420547	46
7	392	55.644228147213	47
7	396	56.055524753935	48
7	403	56.974534941876	49
7	406	57.044827906446	50
7	415	58.849912839346	51
7	420	59.20719175743	52
7	427	60.633923975901	53
7	433	61.093312793289	54
7	442	62.457290433943	55
7	455	65.622441985651	56
7	456	65.631674602087	57
7	467	68.37219788715	58
7	480	71.612488542321	59
7	492	73.113640971204	60
7	493	73.154539151606	61
7	503	74.783197415417	62
7	509	75.196278774696	63
7	516	76.795735148323	64
7	519	77.004108120121	65
7	551	86.580877197683	66
7	562	88.275783931227	67
7	566	88.436322995279	68
7	575	89.576376094114	69
7	576	89.576960780103	70
7	592	92.743531054792	71
7	596	93.096419332473	72
7	604	94.23034276378	73
7	605	94.231760395054	74
7	617	95.866612337566	75
7	618	95.892479513998	76
7	631	98.928089520334	77
7	641	100.083264625425	78
7	656	102.983368514793	79
7	658	103.012415702175	80
7	668	104.307795424853	81
7	673	104.680527652482	82
7	681	106.667094332772	83
7	684	106.794654060268	84
7	700	109.601888111726	85
7	705	109.986370773831	86
7	715	111.29025457448	87
7	725	112.802759375317	88
7	727	112.822619844155	89
7	739	114.758195585515	90
7	740	114.860758451409	91
7	751	116.252567026933	92
7	753	116.302396326201	93
7	766	121.166936949539	94
7	767	121.206822059435	95
7	779	122.359365700019	96
7	792	123.461923991456	97
7	803	124.455639107216	98
7	813	125.73451409471	99
7	815	125.877134949919	100
7	834	128.874411233306	101
7	845	130.237870571497	102
7	855	131.869548985291	103
7	858	132.004670361255	104
7	891	143.018760609447	105
7	892	143.083815260674	106
7	902	144.501900716501	107
7	907	144.938177269609	108
7	913	145.80899025554	109
7	916	145.984218587665	110
7	928	147.359402922177	111
7	948	153.840060827592	112
7	949	153.841582257962	113
7	959	154.984846946846	114
7	973	155.956486662875	115
7	982	157.782401770963	116
7	983	157.828249799027	117
7	994	159.114867471585	118
7	1015	163.119835574915	119
7	1019	163.349415439148	120
7	1030	164.959742133856	121
7	1044	168.192622098458	122
7	1049	168.440514035772	123
7	1056	169.607707367352	124
7	1064	171.410462234751	125
7	1078	172.967498284861	126
7	1080	173.047286813847	127
7	1097	176.188799840095	128
7	1103	176.49345781074	129
7	1110	177.973490678888	130
7	1113	178.108148956917	131
7	1125	181.763644765021	132
7	1126	181.77278481262	133
7	1135	183.187768567406	134
7	1136	183.190414577233	135
7	1147	184.281494037242	136
7	1149	184.293805835837	137
7	1160	185.681754593662	138
7	1161	185.727578538787	139
7	1172	187.50455683638	140
7	1177	187.921086168768	141
7	1184	188.671112116788	142
7	1193	190.071695359138	143
7	1198	190.247618177562	144
7	1206	191.237854595639	145
7	1221	196.041417444781	146
7	1236	197.8679055904	147
7	1246	199.055265379447	148
7	1247	199.163760412782	149
7	1257	200.892596511106	150
7	1258	200.910629775977	151
7	1269	202.670006066662	152
7	1273	202.876898630309	153
7	1282	204.029003853899	154
7	1293	205.845063307848	155
7	1303	206.964382514659	156
7	1308	207.142100207828	157
7	1315	208.062578661398	158
7	1318	208.232397747135	159
7	1332	211.049107580003	160
7	1342	212.153978752965	161
7	1356	215.213178627762	162
7	1360	215.457654923355	163
7	1368	216.660656705032	164
7	1379	217.657931824461	165
7	1384	217.912653602794	166
7	1392	219.260193629573	167
7	1394	219.327383578771	168
7	1405	221.550548339715	169
7	1411	222.048785995525	170
7	1418	222.776703847473	171
7	1419	222.824600165542	172
7	1436	228.355547424287	173
7	1440	228.502285955858	174
7	1447	229.655074119676	175
7	1448	229.755552922518	176
7	1459	231.425751787596	177
7	1472	233.236822516178	178
7	1474	233.316287973693	179
7	1483	235.053162384502	180
7	1485	235.183920767818	181
7	1504	238.290474645985	182
7	1507	238.448744116035	183
7	1516	239.422173556225	184
7	1518	239.526343186054	185
8	8	0.917149356852	1
8	8	0.917149356852	2
8	15	2.073608239533	3
8	15	2.073608239533	4
8	32	3.878184340868	5
8	32	3.878184340868	6
8	41	5.567927557234	7
8	41	5.567927557234	8
8	51	6.532496760969	9
8	51	6.532496760969	10
8	63	7.916546578894	11
8	63	7.916546578894	12
8	77	9.299024040784	13
8	77	9.299024040784	14
8	87	11.134304282815	15
8	87	11.134304282815	16
8	100	12.736936869247	17
8	100	12.736936869247	18
8	111	14.351282595876	19
8	111	14.351282595876	20
8	123	16.046182291787	21
8	123	16.046182291787	22
8	132	17.862907189683	23
8	132	17.862907189683	24
8	143	19.494707373341	25
8	143	19.494707373341	26
8	157	21.160458387875	27
8	157	21.160458387875	28
8	166	22.97438371876	29
8	166	22.97438371876	30
8	178	24.54338544405	31
8	178	24.54338544405	32
8	192	27.812749629929	33
8	192	27.812749629929	34
8	204	28.986341000465	35
8	204	28.986341000465	36
8	218	30.816692369153	37
8	218	30.816692369153	38
8	233	32.416436053311	39
8	233	32.416436053311	40
8	241	33.28281088178	41
8	241	33.28281088178	42
8	252	34.277251420891	43
8	252	34.277251420891	44
8	262	36.121757389092	45
8	262	36.121757389092	46
8	276	39.437805487599	47
8	276	39.437805487599	48
8	290	41.831562634221	49
8	290	41.831562634221	50
8	314	45.149098613619	51
8	314	45.149098613619	52
8	323	45.921833532747	53
8	323	45.921833532747	54
8	334	47.328605759662	55
8	334	47.328605759662	56
8	345	48.595133036581	57
8	345	48.595133036581	58
8	352	50.252137983705	59
8	352	50.252137983705	60
8	366	52.20153070028	61
8	366	52.20153070028	62
8	383	54.307909946967	63
8	383	54.307909946967	64
8	390	55.42454505235	65
8	390	55.42454505235	66
8	402	56.885015021445	67
8	402	56.885015021445	68
8	417	59.055482180517	69
8	417	59.055482180517	70
8	426	60.473180292923	71
8	426	60.473180292923	72
8	438	62.202847797528	73
8	438	62.202847797528	74
8	450	65.325834936951	75
8	450	65.325834936951	76
8	466	68.114717108181	77
8	466	68.114717108181	78
8	476	71.360877455087	79
8	476	71.360877455087	80
8	490	72.902246835087	81
8	490	72.902246835087	82
8	501	74.66801284271	83
8	501	74.66801284271	84
8	512	76.626560747958	85
8	512	76.626560747958	86
8	549	86.526873412793	87
8	549	86.526873412793	88
8	560	88.16971780541	89
8	560	88.16971780541	90
8	572	89.445699825996	91
8	572	89.445699825996	92
8	589	92.469577827626	93
8	589	92.469577827626	94
8	601	93.962566845735	95
8	601	93.962566845735	96
8	613	95.665484475876	97
8	613	95.665484475876	98
8	627	98.724368549556	99
8	627	98.724368549556	100
8	638	99.960062566403	101
8	638	99.960062566403	102
8	654	102.864350363585	103
8	654	102.864350363585	104
8	670	104.48201986739	105
8	670	104.48201986739	106
8	679	106.54775565598	107
8	679	106.54775565598	108
8	699	109.450730842299	109
8	699	109.450730842299	110
8	710	110.992662602252	111
8	710	110.992662602252	112
8	721	112.570001223398	113
8	721	112.570001223398	114
8	736	114.727549177345	115
8	736	114.727549177345	116
8	748	116.053790321049	117
8	748	116.053790321049	118
8	763	121.002191490683	119
8	763	121.002191490683	120
8	776	122.091655497258	121
8	776	122.091655497258	122
8	789	123.261130211191	123
8	789	123.261130211191	124
8	799	124.243726122757	125
8	799	124.243726122757	126
8	811	125.634939748147	127
8	811	125.634939748147	128
8	829	128.664370024454	129
8	829	128.664370024454	130
8	840	129.887238526955	131
8	840	129.887238526955	132
8	853	131.812485419137	133
8	853	131.812485419137	134
8	867	134.977426973854	135
8	867	134.977426973854	136
8	886	142.782949833148	137
8	886	142.782949833148	138
8	899	144.254868028658	139
8	899	144.254868028658	140
8	912	145.780792221054	141
8	912	145.780792221054	142
8	923	147.127177036241	143
8	923	147.127177036241	144
8	944	153.589869704381	145
8	944	153.589869704381	146
8	961	155.193021155651	147
8	961	155.193021155651	148
8	967	155.675105176308	149
8	967	155.675105176308	150
8	980	157.704567512565	151
8	980	157.704567512565	152
8	1003	160.377093803046	153
8	1003	160.377093803046	154
8	1014	163.057368820479	155
8	1014	163.057368820479	156
8	1025	164.625393507305	157
8	1025	164.625393507305	158
8	1043	168.149798268059	159
8	1043	168.149798268059	160
8	1054	169.350556685616	161
8	1054	169.350556685616	162
8	1063	171.293410827934	163
8	1063	171.293410827934	164
8	1077	172.906597370083	165
8	1077	172.906597370083	166
8	1089	174.252221981303	167
8	1089	174.252221981303	168
8	1096	175.978711179543	169
8	1096	175.978711179543	170
8	1107	177.841003055136	171
8	1107	177.841003055136	172
8	1122	181.536159050573	173
8	1122	181.536159050573	174
8	1132	182.961697231868	175
8	1132	182.961697231868	176
8	1144	184.058257384781	177
8	1144	184.058257384781	178
8	1156	185.51516253543	179
8	1156	185.51516253543	180
8	1175	187.787006384296	181
8	1175	187.787006384296	182
8	1182	188.39859409185	183
8	1182	188.39859409185	184
8	1190	189.911509206142	185
8	1190	189.911509206142	186
8	1202	191.038402134502	187
8	1202	191.038402134502	188
8	1225	196.306358061172	189
8	1225	196.306358061172	190
8	1232	197.648352827461	191
8	1232	197.648352827461	192
8	1242	198.863861308858	193
8	1242	198.863861308858	194
8	1255	200.786247368158	195
8	1255	200.786247368158	196
8	1267	202.591658383169	197
8	1267	202.591658383169	198
8	1280	203.751082813205	199
8	1280	203.751082813205	200
8	1292	205.655264532232	201
8	1292	205.655264532232	202
8	1302	206.874725130416	203
8	1302	206.874725130416	204
8	1314	207.965241907593	205
8	1314	207.965241907593	206
8	1326	210.80276453654	207
8	1326	210.80276453654	208
8	1340	211.949377685931	209
8	1340	211.949377685931	210
8	1352	214.916808623894	211
8	1352	214.916808623894	212
8	1364	216.446830332879	213
8	1364	216.446830332879	214
8	1381	217.788285235352	215
8	1381	217.788285235352	216
8	1390	219.114409077551	217
8	1390	219.114409077551	218
8	1404	221.34501170622	219
8	1404	221.34501170622	220
8	1414	222.637011552182	221
8	1414	222.637011552182	222
8	1432	228.143847824812	223
8	1432	228.143847824812	224
8	1446	229.518540746147	225
8	1446	229.518540746147	226
8	1458	231.345993590562	227
8	1458	231.345993590562	228
8	1469	233.121537064912	229
8	1469	233.121537064912	230
8	1480	234.898779200794	231
8	1480	234.898779200794	232
8	1494	236.44175547842	233
8	1494	236.44175547842	234
8	1503	238.212321190995	235
8	1503	238.212321190995	236
8	1515	239.397042706202	237
8	1515	239.397042706202	238
9	8	0.917149356852	1
9	15	2.073608239533	2
9	22	2.410535434177	3
9	32	3.878184340868	4
9	41	5.567927557234	5
9	51	6.532496760969	6
9	63	7.916546578894	7
9	77	9.299024040784	8
9	87	11.134304282815	9
9	100	12.736936869247	10
9	105	12.986538897218	11
9	111	14.351282595876	12
9	117	14.658758036043	13
9	123	16.046182291787	14
9	132	17.862907189683	15
9	137	18.123895843598	16
9	143	19.494707373341	17
9	157	21.160458387875	18
9	166	22.97438371876	19
9	175	23.420806995129	20
9	178	24.54338544405	21
9	187	25.047661340087	22
9	192	27.812749629929	23
9	198	28.295203998757	24
9	204	28.986341000465	25
9	213	29.467968523386	26
9	218	30.816692369153	27
9	233	32.416436053311	28
9	241	33.28281088178	29
9	249	33.749113927285	30
9	252	34.277251420891	31
9	258	34.712471483761	32
9	262	36.121757389092	33
9	270	36.700708111019	34
9	276	39.437805487599	35
9	290	41.831562634221	36
9	299	42.220544582565	37
9	314	45.149098613619	38
9	323	45.921833532747	39
9	330	46.34112749209	40
9	334	47.328605759662	41
9	340	47.603539596924	42
9	345	48.595133036581	43
9	352	50.252137983705	44
9	357	50.63818575895	45
9	366	52.20153070028	46
9	372	52.584779131833	47
9	383	54.307909946967	48
9	390	55.42454505235	49
9	393	55.760004088828	50
9	402	56.885015021445	51
9	408	57.227067700072	52
9	417	59.055482180517	53
9	426	60.473180292923	54
9	438	62.202847797528	55
9	443	62.570773635311	56
9	450	65.325834936951	57
9	459	65.920817593741	58
9	466	68.114717108181	59
9	476	71.360877455087	60
9	484	71.769960171146	61
9	490	72.902246835087	62
9	501	74.66801284271	63
9	505	74.951299081018	64
9	512	76.626560747958	65
9	517	76.936503349213	66
9	549	86.526873412793	67
9	560	88.16971780541	68
9	567	88.504497276343	69
9	572	89.445699825996	70
9	580	89.87522429194	71
9	589	92.469577827626	72
9	594	92.939175245886	73
9	601	93.962566845735	74
9	609	94.450257684296	75
9	613	95.665484475876	76
9	621	96.043783962616	77
9	627	98.724368549556	78
9	638	99.960062566403	79
9	654	102.864350363585	80
9	660	103.236686644434	81
9	670	104.48201986739	82
9	679	106.54775565598	83
9	686	106.873599455266	84
9	699	109.450730842299	85
9	703	109.856135360651	86
9	710	110.992662602252	87
9	718	111.563255024195	88
9	721	112.570001223398	89
9	729	112.92450899042	90
9	736	114.727549177345	91
9	744	115.048687042386	92
9	748	116.053790321049	93
9	763	121.002191490683	94
9	776	122.091655497258	95
9	784	122.657340311184	96
9	789	123.261130211191	97
9	796	123.748215299216	98
9	799	124.243726122757	99
9	811	125.634939748147	100
9	829	128.664370024454	101
9	837	129.101017971333	102
9	840	129.887238526955	103
9	847	130.394799308679	104
9	853	131.812485419137	105
9	859	132.044724326011	106
9	867	134.977426973854	107
9	886	142.782949833148	108
9	895	143.256677394961	109
9	899	144.254868028658	110
9	903	144.613929578713	111
9	912	145.780792221054	112
9	923	147.127177036241	113
9	944	153.589869704381	114
9	952	154.118995734232	115
9	961	155.193021155651	116
9	967	155.675105176308	117
9	976	156.206896485979	118
9	980	157.704567512565	119
9	987	158.056431822504	120
9	1003	160.377093803046	121
9	1014	163.057368820479	122
9	1021	163.419417906214	123
9	1025	164.625393507305	124
9	1032	165.145068297136	125
9	1043	168.149798268059	126
9	1050	168.456998486243	127
9	1054	169.350556685616	128
9	1059	169.808637608337	129
9	1063	171.293410827934	130
9	1069	171.652294762514	131
9	1077	172.906597370083	132
9	1082	173.194796486947	133
9	1089	174.252221981303	134
9	1096	175.978711179543	135
9	1100	176.331859435651	136
9	1107	177.841003055136	137
9	1114	178.132806503338	138
9	1122	181.536159050573	139
9	1127	181.920820003754	140
9	1132	182.961697231868	141
9	1140	183.373145663858	142
9	1144	184.058257384781	143
9	1150	184.422245103054	144
9	1156	185.51516253543	145
9	1163	185.828340237792	146
9	1175	187.787006384296	147
9	1182	188.39859409185	148
9	1187	188.970634264786	149
9	1190	189.911509206142	150
9	1202	191.038402134502	151
9	1210	191.433114674721	152
9	1225	196.306358061172	153
9	1232	197.648352827461	154
9	1242	198.863861308858	155
9	1251	199.322137436987	156
9	1255	200.786247368158	157
9	1263	201.163663139987	158
9	1267	202.591658383169	159
9	1271	202.817594294589	160
9	1280	203.751082813205	161
9	1285	204.259562410429	162
9	1292	205.655264532232	163
9	1296	206.004843252482	164
9	1302	206.874725130416	165
9	1314	207.965241907593	166
9	1320	208.266785676491	167
9	1326	210.80276453654	168
9	1335	211.290094657067	169
9	1340	211.949377685931	170
9	1352	214.916808623894	171
9	1359	215.418782959812	172
9	1364	216.446830332879	173
9	1373	216.939451989894	174
9	1381	217.788285235352	175
9	1390	219.114409077551	176
9	1404	221.34501170622	177
9	1407	221.680489535677	178
9	1414	222.637011552182	179
9	1423	223.064493738095	180
9	1432	228.143847824812	181
9	1441	228.642522357209	182
9	1446	229.518540746147	183
9	1458	231.345993590562	184
9	1469	233.121537064912	185
9	1476	233.508805330354	186
9	1480	234.898779200794	187
9	1489	235.302135473467	188
9	1494	236.44175547842	189
9	1503	238.212321190995	190
9	1506	238.435373742073	191
9	1515	239.397042706202	192
9	1520	239.57507687206	193
10	9	0.926878638132	1
10	24	2.525037619963	2
10	33	3.939508889885	3
10	46	6.060576718983	4
10	57	6.778524015413	5
10	72	8.354070391212	6
10	84	9.678583209202	7
10	94	11.538543145829	8
10	108	13.06742267802	9
10	120	14.809895381884	10
10	138	18.214812784924	11
10	149	19.824421718023	12
10	174	23.395409236757	13
10	210	29.393199166844	14
10	225	31.169796830479	15
10	234	32.545349884179	16
10	247	33.628191756691	17
10	269	36.687466483388	18
10	283	39.72351693649	19
10	297	42.170289956409	20
10	316	45.194090414032	21
10	328	46.217149218697	22
10	338	47.578516809923	23
10	358	50.756673026984	24
10	373	52.58665575303	25
10	381	54.239557625764	26
10	395	55.823871335679	27
10	407	57.171360254999	28
10	419	59.10955323072	29
10	430	60.825361553676	30
10	444	62.579968182668	31
10	469	68.579211755439	32
10	483	71.75544027421	33
10	495	73.247254178877	34
10	507	75.061712302779	35
10	521	77.086040781346	36
10	556	86.825985308362	37
10	578	89.717873187534	38
10	595	93.038779403633	39
10	608	94.39242552126	40
10	620	96.017214051698	41
10	635	99.190047062385	42
10	644	100.212401664263	43
10	659	103.133407669059	44
10	671	104.568081655519	45
10	717	111.538736240518	46
10	730	113.04668739338	47
10	742	114.8758137056	48
10	754	116.447627937208	49
10	772	121.456061838103	50
10	782	122.484131468559	51
10	795	123.742158285608	52
10	804	124.585296423454	53
10	814	125.872069075185	54
10	835	128.990338585415	55
10	848	130.453236136611	56
10	904	144.798631961737	57
10	915	145.979384652452	58
10	950	154.017501869651	59
10	960	155.100755390869	60
10	988	158.062774695081	61
10	998	159.376290299267	62
10	1033	165.210432967065	63
10	1047	168.356544446893	64
10	1058	169.733163278523	65
10	1068	171.647828741481	66
10	1084	173.243057648182	67
10	1101	176.368403425535	68
10	1115	178.179458928826	69
10	1128	181.929709693148	70
10	1153	184.552019815348	71
10	1165	185.93481051728	72
10	1173	187.630610400132	73
10	1186	188.891697812749	74
10	1199	190.292759339216	75
10	1211	191.481674142474	76
10	1223	196.267987365305	77
10	1237	198.01563797572	78
10	1262	201.145260316463	79
10	1272	202.861578904499	80
10	1283	204.217648624385	81
10	1297	206.128116474081	82
10	1319	208.241641510949	83
10	1333	211.20518482537	84
10	1371	216.820845889469	85
10	1383	217.887609554456	86
10	1396	219.504676556395	87
10	1408	221.734434285702	88
10	1421	223.000112667213	89
10	1438	228.479746397985	90
10	1465	231.687078798012	91
10	1475	233.480364409806	92
10	1488	235.277595435552	93
10	1510	238.511444103462	94
10	1522	239.716724444791	95
11	9	0.926878638132	0.926878638132
11	24	2.525037619963	2.43580344026
11	33	3.939508889885	2.129950220894
11	46	6.060576718983	2.807565156236
11	57	6.778524015413	1.649123306582
11	72	8.354070391212	2.08254954946
11	84	9.678583209202	2.113448224177
11	94	11.538543145829	2.712429179417
11	108	13.06742267802	2.337906798719
11	120	14.809895381884	2.432630106775
11	138	18.214812784924	2.494565331959
11	149	19.824421718023	2.350298071864
11	174	23.395409236757	2.610842639323
11	210	29.393199166844	1.853024530899
11	225	31.169796830479	2.534202950159
11	234	32.545349884179	2.13757797445
11	247	33.628191756691	1.925908300348
11	269	36.687466483388	2.722169082549
11	283	39.72351693649	2.551443719494
11	297	42.170289956409	2.211725273193
11	316	45.194090414032	2.384203697373
11	328	46.217149218697	1.879547857014
11	338	47.578516809923	2.173883397433
11	358	50.756673026984	2.449260897736
11	373	52.58665575303	2.65743739618
11	381	54.239557625764	2.411275269149
11	395	55.823871335679	2.344284646059
11	407	57.171360254999	2.179111862914
11	419	59.10955323072	2.590878908429
11	430	60.825361553676	2.465277169342
11	444	62.579968182668	2.421279554433
11	469	68.579211755439	1.97422405252
11	483	71.75544027421	2.494511062814
11	495	73.247254178877	2.371020735604
11	507	75.061712302779	2.562982960995
11	521	77.086040781346	2.739521459091
11	556	86.825985308362	2.26070786218
11	578	89.717873187534	2.05014122222
11	595	93.038779403633	2.786280169582
11	608	94.39242552126	2.385034827379
11	620	96.017214051698	2.320109410808
11	635	99.190047062385	2.601054790227
11	644	100.212401664263	1.890164320383
11	659	103.133407669059	2.440455242323
11	671	104.568081655519	2.102294796472
11	717	111.538736240518	2.484645261355
11	730	113.04668739338	2.461138092025
11	742	114.8758137056	1.698661090672
11	754	116.447627937208	2.149708134254
11	772	121.456061838103	2.425308307421
11	782	122.484131468559	2.020396426998
11	795	123.742158285608	2.11799585764
11	804	124.585296423454	1.709494854018
11	814	125.872069075185	1.985639565685
11	835	128.990338585415	1.976513753834
11	848	130.453236136611	2.266806685272
11	904	144.798631961737	2.486763257927
11	915	145.979384652452	2.204676831368
11	950	154.017501869651	2.11450644705
11	960	155.100755390869	1.847103460498
11	988	158.062774695081	2.756269440725
11	998	159.376290299267	2.088861365254
11	1033	165.210432967065	2.61618788355
11	1047	168.356544446893	2.251773400342
11	1058	169.733163278523	1.956963062608
11	1068	171.647828741481	2.645902658013
11	1084	173.243057648182	2.266728099547
11	1101	176.368403425535	2.641697119898
11	1115	178.179458928826	2.60445613339
11	1128	181.929709693148	2.548856608881
11	1153	184.552019815348	1.96797580881
11	1165	185.93481051728	2.286336256929
11	1173	187.630610400132	2.566650465731
11	1186	188.891697812749	2.232112776294
11	1199	190.292759339216	2.453965696047
11	1211	191.481674142474	2.053056857258
11	1223	196.267987365305	2.678460539137
11	1237	198.01563797572	2.665308688718
11	1262	201.145260316463	2.702759000964
11	1272	202.861578904499	2.550707217595
11	1283	204.217648624385	2.035831329005
11	1297	206.128116474081	2.867160707189
11	1319	208.241641510949	1.882795983082
11	1333	211.20518482537	2.236464463662
11	1371	216.820845889469	2.149566109949
11	1383	217.887609554456	1.913471471169
11	1396	219.504676556395	2.454011218685
11	1408	221.734434285702	1.992494379088
11	1421	223.000112667213	2.186562480752
11	1438	228.479746397985	1.937734942933
11	1465	231.687078798012	2.69215297553
11	1475	233.480364409806	2.572558763151
11	1488	235.277595435552	2.528052963947
11	1510	238.511444103462	2.546246528299
11	1522	239.716724444791	1.849918320337

