version 3
run General-2-20231019-19:32:40-60750
attr configname General
attr datetime 20231019-19:32:40
attr datetimef 20231019-193240
attr experiment General
attr inifile omnetpp.ini
attr iterationvars ""
attr iterationvarsd ""
attr iterationvarsf ""
attr measurement ""
attr network Multihop
attr processid 60750
attr repetition 2
attr replication #2
attr resultdir results
attr runnumber 2
attr seedset 2
config network Multihop
config Multihop.node[*].transmissionTime "uniform(1s, 2s)"
config Multihop.node[*].delayTime "uniform(0.01s, 0.2s)"
config Multihop.node[*].lossProbability 0.3
config record-eventlog true
config sim-time-limit 1000s
config repeat 5

vector 0 Multihop.node[0] txVector ETV
vector 1 Multihop.node[1] rxVector ETV
vector 2 Multihop.node[1] txVector ETV
vector 3 Multihop.node[3] rxVector ETV
vector 4 Multihop.node[3] txVector ETV
vector 5 Multihop.node[2] rxVector ETV
vector 6 Multihop.node[2] txVector ETV
vector 7 Multihop.node[4] rxVector ETV
vector 8 Multihop.node[4] txVector ETV
vector 9 Multihop.node[5] rxVector ETV
vector 10 Multihop.node[5] e2eVector ETV
0	0	0	1
0	1	0.092839031499	2
0	2	1.277921112972	3
0	6	3.20946197656	4
0	8	4.908324665874	5
0	9	6.393500580704	6
0	13	8.026238311334	7
0	17	9.745992542264	8
0	19	11.715624949914	9
0	21	13.003493769812	10
0	22	14.185220807111	11
0	24	15.679510575039	12
0	25	16.901345742186	13
0	26	18.668836918678	14
0	32	20.246144988825	15
0	34	22.236996985757	16
0	37	23.385561766121	17
0	44	25.275081825228	18
0	47	27.223172248592	19
0	54	28.250374614745	20
0	60	29.676397141786	21
0	63	31.250039640134	22
0	66	32.62925020677	23
0	68	33.991277613463	24
0	73	35.354603504781	25
0	76	37.327514195601	26
0	79	38.974528421434	27
0	82	40.391281858338	28
0	87	41.923426299142	29
0	89	43.466771532102	30
0	92	45.38523017291	31
0	100	47.28037591164	32
0	101	48.557815126861	33
0	102	50.49406317018	34
0	103	51.957805778152	35
0	104	53.810094738398	36
0	105	55.022862109375	37
0	107	56.022985693552	38
0	108	57.198102082611	39
0	109	58.712961249771	40
0	110	60.592951600925	41
0	111	62.37774352382	42
0	112	63.907564699669	43
0	115	65.18140256919	44
0	116	67.169912275412	45
0	119	68.218780361834	46
0	121	69.438070334747	47
0	124	71.158418358789	48
0	127	72.189665920121	49
0	128	73.205776185283	50
0	132	75.140811913201	51
0	135	76.499052220975	52
0	136	78.375318675554	53
0	137	79.807707775869	54
0	144	81.427349237279	55
0	145	82.751032439779	56
0	146	84.486383833942	57
0	151	85.671973570037	58
0	158	87.003847280537	59
0	160	88.831300630952	60
0	162	90.185473053503	61
0	163	91.217277930836	62
0	168	92.285013170001	63
0	175	93.791099998188	64
0	177	95.134939893401	65
0	179	96.553847205612	66
0	182	97.651395276209	67
0	183	99.220535810126	68
0	184	101.025667350294	69
0	188	102.858828593299	70
0	192	103.966015993405	71
0	194	105.679023283554	72
0	198	107.009770311901	73
0	199	108.652222737457	74
0	200	110.039123082553	75
0	201	111.894242750035	76
0	207	113.275035331046	77
0	213	115.065279129447	78
0	215	116.241003318943	79
0	216	117.439902414355	80
0	222	118.869491030249	81
0	223	120.852629397317	82
0	227	122.505536346483	83
0	229	124.019938402596	84
0	235	125.853150894419	85
0	236	127.804661046034	86
0	238	129.656923972322	87
0	239	130.730422357116	88
0	240	132.353807073338	89
0	241	133.707020969149	90
0	243	134.871799591948	91
0	244	136.696690078611	92
0	246	138.223328503101	93
0	247	139.712629796957	94
0	249	140.973349814789	95
0	250	142.410019700436	96
0	251	143.42507583487	97
0	253	145.317981713006	98
0	257	146.690874597078	99
0	259	148.419875401093	100
0	262	149.671158317032	101
0	272	151.521588147872	102
0	273	153.267126962564	103
0	274	154.632392996478	104
0	275	156.381358033068	105
0	277	157.888129871826	106
0	278	159.14137670819	107
0	279	160.952149912038	108
0	281	162.721984101947	109
0	283	163.898281112335	110
0	287	165.237049748211	111
0	288	167.133454517017	112
0	289	168.94842078306	113
0	294	170.776975946987	114
0	298	172.30014527498	115
0	302	174.254433910616	116
0	306	175.499428048518	117
0	307	177.27522596556	118
0	311	178.308079899077	119
0	315	179.406548523132	120
0	316	180.469353963875	121
0	320	181.777962890475	122
0	323	183.105357073502	123
0	325	184.967333531727	124
0	326	186.266854800305	125
0	330	187.801597791512	126
0	331	189.469319340095	127
0	332	190.600183811758	128
0	334	191.814124856165	129
0	335	193.655187449904	130
0	337	194.690972427392	131
0	342	196.315771557178	132
0	343	198.12827714069	133
0	346	199.661118032897	134
0	349	201.37002357796	135
0	350	202.942032396115	136
0	352	204.314452915007	137
0	354	205.701424135847	138
0	356	207.303187859498	139
0	358	208.787241428413	140
0	364	210.363951090046	141
0	366	211.587952408029	142
0	367	213.231280868894	143
0	368	214.774599511663	144
0	371	216.735989702421	145
0	376	218.672208930154	146
0	384	220.219022854951	147
0	392	221.654115281089	148
0	396	222.719825957224	149
0	398	224.632503110936	150
0	399	226.566639859948	151
0	403	228.142794211648	152
0	404	229.90522477219	153
0	410	231.541788185501	154
0	412	233.312766155248	155
0	413	235.226261648369	156
0	416	236.675886651288	157
0	420	238.179908598327	158
0	421	239.521236544494	159
0	426	241.444299274143	160
0	428	243.188555164514	161
0	431	245.032647253498	162
0	437	246.577808666061	163
0	440	247.857135919639	164
0	443	249.669653615466	165
0	446	251.496451095928	166
0	447	252.959760872199	167
0	449	254.062510150502	168
0	450	255.352968420618	169
0	451	256.662365705025	170
0	452	257.905324796931	171
0	458	259.859016340942	172
0	459	261.057111974823	173
0	464	262.407217356394	174
0	465	263.964861040953	175
0	468	265.406864107605	176
0	470	266.713187331585	177
0	472	268.588608670998	178
0	474	269.866261739302	179
0	479	271.310943557433	180
0	484	273.00719922061	181
0	489	274.655039872759	182
0	492	275.864993001119	183
0	496	277.321225038049	184
0	501	279.313150276681	185
0	503	280.867030924903	186
0	507	282.069922184357	187
0	513	283.547706266651	188
0	514	285.426920754854	189
0	517	287.171797011299	190
0	520	288.719392911317	191
0	521	290.641822230555	192
0	523	292.467927705748	193
0	525	293.969133737516	194
0	528	295.122554526916	195
0	529	296.175184096694	196
0	531	297.499579162356	197
0	532	298.613213091875	198
0	537	300.254390401319	199
0	541	301.899989363989	200
0	544	303.160187031394	201
0	545	304.602202370083	202
0	548	306.277049972229	203
0	550	307.785700658355	204
0	552	308.833630347643	205
0	553	309.835692588957	206
0	555	310.955307930494	207
0	561	312.373000344746	208
0	564	314.207890839568	209
0	569	315.74190542453	210
0	571	317.579218743621	211
0	575	318.985414027488	212
0	577	320.732780695679	213
0	581	322.393190788124	214
0	585	323.89338877636	215
0	586	325.769069859311	216
0	587	326.769538330166	217
0	588	328.179522659183	218
0	590	330.068953256608	219
0	591	331.815851005745	220
0	596	333.403702242319	221
0	597	335.234175298848	222
0	599	337.143484765683	223
0	600	338.883019396589	224
0	601	340.14403583088	225
0	602	342.082466855431	226
0	603	344.039616378974	227
0	604	345.199828778412	228
0	606	347.012082863617	229
0	608	348.611482938071	230
0	610	350.211062146834	231
0	611	352.081087925489	232
0	614	353.584109329636	233
0	616	355.509675026656	234
0	620	356.944730336795	235
0	621	358.15776689492	236
0	626	359.172625426453	237
0	628	360.425876362266	238
0	635	362.227478138654	239
0	638	363.471978772216	240
0	640	365.372676727146	241
0	641	367.3203017004	242
0	642	368.407808143895	243
0	645	369.483307854056	244
0	648	370.503456789551	245
0	655	371.962947987735	246
0	660	373.200010580027	247
0	662	374.44319284546	248
0	666	375.701725290406	249
0	672	377.206586895992	250
0	678	378.621329979987	251
0	679	379.718720883845	252
0	681	380.940882361509	253
0	682	382.638111759225	254
0	684	384.385742597297	255
0	688	385.440037083361	256
0	691	386.581472787555	257
0	698	388.297919143472	258
0	703	390.073440371795	259
0	705	392.051660148908	260
0	708	393.947881131914	261
0	715	394.958393318361	262
0	716	396.608937631144	263
0	719	397.931663775832	264
0	720	399.553849021687	265
0	721	400.738353290611	266
0	723	402.299484984965	267
0	724	403.676031721772	268
0	726	405.513805532611	269
0	728	406.671945024298	270
0	729	407.673868970729	271
0	731	408.917051443846	272
0	736	410.258424531451	273
0	740	411.585074602875	274
0	742	413.07101048717	275
0	743	414.802188814401	276
0	747	416.065592240325	277
0	748	417.320685754546	278
0	750	419.095860996765	279
0	752	420.139200842024	280
0	758	421.36914862205	281
0	768	422.836174157231	282
0	769	424.687451426188	283
0	772	426.446431325764	284
0	776	428.418464802919	285
0	777	429.632344760714	286
0	782	431.265281740591	287
0	784	433.050077822307	288
0	789	434.5040083239	289
0	792	436.402352285353	290
0	797	437.938516184702	291
0	799	439.79069956021	292
0	805	440.871589344242	293
0	806	442.249926025528	294
0	810	443.65117480258	295
0	813	444.915690399255	296
0	816	446.529203798869	297
0	821	448.025754678543	298
0	823	449.362254127176	299
0	824	450.695957486299	300
0	825	452.467487654896	301
0	830	454.417597565349	302
0	834	456.407617844889	303
0	840	458.260817655377	304
0	841	459.842255187003	305
0	844	460.990846483285	306
0	850	462.824203236742	307
0	851	464.730507050656	308
0	854	466.537891982837	309
0	859	468.060395205642	310
0	861	469.407040048406	311
0	862	470.774148797399	312
0	863	472.753727750868	313
0	869	474.330326854499	314
0	874	475.443642174374	315
0	879	477.114339344451	316
0	882	478.602474631058	317
0	884	480.572338628132	318
0	885	482.023645114634	319
0	889	483.453499394018	320
0	891	484.930077912766	321
0	895	486.559973956566	322
0	897	488.539533907097	323
0	899	489.765205506483	324
0	900	491.089467930157	325
0	904	492.853152981509	326
0	905	494.196322185236	327
0	906	495.490825868227	328
0	909	497.427106729258	329
0	911	498.457149265349	330
0	915	499.856292275261	331
0	916	501.315707132934	332
0	918	503.046340072077	333
0	923	504.786995108953	334
0	928	505.812015927878	335
0	929	506.930395137069	336
0	930	508.808948640029	337
0	933	509.919971067707	338
0	938	510.959924588927	339
0	940	512.537698375543	340
0	942	514.32262373857	341
0	943	515.529716266801	342
0	945	517.494988397711	343
0	950	519.084301981858	344
0	952	520.701485689745	345
0	956	522.538195226357	346
0	964	524.10448145542	347
0	968	526.009216400578	348
0	969	527.030834861349	349
0	972	528.184651243983	350
0	982	530.007287655741	351
0	984	531.918630261922	352
0	988	533.814090180227	353
0	992	534.948510449396	354
0	995	536.603901136683	355
0	1002	537.955610262014	356
0	1004	539.31818864473	357
0	1009	541.022995513881	358
0	1012	542.731714779063	359
0	1016	543.856751942093	360
0	1018	545.553645878815	361
0	1019	547.157919762907	362
0	1022	548.442568159215	363
0	1027	549.597836926365	364
0	1034	551.494746970031	365
0	1040	553.465612596385	366
0	1041	554.578757385043	367
0	1042	556.325037913881	368
0	1043	557.503993935901	369
0	1044	559.26099766653	370
0	1045	560.320777601581	371
0	1046	562.196802287847	372
0	1049	563.38370716108	373
0	1050	565.27302017088	374
0	1053	567.184066441161	375
0	1055	568.820075540821	376
0	1057	569.87904864435	377
0	1061	571.542631216598	378
0	1063	573.537182546006	379
0	1069	575.300261810906	380
0	1074	577.235378791829	381
0	1077	579.178812886839	382
0	1080	580.262180879264	383
0	1082	582.084296548989	384
0	1089	583.344544063572	385
0	1094	585.322285356948	386
0	1095	586.583319318497	387
0	1098	587.984706276345	388
0	1099	589.745551627145	389
0	1102	591.300386358534	390
0	1104	592.384463726792	391
0	1106	593.665868739381	392
0	1107	595.276882716238	393
0	1110	596.895861335115	394
0	1111	598.023048084013	395
0	1113	599.316323915513	396
0	1116	601.199453267984	397
0	1117	603.04372159696	398
0	1122	604.407072500808	399
0	1123	605.988547689996	400
0	1124	607.555202145378	401
0	1125	609.478092210849	402
0	1128	610.801855561805	403
0	1129	612.141997916174	404
0	1134	613.369113531911	405
0	1136	614.821681657356	406
0	1141	616.295550827651	407
0	1145	618.041781585213	408
0	1151	619.856343060747	409
0	1152	621.042486734238	410
0	1154	622.086567823092	411
0	1157	623.844576186516	412
0	1160	625.793902689607	413
0	1165	627.356162390688	414
0	1167	628.852300585497	415
0	1168	629.894088369811	416
0	1173	631.808146979909	417
0	1174	633.2393390753	418
0	1179	634.73310688419	419
0	1180	635.77284768691	420
0	1186	636.970861177442	421
0	1189	638.037707090627	422
0	1192	639.793852601915	423
0	1195	641.691520773123	424
0	1197	643.199978239152	425
0	1198	645.017061537614	426
0	1199	646.324490620539	427
0	1200	647.842105771665	428
0	1202	649.316840111761	429
0	1205	651.013324309158	430
0	1208	652.904185870913	431
0	1212	654.85529687467	432
0	1213	656.050560920052	433
0	1219	657.072408608412	434
0	1222	658.950664837863	435
0	1228	660.615606424883	436
0	1232	662.00258924651	437
0	1235	663.52768207483	438
0	1236	665.495155890957	439
0	1238	666.805476085302	440
0	1244	668.16630327168	441
0	1249	669.564299604875	442
0	1250	670.676110274178	443
0	1253	672.089526719433	444
0	1258	673.722636601674	445
0	1261	675.285763988523	446
0	1262	676.483766424721	447
0	1265	677.993111687265	448
0	1267	679.224746602606	449
0	1268	681.194823030634	450
0	1271	682.551598051582	451
0	1272	684.190439072224	452
0	1273	685.673595058751	453
0	1274	687.507850067011	454
0	1276	689.319490715182	455
0	1278	690.445754228179	456
0	1279	691.995849358868	457
0	1282	693.828997400142	458
0	1284	695.670395474899	459
0	1289	697.282055116044	460
0	1291	698.505420524645	461
0	1294	699.845858437959	462
0	1296	701.191845550453	463
0	1298	703.081506499108	464
0	1300	704.966729815835	465
0	1301	706.297531808279	466
0	1306	708.015375734092	467
0	1308	709.923749698344	468
0	1313	711.209202319169	469
0	1318	712.295106268972	470
0	1323	713.620106139239	471
0	1324	715.339151514014	472
0	1325	716.469365962567	473
0	1327	717.927072958108	474
0	1332	719.674836419309	475
0	1336	720.754725345197	476
0	1338	722.398230445591	477
0	1340	724.053788454292	478
0	1342	725.600066524019	479
0	1344	726.928882123922	480
0	1349	728.658003221286	481
0	1350	730.527901438783	482
0	1352	731.761872604975	483
0	1353	733.746055758113	484
0	1359	735.507389657918	485
0	1361	737.296229734106	486
0	1366	738.627922301434	487
0	1368	740.500712977044	488
0	1371	742.393550896572	489
0	1373	744.108842139153	490
0	1375	745.999627180651	491
0	1380	747.517593271818	492
0	1386	748.682277566774	493
0	1390	750.093468621161	494
0	1392	751.545920179712	495
0	1398	752.732165314278	496
0	1400	753.946541009259	497
0	1401	755.937857326141	498
0	1404	757.639049368233	499
0	1408	759.501702167115	500
0	1409	760.505691102261	501
0	1416	762.03903333286	502
0	1419	763.526951073456	503
0	1420	764.647900174392	504
0	1425	765.762535835869	505
0	1431	767.093856056241	506
0	1434	768.825752324678	507
0	1436	769.923662804786	508
0	1445	771.255336132852	509
0	1447	772.892313721843	510
0	1452	774.460661158452	511
0	1460	776.396776089233	512
0	1462	777.769716027447	513
0	1463	779.269767055542	514
0	1467	780.870030628306	515
0	1468	782.562267102323	516
0	1471	784.083273285323	517
0	1480	785.6436102777	518
0	1484	787.430684061509	519
0	1485	788.56607966034	520
0	1487	790.329971634571	521
0	1492	792.290910551345	522
0	1493	794.139327317962	523
0	1496	795.514520485906	524
0	1497	797.091031117152	525
0	1498	798.14478585615	526
0	1505	799.97193013739	527
0	1509	801.364596003687	528
0	1514	802.955977553522	529
0	1518	804.198163965737	530
0	1520	805.513288551962	531
0	1527	806.541307532715	532
0	1531	808.207559104098	533
0	1533	809.668875509195	534
0	1536	810.930706979495	535
0	1543	812.752541782821	536
0	1545	814.325159651947	537
0	1547	815.887339386412	538
0	1549	817.297210814918	539
0	1553	819.098288568689	540
0	1554	820.261291225462	541
0	1559	821.829139950241	542
0	1564	823.296714145479	543
0	1565	824.499589120059	544
0	1568	825.781032203019	545
0	1569	827.567167100517	546
0	1570	829.260939580176	547
0	1571	830.54585375569	548
0	1574	831.769590642091	549
0	1580	833.735299832674	550
0	1581	835.503916878274	551
0	1582	837.05556304266	552
0	1584	838.486514352749	553
0	1588	839.839315995595	554
0	1589	841.363444013309	555
0	1591	842.913762851173	556
0	1597	843.941186922856	557
0	1599	844.949926601511	558
0	1601	846.429484933869	559
0	1602	847.965684090297	560
0	1603	849.397115116029	561
0	1605	850.572884878864	562
0	1611	852.091223353309	563
0	1612	853.620271860876	564
0	1613	855.23871706079	565
0	1615	857.034744513009	566
0	1619	858.230220658958	567
0	1622	859.333326230545	568
0	1625	861.261704414638	569
0	1627	862.710097852417	570
0	1632	863.886975787834	571
0	1633	865.274040322306	572
0	1637	866.718531704063	573
0	1639	867.926461040529	574
0	1642	868.975866658168	575
0	1646	870.510384633692	576
0	1649	872.202718741747	577
0	1653	874.002195251428	578
0	1656	875.473105670439	579
0	1657	877.108027327593	580
0	1663	878.970156283371	581
0	1664	880.492502628846	582
0	1668	882.287121683612	583
0	1670	883.646123095436	584
0	1671	885.00950009308	585
0	1672	886.021814328639	586
0	1673	887.186791171108	587
0	1676	889.158003465294	588
0	1678	890.716649798931	589
0	1682	892.180148115403	590
0	1683	893.529051371173	591
0	1684	895.01269208968	592
0	1685	896.552974177081	593
0	1686	897.633995675271	594
0	1690	899.123577258572	595
0	1693	900.917162135266	596
0	1694	902.414418249414	597
0	1700	904.197404985572	598
0	1705	905.517131269001	599
0	1708	907.210301557812	600
0	1709	908.217114985245	601
0	1712	909.442859670869	602
0	1713	910.550094995205	603
0	1716	912.413401514082	604
0	1722	913.887244761479	605
0	1724	915.023137527308	606
0	1725	916.0833899074	607
0	1728	917.433451412967	608
0	1730	918.498962647304	609
0	1732	919.817095398925	610
0	1735	920.898132324939	611
0	1736	922.043344346363	612
0	1738	923.474719801009	613
0	1744	924.638676335359	614
0	1750	926.238030095141	615
0	1752	928.18161219058	616
0	1755	929.347664438909	617
0	1759	931.312803535512	618
0	1760	932.809071420249	619
0	1766	933.870662932307	620
0	1768	935.352822938957	621
0	1769	937.09357420404	622
0	1771	938.540611181199	623
0	1776	940.175204782538	624
0	1777	941.24164156525	625
0	1785	942.935334726028	626
0	1786	944.690606740095	627
0	1791	945.72763298012	628
0	1793	946.990953096213	629
0	1795	948.06526697965	630
0	1801	950.047087643553	631
0	1802	951.831659588056	632
0	1807	952.861565146387	633
0	1810	953.937672819036	634
0	1816	955.342491946208	635
0	1817	956.655133697462	636
0	1820	958.109185789038	637
0	1828	959.468529888686	638
0	1835	961.175382007404	639
0	1838	962.40082084553	640
0	1841	964.239135943145	641
0	1842	965.956644173969	642
0	1846	967.373744977896	643
0	1847	969.311087037462	644
0	1848	970.566461377337	645
0	1851	972.525616395313	646
0	1852	974.212834795497	647
0	1854	975.274054690988	648
0	1855	977.174012074971	649
0	1858	979.036800939615	650
0	1863	980.621034262727	651
0	1870	982.357372259281	652
0	1871	984.331182759979	653
0	1875	985.663649591643	654
0	1876	986.695292055865	655
0	1878	987.883125309625	656
0	1880	988.945977521154	657
0	1882	990.558925478046	658
0	1886	992.154125514233	659
0	1890	994.071416661867	660
0	1891	995.763251400578	661
0	1892	996.794931828302	662
0	1898	998.2403024568	663
0	1899	999.918482294098	664
1	3	1.477989929033	1
1	10	6.568963657897	2
1	14	8.095352946814	3
1	27	18.72072334842	4
1	35	22.418930382039	5
1	38	23.470468360832	6
1	45	25.451429905891	7
1	48	27.290135923612	8
1	55	28.331720715987	9
1	61	29.771244467136	10
1	64	31.272512934354	11
1	69	34.106886927709	12
1	74	35.396030985755	13
1	77	37.529504873243	14
1	80	39.116858388083	15
1	83	40.595257067073	16
1	90	43.59926760095	17
1	93	45.581766754047	18
1	113	63.932577687444	19
1	117	67.234014742932	20
1	122	69.467853090883	21
1	125	71.222037424097	22
1	129	73.299987464488	23
1	133	75.164419087527	24
1	138	79.882888857567	25
1	147	84.531481267976	26
1	152	85.783450620013	27
1	164	91.356632362377	28
1	169	92.346589118741	29
1	180	96.616843475905	30
1	185	101.084768149082	31
1	189	102.961494486676	32
1	195	105.742459231174	33
1	202	111.948121616965	34
1	208	113.439879028133	35
1	217	117.581846649578	36
1	224	120.963399304066	37
1	230	124.101451013629	38
1	254	145.356197643321	39
1	260	148.607310108288	40
1	263	149.734961983455	41
1	284	164.093279498427	42
1	290	169.092373451292	43
1	295	170.858736739635	44
1	299	172.320616935235	45
1	303	174.370395675953	46
1	308	177.44452755905	47
1	312	178.49981067006	48
1	317	180.62486043579	49
1	321	181.981192589228	50
1	327	186.436145561722	51
1	338	194.762359378428	52
1	344	198.301480830875	53
1	347	199.783206328528	54
1	359	208.812512845406	55
1	369	214.900423570441	56
1	372	216.785034510207	57
1	377	218.782646791614	58
1	385	220.309557523614	59
1	393	221.734399118526	60
1	400	226.621824096627	61
1	405	229.960421127909	62
1	414	235.378619660811	63
1	417	236.848783193141	64
1	422	239.716651563503	65
1	429	243.245989013058	66
1	432	245.188431749199	67
1	438	246.622210134705	68
1	441	247.903770914568	69
1	444	249.839422920233	70
1	453	258.000832759523	71
1	460	261.164411666793	72
1	466	264.158467423317	73
1	475	269.930241937153	74
1	480	271.409188994203	75
1	485	273.050295924811	76
1	490	274.790732932802	77
1	493	275.972837146105	78
1	497	277.398392562931	79
1	504	281.070430230759	80
1	508	282.179716804081	81
1	515	285.470604280315	82
1	518	287.292459747398	83
1	526	293.996420860438	84
1	533	298.734713877154	85
1	538	300.331683829078	86
1	542	302.073764598919	87
1	546	304.70630463799	88
1	556	311.097807908978	89
1	562	312.58106798637	90
1	565	314.282242673643	91
1	572	317.642594629638	92
1	578	320.781114085981	93
1	582	322.420689275468	94
1	592	331.917082567584	95
1	612	352.115083514782	96
1	617	355.638648455587	97
1	622	358.259411305881	98
1	629	360.633850047356	99
1	636	362.376228570268	100
1	643	368.606837409574	101
1	646	369.607947900216	102
1	649	370.593364118736	103
1	656	372.054941248445	104
1	663	374.547977917607	105
1	667	375.776987887723	106
1	673	377.279615911152	107
1	685	384.438030538318	108
1	689	385.544296865608	109
1	692	386.648601650408	110
1	699	388.366439311273	111
1	706	392.098851990522	112
1	709	394.044970642616	113
1	717	396.698930978386	114
1	732	408.965169382151	115
1	737	410.449035135125	116
1	744	414.846045145006	117
1	753	420.319022544177	118
1	759	421.467859135514	119
1	770	424.778978275062	120
1	773	426.563310895235	121
1	778	429.752302595382	122
1	785	433.232004735138	123
1	790	434.548128530195	124
1	793	436.536500978291	125
1	800	439.918598652304	126
1	807	442.388571017634	127
1	811	443.808023812419	128
1	814	444.950879893273	129
1	817	446.566739957535	130
1	826	452.638860975632	131
1	831	454.500995201616	132
1	835	456.578257924384	133
1	842	459.914823136512	134
1	845	461.023158905854	135
1	852	464.832682350831	136
1	855	466.677141887084	137
1	864	472.961489675696	138
1	870	474.369925241623	139
1	875	475.540706282391	140
1	880	477.276824934423	141
1	886	482.191858412661	142
1	892	484.996855229855	143
1	901	491.196917035637	144
1	907	495.512261275231	145
1	912	498.544062754655	146
1	919	503.136469878313	147
1	924	504.848658466543	148
1	931	508.852452891273	149
1	934	510.038890969683	150
1	946	517.60526878867	151
1	953	520.749250594302	152
1	957	522.743297189413	153
1	965	524.179803183223	154
1	970	527.071911778152	155
1	973	528.356011754773	156
1	985	532.084712196756	157
1	989	533.847230689265	158
1	993	535.138783606829	159
1	996	536.638049138368	160
1	1005	539.495935300739	161
1	1010	541.171243457937	162
1	1013	542.894865425193	163
1	1020	547.331686550315	164
1	1023	548.467351300758	165
1	1028	549.787863771496	166
1	1035	551.576804706009	167
1	1047	562.379851441193	168
1	1051	565.462460286102	169
1	1058	569.910552606915	170
1	1064	573.683102451483	171
1	1070	575.419267612647	172
1	1075	577.429218570112	173
1	1078	579.201940975724	174
1	1083	582.254727830077	175
1	1090	583.522449110228	176
1	1096	586.606224249378	177
1	1100	589.781811266422	178
1	1108	595.393843109494	179
1	1114	599.517873077083	180
1	1118	603.139131137033	181
1	1126	609.52431270194	182
1	1130	612.203068529192	183
1	1137	614.979662122051	184
1	1142	616.320593750143	185
1	1146	618.140075284695	186
1	1155	622.134939099726	187
1	1158	623.990071958023	188
1	1161	625.823212768505	189
1	1169	630.083108932421	190
1	1175	633.371137790619	191
1	1181	635.970349151443	192
1	1187	637.117004261715	193
1	1190	638.058315776032	194
1	1193	639.946924329863	195
1	1203	649.348223968152	196
1	1206	651.193461122628	197
1	1209	652.983354863249	198
1	1214	656.125306352542	199
1	1220	657.135663132034	200
1	1223	659.05160571828	201
1	1229	660.800739128918	202
1	1233	662.046007203299	203
1	1239	666.885691922128	204
1	1245	668.291289082031	205
1	1251	670.722657473663	206
1	1254	672.246572404525	207
1	1259	673.896753177366	208
1	1263	676.556426343424	209
1	1269	681.222759575271	210
1	1280	692.047964513856	211
1	1285	695.70172334576	212
1	1292	698.660378313036	213
1	1302	706.385919193839	214
1	1309	709.99454511719	215
1	1314	711.367100584195	216
1	1319	712.495658495163	217
1	1328	717.992237707481	218
1	1333	719.853230356498	219
1	1345	726.959056951782	220
1	1354	733.900287060511	221
1	1362	737.34281075783	222
1	1369	740.529087115407	223
1	1376	746.143988838123	224
1	1381	747.587680631582	225
1	1387	748.733019972502	226
1	1393	751.681922749104	227
1	1402	755.985202087201	228
1	1405	757.66002460704	229
1	1410	760.525862447335	230
1	1417	762.064400560173	231
1	1421	764.814933076642	232
1	1426	765.908170992836	233
1	1432	767.213577091288	234
1	1437	770.062712098206	235
1	1448	772.962624595859	236
1	1453	774.553296712041	237
1	1464	779.356261899288	238
1	1469	782.689249110518	239
1	1472	784.202472646293	240
1	1481	785.715139550658	241
1	1488	790.400703206295	242
1	1494	794.175317844277	243
1	1499	798.181893084139	244
1	1506	800.132456198602	245
1	1510	801.430826719792	246
1	1515	803.101430362362	247
1	1521	805.60643493216	248
1	1528	806.588197685962	249
1	1534	809.854654301095	250
1	1537	810.961725183122	251
1	1550	817.34856200302	252
1	1555	820.297748250275	253
1	1560	821.949324724009	254
1	1566	824.541042772704	255
1	1572	830.697056703683	256
1	1575	831.940077356135	257
1	1585	838.658348954707	258
1	1592	842.951780120709	259
1	1606	850.774522213536	260
1	1616	857.142641850128	261
1	1620	858.378536568633	262
1	1623	859.448247653025	263
1	1628	862.897489530589	264
1	1634	865.372116273362	265
1	1640	868.001432355542	266
1	1643	869.020067059097	267
1	1647	870.553155241219	268
1	1650	872.30510697077	269
1	1654	874.098481377	270
1	1658	877.267319224564	271
1	1665	880.655357937258	272
1	1674	887.363362714043	273
1	1679	890.744978437676	274
1	1687	897.69964177254	275
1	1691	899.243571690439	276
1	1695	902.486697325413	277
1	1701	904.372507937518	278
1	1706	905.707213129748	279
1	1710	908.411067403862	280
1	1714	910.752896495904	281
1	1717	912.581667157928	282
1	1726	916.189541004216	283
1	1733	919.905161325616	284
1	1739	923.522356659455	285
1	1745	924.798612099545	286
1	1753	928.332626562558	287
1	1756	929.373812785527	288
1	1761	932.943583247004	289
1	1772	938.729360327826	290
1	1778	941.33610329286	291
1	1787	944.849895491138	292
1	1796	948.213459228376	293
1	1803	951.877285897377	294
1	1808	952.886968303261	295
1	1811	954.133068967163	296
1	1818	956.863815917721	297
1	1821	958.287060769325	298
1	1829	959.544156314355	299
1	1836	961.266422384138	300
1	1839	962.522670406091	301
1	1843	966.150021254757	302
1	1849	970.655212747939	303
1	1856	977.315291038111	304
1	1859	979.19335451574	305
1	1864	980.679938456334	306
1	1872	984.431733026043	307
1	1883	990.757706519775	308
1	1887	992.208434797258	309
1	1893	996.822776893679	310
2	3	1.477989929033	1
2	10	6.568963657897	2
2	14	8.095352946814	3
2	27	18.72072334842	4
2	35	22.418930382039	5
2	38	23.470468360832	6
2	45	25.451429905891	7
2	48	27.290135923612	8
2	55	28.331720715987	9
2	61	29.771244467136	10
2	64	31.272512934354	11
2	69	34.106886927709	12
2	74	35.396030985755	13
2	77	37.529504873243	14
2	80	39.116858388083	15
2	83	40.595257067073	16
2	90	43.59926760095	17
2	93	45.581766754047	18
2	113	63.932577687444	19
2	117	67.234014742932	20
2	122	69.467853090883	21
2	125	71.222037424097	22
2	129	73.299987464488	23
2	133	75.164419087527	24
2	138	79.882888857567	25
2	147	84.531481267976	26
2	152	85.783450620013	27
2	164	91.356632362377	28
2	169	92.346589118741	29
2	180	96.616843475905	30
2	185	101.084768149082	31
2	189	102.961494486676	32
2	195	105.742459231174	33
2	202	111.948121616965	34
2	208	113.439879028133	35
2	217	117.581846649578	36
2	224	120.963399304066	37
2	230	124.101451013629	38
2	254	145.356197643321	39
2	260	148.607310108288	40
2	263	149.734961983455	41
2	284	164.093279498427	42
2	290	169.092373451292	43
2	295	170.858736739635	44
2	299	172.320616935235	45
2	303	174.370395675953	46
2	308	177.44452755905	47
2	312	178.49981067006	48
2	317	180.62486043579	49
2	321	181.981192589228	50
2	327	186.436145561722	51
2	338	194.762359378428	52
2	344	198.301480830875	53
2	347	199.783206328528	54
2	359	208.812512845406	55
2	369	214.900423570441	56
2	372	216.785034510207	57
2	377	218.782646791614	58
2	385	220.309557523614	59
2	393	221.734399118526	60
2	400	226.621824096627	61
2	405	229.960421127909	62
2	414	235.378619660811	63
2	417	236.848783193141	64
2	422	239.716651563503	65
2	429	243.245989013058	66
2	432	245.188431749199	67
2	438	246.622210134705	68
2	441	247.903770914568	69
2	444	249.839422920233	70
2	453	258.000832759523	71
2	460	261.164411666793	72
2	466	264.158467423317	73
2	475	269.930241937153	74
2	480	271.409188994203	75
2	485	273.050295924811	76
2	490	274.790732932802	77
2	493	275.972837146105	78
2	497	277.398392562931	79
2	504	281.070430230759	80
2	508	282.179716804081	81
2	515	285.470604280315	82
2	518	287.292459747398	83
2	526	293.996420860438	84
2	533	298.734713877154	85
2	538	300.331683829078	86
2	542	302.073764598919	87
2	546	304.70630463799	88
2	556	311.097807908978	89
2	562	312.58106798637	90
2	565	314.282242673643	91
2	572	317.642594629638	92
2	578	320.781114085981	93
2	582	322.420689275468	94
2	592	331.917082567584	95
2	612	352.115083514782	96
2	617	355.638648455587	97
2	622	358.259411305881	98
2	629	360.633850047356	99
2	636	362.376228570268	100
2	643	368.606837409574	101
2	646	369.607947900216	102
2	649	370.593364118736	103
2	656	372.054941248445	104
2	663	374.547977917607	105
2	667	375.776987887723	106
2	673	377.279615911152	107
2	685	384.438030538318	108
2	689	385.544296865608	109
2	692	386.648601650408	110
2	699	388.366439311273	111
2	706	392.098851990522	112
2	709	394.044970642616	113
2	717	396.698930978386	114
2	732	408.965169382151	115
2	737	410.449035135125	116
2	744	414.846045145006	117
2	753	420.319022544177	118
2	759	421.467859135514	119
2	770	424.778978275062	120
2	773	426.563310895235	121
2	778	429.752302595382	122
2	785	433.232004735138	123
2	790	434.548128530195	124
2	793	436.536500978291	125
2	800	439.918598652304	126
2	807	442.388571017634	127
2	811	443.808023812419	128
2	814	444.950879893273	129
2	817	446.566739957535	130
2	826	452.638860975632	131
2	831	454.500995201616	132
2	835	456.578257924384	133
2	842	459.914823136512	134
2	845	461.023158905854	135
2	852	464.832682350831	136
2	855	466.677141887084	137
2	864	472.961489675696	138
2	870	474.369925241623	139
2	875	475.540706282391	140
2	880	477.276824934423	141
2	886	482.191858412661	142
2	892	484.996855229855	143
2	901	491.196917035637	144
2	907	495.512261275231	145
2	912	498.544062754655	146
2	919	503.136469878313	147
2	924	504.848658466543	148
2	931	508.852452891273	149
2	934	510.038890969683	150
2	946	517.60526878867	151
2	953	520.749250594302	152
2	957	522.743297189413	153
2	965	524.179803183223	154
2	970	527.071911778152	155
2	973	528.356011754773	156
2	985	532.084712196756	157
2	989	533.847230689265	158
2	993	535.138783606829	159
2	996	536.638049138368	160
2	1005	539.495935300739	161
2	1010	541.171243457937	162
2	1013	542.894865425193	163
2	1020	547.331686550315	164
2	1023	548.467351300758	165
2	1028	549.787863771496	166
2	1035	551.576804706009	167
2	1047	562.379851441193	168
2	1051	565.462460286102	169
2	1058	569.910552606915	170
2	1064	573.683102451483	171
2	1070	575.419267612647	172
2	1075	577.429218570112	173
2	1078	579.201940975724	174
2	1083	582.254727830077	175
2	1090	583.522449110228	176
2	1096	586.606224249378	177
2	1100	589.781811266422	178
2	1108	595.393843109494	179
2	1114	599.517873077083	180
2	1118	603.139131137033	181
2	1126	609.52431270194	182
2	1130	612.203068529192	183
2	1137	614.979662122051	184
2	1142	616.320593750143	185
2	1146	618.140075284695	186
2	1155	622.134939099726	187
2	1158	623.990071958023	188
2	1161	625.823212768505	189
2	1169	630.083108932421	190
2	1175	633.371137790619	191
2	1181	635.970349151443	192
2	1187	637.117004261715	193
2	1190	638.058315776032	194
2	1193	639.946924329863	195
2	1203	649.348223968152	196
2	1206	651.193461122628	197
2	1209	652.983354863249	198
2	1214	656.125306352542	199
2	1220	657.135663132034	200
2	1223	659.05160571828	201
2	1229	660.800739128918	202
2	1233	662.046007203299	203
2	1239	666.885691922128	204
2	1245	668.291289082031	205
2	1251	670.722657473663	206
2	1254	672.246572404525	207
2	1259	673.896753177366	208
2	1263	676.556426343424	209
2	1269	681.222759575271	210
2	1280	692.047964513856	211
2	1285	695.70172334576	212
2	1292	698.660378313036	213
2	1302	706.385919193839	214
2	1309	709.99454511719	215
2	1314	711.367100584195	216
2	1319	712.495658495163	217
2	1328	717.992237707481	218
2	1333	719.853230356498	219
2	1345	726.959056951782	220
2	1354	733.900287060511	221
2	1362	737.34281075783	222
2	1369	740.529087115407	223
2	1376	746.143988838123	224
2	1381	747.587680631582	225
2	1387	748.733019972502	226
2	1393	751.681922749104	227
2	1402	755.985202087201	228
2	1405	757.66002460704	229
2	1410	760.525862447335	230
2	1417	762.064400560173	231
2	1421	764.814933076642	232
2	1426	765.908170992836	233
2	1432	767.213577091288	234
2	1437	770.062712098206	235
2	1448	772.962624595859	236
2	1453	774.553296712041	237
2	1464	779.356261899288	238
2	1469	782.689249110518	239
2	1472	784.202472646293	240
2	1481	785.715139550658	241
2	1488	790.400703206295	242
2	1494	794.175317844277	243
2	1499	798.181893084139	244
2	1506	800.132456198602	245
2	1510	801.430826719792	246
2	1515	803.101430362362	247
2	1521	805.60643493216	248
2	1528	806.588197685962	249
2	1534	809.854654301095	250
2	1537	810.961725183122	251
2	1550	817.34856200302	252
2	1555	820.297748250275	253
2	1560	821.949324724009	254
2	1566	824.541042772704	255
2	1572	830.697056703683	256
2	1575	831.940077356135	257
2	1585	838.658348954707	258
2	1592	842.951780120709	259
2	1606	850.774522213536	260
2	1616	857.142641850128	261
2	1620	858.378536568633	262
2	1623	859.448247653025	263
2	1628	862.897489530589	264
2	1634	865.372116273362	265
2	1640	868.001432355542	266
2	1643	869.020067059097	267
2	1647	870.553155241219	268
2	1650	872.30510697077	269
2	1654	874.098481377	270
2	1658	877.267319224564	271
2	1665	880.655357937258	272
2	1674	887.363362714043	273
2	1679	890.744978437676	274
2	1687	897.69964177254	275
2	1691	899.243571690439	276
2	1695	902.486697325413	277
2	1701	904.372507937518	278
2	1706	905.707213129748	279
2	1710	908.411067403862	280
2	1714	910.752896495904	281
2	1717	912.581667157928	282
2	1726	916.189541004216	283
2	1733	919.905161325616	284
2	1739	923.522356659455	285
2	1745	924.798612099545	286
2	1753	928.332626562558	287
2	1756	929.373812785527	288
2	1761	932.943583247004	289
2	1772	938.729360327826	290
2	1778	941.33610329286	291
2	1787	944.849895491138	292
2	1796	948.213459228376	293
2	1803	951.877285897377	294
2	1808	952.886968303261	295
2	1811	954.133068967163	296
2	1818	956.863815917721	297
2	1821	958.287060769325	298
2	1829	959.544156314355	299
2	1836	961.266422384138	300
2	1839	962.522670406091	301
2	1843	966.150021254757	302
2	1849	970.655212747939	303
2	1856	977.315291038111	304
2	1859	979.19335451574	305
2	1864	980.679938456334	306
2	1872	984.431733026043	307
2	1883	990.757706519775	308
2	1887	992.208434797258	309
2	1893	996.822776893679	310
3	4	1.57785981133	1
3	11	6.614533846939	2
3	15	8.20925794649	3
3	29	18.923365136142	4
3	40	23.642609643157	5
3	51	27.836711882259	6
3	56	28.360399719346	7
3	70	34.221330948793	8
3	84	40.640708367322	9
3	94	45.704403140946	10
3	96	45.870482280111	11
3	130	73.329909782106	12
3	139	80.091365864895	13
3	141	80.38238285523	14
3	153	85.971757826239	15
3	155	86.146316545766	16
3	165	91.484984461981	17
3	170	92.447524321189	18
3	172	92.676496423757	19
3	196	105.79105165945	20
3	203	112.002832020648	21
3	205	112.215840813514	22
3	210	113.600981910097	23
3	220	117.886891560313	24
3	231	124.210883063877	25
3	255	145.485342448337	26
3	264	149.850533270825	27
3	266	150.160209272549	28
3	268	150.25004183533	29
3	270	150.413034183873	30
3	285	164.168633664719	31
3	291	169.171564038144	32
3	296	170.89773007841	33
3	313	178.566160249344	34
3	318	180.720253591589	35
3	340	195.038004437303	36
3	361	208.998048370231	37
3	374	216.916723158667	38
3	380	219.04467181043	39
3	387	220.626510032111	40
3	389	220.798343949693	41
3	401	226.64637358868	42
3	406	230.005787150554	43
3	418	236.973811385537	44
3	434	245.435595747055	45
3	456	258.321498359044	46
3	461	261.229144643961	47
3	481	271.618862104699	48
3	494	276.105080261846	49
3	498	277.596327391921	50
3	505	281.171149116184	51
3	511	282.643381101705	52
3	534	298.787386548499	53
3	557	311.169034227571	54
3	567	314.659459051818	55
3	573	317.796520851601	56
3	579	320.959152966028	57
3	583	322.475260076042	58
3	630	360.694312217392	59
3	633	361.250764460222	60
3	652	371.065207634429	61
3	670	375.956369135213	62
3	676	377.646828962729	63
3	693	386.780052702141	64
3	695	387.025581904855	65
3	712	394.33593872851	66
3	745	414.993980299789	67
3	754	420.36907963968	68
3	756	420.756349850494	69
3	762	421.859042017615	70
3	764	422.123314983556	71
3	766	422.294529890758	72
3	774	426.60070735453	73
3	779	429.861954862439	74
3	794	436.632607926217	75
3	802	440.022192113131	76
3	827	452.728689055413	77
3	832	454.56736814984	78
3	836	456.630748956735	79
3	838	456.842395270991	80
3	848	461.36211091539	81
3	856	466.760458031531	82
3	865	473.141878354863	83
3	867	473.20456329337	84
3	872	474.470672513292	85
3	893	485.082736012017	86
3	902	491.329315716335	87
3	913	498.695363325082	88
3	920	503.252447346086	89
3	926	505.149240378192	90
3	947	517.678071217571	91
3	958	522.798624548807	92
3	960	523.180430413168	93
3	966	524.322510493498	94
3	975	528.579812064146	95
3	977	528.790427114429	96
3	980	528.993743590238	97
3	986	532.108395551841	98
3	990	534.052817609359	99
3	997	536.767847716774	100
3	1000	536.960559526595	101
3	1007	539.662917135893	102
3	1031	550.289758365507	103
3	1037	551.819862002509	104
3	1059	570.093360079217	105
3	1065	573.758936475519	106
3	1071	575.518002687083	107
3	1086	582.500245670202	108
3	1091	583.567877428088	109
3	1147	618.19628930776	110
3	1163	626.133008143206	111
3	1170	630.274589819739	112
3	1183	636.26820141861	113
3	1210	653.173211595727	114
3	1216	656.372400860653	115
3	1224	659.123280473244	116
3	1230	660.963221055379	117
3	1241	667.110376203699	118
3	1246	668.368967594547	119
3	1255	672.280730402675	120
3	1286	695.758021972731	121
3	1303	706.410154039382	122
3	1320	712.696212047692	123
3	1334	719.923523955777	124
3	1346	727.080690854198	125
3	1355	734.086715780517	126
3	1357	734.459849347441	127
3	1377	746.187615278214	128
3	1382	747.697129360816	129
3	1388	748.818459245626	130
3	1395	751.845632589162	131
3	1406	757.715403374543	132
3	1413	760.727794490985	133
3	1423	765.125118939485	134
3	1427	765.995037509139	135
3	1440	770.381081850925	136
3	1442	770.508464486112	137
3	1450	773.075045483114	138
3	1456	774.954451556639	139
3	1475	784.410118906524	140
3	1477	784.576033443122	141
3	1482	785.763875396848	142
3	1490	790.635691419917	143
3	1502	798.561629404109	144
3	1507	800.17255534792	145
3	1511	801.541314486116	146
3	1516	803.199905527117	147
3	1522	805.714769420184	148
3	1524	805.78237907843	149
3	1529	806.6544379723	150
3	1540	811.210871194392	151
3	1556	820.49289578215	152
3	1561	822.127382575402	153
3	1576	831.998115307798	154
3	1586	838.841782875138	155
3	1594	843.288563494712	156
3	1607	850.831462183025	157
3	1609	851.088622149032	158
3	1617	857.285660850278	159
3	1630	863.111115466203	160
3	1635	865.437435584997	161
3	1651	872.340531441723	162
3	1659	877.35189928447	163
3	1696	902.563607883933	164
3	1698	902.960959982879	165
3	1719	912.849756046523	166
3	1740	923.724326351736	167
3	1748	925.115327259457	168
3	1763	933.255404872116	169
3	1779	941.52514855986	170
3	1781	941.775276640051	171
3	1788	944.874131115886	172
3	1798	948.491478969702	173
3	1805	952.233744207012	174
3	1813	954.369121417065	175
3	1822	958.457513186493	176
3	1824	958.736336394923	177
3	1826	958.82610000452	178
3	1832	959.940166572902	179
3	1860	979.280327017991	180
3	1865	980.873651204693	181
3	1867	981.107685210302	182
3	1873	984.513722077007	183
3	1894	996.991218186232	184
3	1896	997.273186959787	185
4	4	1.57785981133	1
4	11	6.614533846939	2
4	15	8.20925794649	3
4	29	18.923365136142	4
4	40	23.642609643157	5
4	51	27.836711882259	6
4	56	28.360399719346	7
4	70	34.221330948793	8
4	84	40.640708367322	9
4	94	45.704403140946	10
4	96	45.870482280111	11
4	130	73.329909782106	12
4	139	80.091365864895	13
4	141	80.38238285523	14
4	153	85.971757826239	15
4	155	86.146316545766	16
4	165	91.484984461981	17
4	170	92.447524321189	18
4	172	92.676496423757	19
4	196	105.79105165945	20
4	203	112.002832020648	21
4	205	112.215840813514	22
4	210	113.600981910097	23
4	220	117.886891560313	24
4	231	124.210883063877	25
4	255	145.485342448337	26
4	264	149.850533270825	27
4	266	150.160209272549	28
4	268	150.25004183533	29
4	270	150.413034183873	30
4	285	164.168633664719	31
4	291	169.171564038144	32
4	296	170.89773007841	33
4	313	178.566160249344	34
4	318	180.720253591589	35
4	340	195.038004437303	36
4	361	208.998048370231	37
4	374	216.916723158667	38
4	380	219.04467181043	39
4	387	220.626510032111	40
4	389	220.798343949693	41
4	401	226.64637358868	42
4	406	230.005787150554	43
4	418	236.973811385537	44
4	434	245.435595747055	45
4	456	258.321498359044	46
4	461	261.229144643961	47
4	481	271.618862104699	48
4	494	276.105080261846	49
4	498	277.596327391921	50
4	505	281.171149116184	51
4	511	282.643381101705	52
4	534	298.787386548499	53
4	557	311.169034227571	54
4	567	314.659459051818	55
4	573	317.796520851601	56
4	579	320.959152966028	57
4	583	322.475260076042	58
4	630	360.694312217392	59
4	633	361.250764460222	60
4	652	371.065207634429	61
4	670	375.956369135213	62
4	676	377.646828962729	63
4	693	386.780052702141	64
4	695	387.025581904855	65
4	712	394.33593872851	66
4	745	414.993980299789	67
4	754	420.36907963968	68
4	756	420.756349850494	69
4	762	421.859042017615	70
4	764	422.123314983556	71
4	766	422.294529890758	72
4	774	426.60070735453	73
4	779	429.861954862439	74
4	794	436.632607926217	75
4	802	440.022192113131	76
4	827	452.728689055413	77
4	832	454.56736814984	78
4	836	456.630748956735	79
4	838	456.842395270991	80
4	848	461.36211091539	81
4	856	466.760458031531	82
4	865	473.141878354863	83
4	867	473.20456329337	84
4	872	474.470672513292	85
4	893	485.082736012017	86
4	902	491.329315716335	87
4	913	498.695363325082	88
4	920	503.252447346086	89
4	926	505.149240378192	90
4	947	517.678071217571	91
4	958	522.798624548807	92
4	960	523.180430413168	93
4	966	524.322510493498	94
4	975	528.579812064146	95
4	977	528.790427114429	96
4	980	528.993743590238	97
4	986	532.108395551841	98
4	990	534.052817609359	99
4	997	536.767847716774	100
4	1000	536.960559526595	101
4	1007	539.662917135893	102
4	1031	550.289758365507	103
4	1037	551.819862002509	104
4	1059	570.093360079217	105
4	1065	573.758936475519	106
4	1071	575.518002687083	107
4	1086	582.500245670202	108
4	1091	583.567877428088	109
4	1147	618.19628930776	110
4	1163	626.133008143206	111
4	1170	630.274589819739	112
4	1183	636.26820141861	113
4	1210	653.173211595727	114
4	1216	656.372400860653	115
4	1224	659.123280473244	116
4	1230	660.963221055379	117
4	1241	667.110376203699	118
4	1246	668.368967594547	119
4	1255	672.280730402675	120
4	1286	695.758021972731	121
4	1303	706.410154039382	122
4	1320	712.696212047692	123
4	1334	719.923523955777	124
4	1346	727.080690854198	125
4	1355	734.086715780517	126
4	1357	734.459849347441	127
4	1377	746.187615278214	128
4	1382	747.697129360816	129
4	1388	748.818459245626	130
4	1395	751.845632589162	131
4	1406	757.715403374543	132
4	1413	760.727794490985	133
4	1423	765.125118939485	134
4	1427	765.995037509139	135
4	1440	770.381081850925	136
4	1442	770.508464486112	137
4	1450	773.075045483114	138
4	1456	774.954451556639	139
4	1475	784.410118906524	140
4	1477	784.576033443122	141
4	1482	785.763875396848	142
4	1490	790.635691419917	143
4	1502	798.561629404109	144
4	1507	800.17255534792	145
4	1511	801.541314486116	146
4	1516	803.199905527117	147
4	1522	805.714769420184	148
4	1524	805.78237907843	149
4	1529	806.6544379723	150
4	1540	811.210871194392	151
4	1556	820.49289578215	152
4	1561	822.127382575402	153
4	1576	831.998115307798	154
4	1586	838.841782875138	155
4	1594	843.288563494712	156
4	1607	850.831462183025	157
4	1609	851.088622149032	158
4	1617	857.285660850278	159
4	1630	863.111115466203	160
4	1635	865.437435584997	161
4	1651	872.340531441723	162
4	1659	877.35189928447	163
4	1696	902.563607883933	164
4	1698	902.960959982879	165
4	1719	912.849756046523	166
4	1740	923.724326351736	167
4	1748	925.115327259457	168
4	1763	933.255404872116	169
4	1779	941.52514855986	170
4	1781	941.775276640051	171
4	1788	944.874131115886	172
4	1798	948.491478969702	173
4	1805	952.233744207012	174
4	1813	954.369121417065	175
4	1822	958.457513186493	176
4	1824	958.736336394923	177
4	1826	958.82610000452	178
4	1832	959.940166572902	179
4	1860	979.280327017991	180
4	1865	980.873651204693	181
4	1867	981.107685210302	182
4	1873	984.513722077007	183
4	1894	996.991218186232	184
4	1896	997.273186959787	185
5	28	18.779054561543	1
5	39	23.539627663329	2
5	41	23.751499716557	3
5	49	27.478913635441	4
5	52	28.002054256214	5
5	57	28.515530995116	6
5	97	46.04967008422	7
5	140	80.19648866061	8
5	148	84.699222971265	9
5	156	86.302308492257	10
5	171	92.574565782009	11
5	186	101.182516081906	12
5	190	103.125136958032	13
5	209	113.493251518513	14
5	218	117.763664381605	15
5	225	121.01443376533	16
5	232	124.387851718949	17
5	267	150.221778792339	18
5	300	172.442905151229	19
5	304	174.518574003258	20
5	309	177.642000825333	21
5	328	186.569578705053	22
5	339	194.876478158221	23
5	360	208.959323867976	24
5	373	216.875031124544	25
5	378	218.839165198235	26
5	381	219.249706658428	27
5	386	220.444041034536	28
5	388	220.77771021555	29
5	394	221.773510550654	30
5	407	230.138597820833	31
5	423	239.922582444167	32
5	433	245.235172605812	33
5	435	245.54038989145	34
5	454	258.043792501922	35
5	476	269.984737753954	36
5	486	273.215303967133	37
5	499	277.689216930729	38
5	509	282.261283111602	39
5	539	300.416940901785	40
5	558	311.317884441531	41
5	566	314.473020393476	42
5	593	331.939267736223	43
5	618	355.71758169457	44
5	623	358.320958939849	45
5	631	360.89303931959	46
5	650	370.795613318673	47
5	657	372.204992701009	48
5	664	374.651098878473	49
5	668	375.840544046228	50
5	674	377.400474877029	51
5	686	384.561107856111	52
5	700	388.463183764484	53
5	710	394.176268125227	54
5	733	409.044158294035	55
5	738	410.59366511525	56
5	760	421.512496462752	57
5	763	421.921374464747	58
5	786	433.425423588773	59
5	801	439.953813077166	60
5	808	442.560082642835	61
5	818	446.593422238522	62
5	828	452.822366511508	63
5	837	456.679756438947	64
5	846	461.113853226296	65
5	866	473.174228084471	66
5	871	474.414841430379	67
5	876	475.659984049637	68
5	887	482.248388625561	69
5	921	503.353773957221	70
5	925	504.941951291053	71
5	935	510.220317359513	72
5	954	520.928473332533	73
5	959	523.007664816286	74
5	961	523.233471803356	75
5	974	528.492902428795	76
5	978	528.851286534314	77
5	998	536.801440693089	78
5	1006	539.568930110109	79
5	1014	542.944038937836	80
5	1024	548.672955525051	81
5	1029	549.983192037569	82
5	1036	551.688341559283	83
5	1066	573.856873741445	84
5	1072	575.585703955416	85
5	1084	582.386552288225	86
5	1119	603.276342132569	87
5	1131	612.307798894724	88
5	1138	615.073041058047	89
5	1143	616.346200363132	90
5	1148	618.289583426624	91
5	1162	625.982007258234	92
5	1176	633.501684974681	93
5	1182	636.165273256304	94
5	1215	656.31430097104	95
5	1217	656.421854813175	96
5	1225	659.288621008144	97
5	1240	667.058172245662	98
5	1304	706.542107976283	99
5	1310	710.055481673327	100
5	1315	711.470563495951	101
5	1329	718.10516443806	102
5	1347	727.277340193164	103
5	1356	734.266348320813	104
5	1363	737.461231824788	105
5	1378	746.336593194955	106
5	1383	747.827074786894	107
5	1394	751.756499543344	108
5	1411	760.638138160142	109
5	1414	760.833811582634	110
5	1422	764.944252462242	111
5	1428	766.060254331605	112
5	1438	770.191437198033	113
5	1443	770.619006436558	114
5	1449	773.019243189513	115
5	1454	774.723148471951	116
5	1457	775.010401192182	117
5	1465	779.390469985181	118
5	1473	784.280022809359	119
5	1476	784.455857346028	120
5	1489	790.456274210096	121
5	1500	798.329319875298	122
5	1512	801.665903241928	123
5	1538	811.058021221638	124
5	1551	817.445046665859	125
5	1557	820.652073555847	126
5	1577	832.126537315769	127
5	1593	843.108369072405	128
5	1595	843.431073173622	129
5	1629	862.920793755195	130
5	1644	869.157312468739	131
5	1660	877.540849381537	132
5	1666	880.862869396207	133
5	1680	890.823942162181	134
5	1688	897.793706432473	135
5	1697	902.761700441241	136
5	1702	904.541575535445	137
5	1718	912.675134278174	138
5	1741	923.892302214887	139
5	1746	924.819267635724	140
5	1757	929.496819720193	141
5	1762	933.074137744286	142
5	1773	938.894921611406	143
5	1780	941.716292100251	144
5	1782	941.926127249627	145
5	1797	948.423342657246	146
5	1799	948.644002926399	147
5	1804	952.0386807243	148
5	1812	954.17684805185	149
5	1825	958.796025530603	150
5	1830	959.70735890489	151
5	1844	966.318951826339	152
5	1866	981.071694234353	153
5	1884	990.967216250349	154
5	1888	992.302923386384	155
6	28	18.779054561543	1
6	39	23.539627663329	2
6	41	23.751499716557	3
6	49	27.478913635441	4
6	52	28.002054256214	5
6	57	28.515530995116	6
6	97	46.04967008422	7
6	140	80.19648866061	8
6	148	84.699222971265	9
6	156	86.302308492257	10
6	171	92.574565782009	11
6	186	101.182516081906	12
6	190	103.125136958032	13
6	209	113.493251518513	14
6	218	117.763664381605	15
6	225	121.01443376533	16
6	232	124.387851718949	17
6	267	150.221778792339	18
6	300	172.442905151229	19
6	304	174.518574003258	20
6	309	177.642000825333	21
6	328	186.569578705053	22
6	339	194.876478158221	23
6	360	208.959323867976	24
6	373	216.875031124544	25
6	378	218.839165198235	26
6	381	219.249706658428	27
6	386	220.444041034536	28
6	388	220.77771021555	29
6	394	221.773510550654	30
6	407	230.138597820833	31
6	423	239.922582444167	32
6	433	245.235172605812	33
6	435	245.54038989145	34
6	454	258.043792501922	35
6	476	269.984737753954	36
6	486	273.215303967133	37
6	499	277.689216930729	38
6	509	282.261283111602	39
6	539	300.416940901785	40
6	558	311.317884441531	41
6	566	314.473020393476	42
6	593	331.939267736223	43
6	618	355.71758169457	44
6	623	358.320958939849	45
6	631	360.89303931959	46
6	650	370.795613318673	47
6	657	372.204992701009	48
6	664	374.651098878473	49
6	668	375.840544046228	50
6	674	377.400474877029	51
6	686	384.561107856111	52
6	700	388.463183764484	53
6	710	394.176268125227	54
6	733	409.044158294035	55
6	738	410.59366511525	56
6	760	421.512496462752	57
6	763	421.921374464747	58
6	786	433.425423588773	59
6	801	439.953813077166	60
6	808	442.560082642835	61
6	818	446.593422238522	62
6	828	452.822366511508	63
6	837	456.679756438947	64
6	846	461.113853226296	65
6	866	473.174228084471	66
6	871	474.414841430379	67
6	876	475.659984049637	68
6	887	482.248388625561	69
6	921	503.353773957221	70
6	925	504.941951291053	71
6	935	510.220317359513	72
6	954	520.928473332533	73
6	959	523.007664816286	74
6	961	523.233471803356	75
6	974	528.492902428795	76
6	978	528.851286534314	77
6	998	536.801440693089	78
6	1006	539.568930110109	79
6	1014	542.944038937836	80
6	1024	548.672955525051	81
6	1029	549.983192037569	82
6	1036	551.688341559283	83
6	1066	573.856873741445	84
6	1072	575.585703955416	85
6	1084	582.386552288225	86
6	1119	603.276342132569	87
6	1131	612.307798894724	88
6	1138	615.073041058047	89
6	1143	616.346200363132	90
6	1148	618.289583426624	91
6	1162	625.982007258234	92
6	1176	633.501684974681	93
6	1182	636.165273256304	94
6	1215	656.31430097104	95
6	1217	656.421854813175	96
6	1225	659.288621008144	97
6	1240	667.058172245662	98
6	1304	706.542107976283	99
6	1310	710.055481673327	100
6	1315	711.470563495951	101
6	1329	718.10516443806	102
6	1347	727.277340193164	103
6	1356	734.266348320813	104
6	1363	737.461231824788	105
6	1378	746.336593194955	106
6	1383	747.827074786894	107
6	1394	751.756499543344	108
6	1411	760.638138160142	109
6	1414	760.833811582634	110
6	1422	764.944252462242	111
6	1428	766.060254331605	112
6	1438	770.191437198033	113
6	1443	770.619006436558	114
6	1449	773.019243189513	115
6	1454	774.723148471951	116
6	1457	775.010401192182	117
6	1465	779.390469985181	118
6	1473	784.280022809359	119
6	1476	784.455857346028	120
6	1489	790.456274210096	121
6	1500	798.329319875298	122
6	1512	801.665903241928	123
6	1538	811.058021221638	124
6	1551	817.445046665859	125
6	1557	820.652073555847	126
6	1577	832.126537315769	127
6	1593	843.108369072405	128
6	1595	843.431073173622	129
6	1629	862.920793755195	130
6	1644	869.157312468739	131
6	1660	877.540849381537	132
6	1666	880.862869396207	133
6	1680	890.823942162181	134
6	1688	897.793706432473	135
6	1697	902.761700441241	136
6	1702	904.541575535445	137
6	1718	912.675134278174	138
6	1741	923.892302214887	139
6	1746	924.819267635724	140
6	1757	929.496819720193	141
6	1762	933.074137744286	142
6	1773	938.894921611406	143
6	1780	941.716292100251	144
6	1782	941.926127249627	145
6	1797	948.423342657246	146
6	1799	948.644002926399	147
6	1804	952.0386807243	148
6	1812	954.17684805185	149
6	1825	958.796025530603	150
6	1830	959.70735890489	151
6	1844	966.318951826339	152
6	1866	981.071694234353	153
6	1884	990.967216250349	154
6	1888	992.302923386384	155
7	30	19.039360112361	1
7	42	23.952710738812	2
7	50	27.683323895244	3
7	58	28.63129107854	4
7	71	34.398340869879	5
7	85	40.740724657169	6
7	95	45.732005275605	7
7	98	46.162630656069	8
7	142	80.486851965146	9
7	149	84.721275146588	10
7	154	86.070505236303	11
7	166	91.588848300899	12
7	173	92.856539702103	13
7	204	112.072133297402	14
7	211	113.695267019883	15
7	219	117.802995895837	16
7	233	124.509004851082	17
7	265	149.959327239635	18
7	269	150.287230751599	19
7	292	169.354247897141	20
7	362	209.207966627494	21
7	379	218.870784413421	22
7	382	219.281391509714	23
7	390	220.999639718787	24
7	408	230.206246753567	25
7	424	240.017743022712	26
7	455	258.196830073626	27
7	462	261.268427393249	28
7	477	270.12346639204	29
7	482	271.743205570014	30
7	487	273.251079381463	31
7	510	282.434963587126	32
7	535	298.86344049994	33
7	559	311.422399646063	34
7	594	332.126121965376	35
7	624	358.460526192696	36
7	632	361.049666280777	37
7	651	371.001829692945	38
7	653	371.249290528535	39
7	658	372.330329252969	40
7	669	375.903125027063	41
7	675	377.467600222709	42
7	694	386.964893994034	43
7	696	387.104895732971	44
7	701	388.535717743283	45
7	711	394.212658748007	46
7	713	394.518266118649	47
7	734	409.154101625878	48
7	755	420.560611998987	49
7	761	421.671478963624	50
7	765	422.148448006592	51
7	780	429.984328582092	52
7	787	433.566500430409	53
7	795	436.78121167844	54
7	803	440.094747981026	55
7	819	446.647875987543	56
7	847	461.310893066764	57
7	857	466.874426900934	58
7	877	475.773571817545	59
7	936	510.413570459823	60
7	948	517.864459486468	61
7	962	523.307303305751	62
7	976	528.604368089727	63
7	979	528.93852350283	64
7	999	536.900472053657	65
7	1025	548.726988706865	66
7	1030	550.148695843035	67
7	1032	550.451639178396	68
7	1038	551.982467278042	69
7	1067	573.923882974963	70
7	1085	582.467393717445	71
7	1087	582.570582852362	72
7	1092	583.692680449394	73
7	1120	603.467393824049	74
7	1132	612.337870039657	75
7	1139	615.123647068261	76
7	1149	618.370884941759	77
7	1171	630.326196664675	78
7	1177	633.649758880685	79
7	1184	636.425878388398	80
7	1226	659.325117250627	81
7	1242	667.28597452662	82
7	1247	668.485394070599	83
7	1256	672.394265615121	84
7	1287	695.932286766318	85
7	1311	710.224491753238	86
7	1316	711.505832368504	87
7	1321	712.804513701917	88
7	1330	718.179475240626	89
7	1364	737.517832815903	90
7	1384	748.014840673114	91
7	1396	752.029651091977	92
7	1412	760.683090406617	93
7	1429	766.204499873863	94
7	1439	770.216582776029	95
7	1441	770.469677129963	96
7	1455	774.813803507083	97
7	1458	775.128487684597	98
7	1474	784.303892419921	99
7	1478	784.777043390938	100
7	1501	798.438587670291	101
7	1503	798.688158713309	102
7	1523	805.755837881901	103
7	1525	805.977524145109	104
7	1539	811.167899451023	105
7	1541	811.396523063467	106
7	1562	822.249740598856	107
7	1578	832.233646620405	108
7	1608	851.022785255318	109
7	1661	877.70517021163	110
7	1703	904.57944381549	111
7	1720	912.949077495815	112
7	1742	923.922176732919	113
7	1747	924.962253414154	114
7	1764	933.412481230166	115
7	1774	938.935119619163	116
7	1783	942.010547267621	117
7	1789	944.959765383712	118
7	1814	954.52584282587	119
7	1823	958.62753940175	120
7	1831	959.795538087484	121
7	1833	959.999084629935	122
7	1861	979.463623885977	123
7	1868	981.29400938293	124
7	1895	997.152768490698	125
8	30	19.039360112361	1
8	42	23.952710738812	2
8	50	27.683323895244	3
8	58	28.63129107854	4
8	71	34.398340869879	5
8	85	40.740724657169	6
8	95	45.732005275605	7
8	98	46.162630656069	8
8	142	80.486851965146	9
8	149	84.721275146588	10
8	154	86.070505236303	11
8	166	91.588848300899	12
8	173	92.856539702103	13
8	204	112.072133297402	14
8	211	113.695267019883	15
8	219	117.802995895837	16
8	233	124.509004851082	17
8	265	149.959327239635	18
8	269	150.287230751599	19
8	292	169.354247897141	20
8	362	209.207966627494	21
8	379	218.870784413421	22
8	382	219.281391509714	23
8	390	220.999639718787	24
8	408	230.206246753567	25
8	424	240.017743022712	26
8	455	258.196830073626	27
8	462	261.268427393249	28
8	477	270.12346639204	29
8	482	271.743205570014	30
8	487	273.251079381463	31
8	510	282.434963587126	32
8	535	298.86344049994	33
8	559	311.422399646063	34
8	594	332.126121965376	35
8	624	358.460526192696	36
8	632	361.049666280777	37
8	651	371.001829692945	38
8	653	371.249290528535	39
8	658	372.330329252969	40
8	669	375.903125027063	41
8	675	377.467600222709	42
8	694	386.964893994034	43
8	696	387.104895732971	44
8	701	388.535717743283	45
8	711	394.212658748007	46
8	713	394.518266118649	47
8	734	409.154101625878	48
8	755	420.560611998987	49
8	761	421.671478963624	50
8	765	422.148448006592	51
8	780	429.984328582092	52
8	787	433.566500430409	53
8	795	436.78121167844	54
8	803	440.094747981026	55
8	819	446.647875987543	56
8	847	461.310893066764	57
8	857	466.874426900934	58
8	877	475.773571817545	59
8	936	510.413570459823	60
8	948	517.864459486468	61
8	962	523.307303305751	62
8	976	528.604368089727	63
8	979	528.93852350283	64
8	999	536.900472053657	65
8	1025	548.726988706865	66
8	1030	550.148695843035	67
8	1032	550.451639178396	68
8	1038	551.982467278042	69
8	1067	573.923882974963	70
8	1085	582.467393717445	71
8	1087	582.570582852362	72
8	1092	583.692680449394	73
8	1120	603.467393824049	74
8	1132	612.337870039657	75
8	1139	615.123647068261	76
8	1149	618.370884941759	77
8	1171	630.326196664675	78
8	1177	633.649758880685	79
8	1184	636.425878388398	80
8	1226	659.325117250627	81
8	1242	667.28597452662	82
8	1247	668.485394070599	83
8	1256	672.394265615121	84
8	1287	695.932286766318	85
8	1311	710.224491753238	86
8	1316	711.505832368504	87
8	1321	712.804513701917	88
8	1330	718.179475240626	89
8	1364	737.517832815903	90
8	1384	748.014840673114	91
8	1396	752.029651091977	92
8	1412	760.683090406617	93
8	1429	766.204499873863	94
8	1439	770.216582776029	95
8	1441	770.469677129963	96
8	1455	774.813803507083	97
8	1458	775.128487684597	98
8	1474	784.303892419921	99
8	1478	784.777043390938	100
8	1501	798.438587670291	101
8	1503	798.688158713309	102
8	1523	805.755837881901	103
8	1525	805.977524145109	104
8	1539	811.167899451023	105
8	1541	811.396523063467	106
8	1562	822.249740598856	107
8	1578	832.233646620405	108
8	1608	851.022785255318	109
8	1661	877.70517021163	110
8	1703	904.57944381549	111
8	1720	912.949077495815	112
8	1742	923.922176732919	113
8	1747	924.962253414154	114
8	1764	933.412481230166	115
8	1774	938.935119619163	116
8	1783	942.010547267621	117
8	1789	944.959765383712	118
8	1814	954.52584282587	119
8	1823	958.62753940175	120
8	1831	959.795538087484	121
8	1833	959.999084629935	122
8	1861	979.463623885977	123
8	1868	981.29400938293	124
8	1895	997.152768490698	125
9	31	19.175835754168	1
9	72	34.523026671794	2
9	99	46.2581089146	3
9	143	80.65014634611	4
9	167	91.704079427374	5
9	174	93.008137287348	6
9	212	113.771604442821	7
9	293	169.490354864122	8
9	363	209.368699990105	9
9	409	230.360955076915	10
9	463	261.369786416773	11
9	478	270.192409980741	12
9	488	273.437267389145	13
9	595	332.266627333313	14
9	654	371.394642683987	15
9	659	372.464407067051	16
9	697	387.292341724925	17
9	714	394.560597548117	18
9	796	436.917450702487	19
9	878	475.924056547816	20
9	963	523.380125266757	21
9	1026	548.872869049131	22
9	1033	550.586278659979	23
9	1039	552.139028193266	24
9	1088	582.780038572581	25
9	1133	612.501667697117	26
9	1150	618.505980284147	27
9	1243	667.493288696958	28
9	1257	672.466066963869	29
9	1288	695.960673024605	30
9	1312	710.325785290408	31
9	1322	712.977449605346	32
9	1331	718.32301459776	33
9	1385	748.143104508795	34
9	1397	752.109942168093	35
9	1459	775.188051122751	36
9	1504	798.785714055358	37
9	1526	806.064593807022	38
9	1542	811.532012405507	39
9	1662	877.779281084676	40
9	1704	904.631014068713	41
9	1721	913.042134616341	42
9	1743	924.11817667481	43
9	1765	933.597385698049	44
9	1784	942.12988629005	45
9	1790	945.123226544938	46
9	1869	981.476233660456	47
10	31	19.175835754168	2.274490011982
10	72	34.523026671794	1.893776465024
10	99	46.2581089146	2.791337382498
10	143	80.65014634611	2.274827670556
10	167	91.704079427374	1.518606373871
10	174	93.008137287348	1.790859356512
10	212	113.771604442821	1.877361692786
10	293	169.490354864122	2.356900347105
10	363	209.368699990105	2.065512130607
10	409	230.360955076915	2.218160865267
10	463	261.369786416773	1.510770075831
10	478	270.192409980741	1.603801309743
10	488	273.437267389145	2.126323831712
10	595	332.266627333313	2.197674076705
10	654	371.394642683987	1.911334829931
10	659	372.464407067051	1.9609502775
10	697	387.292341724925	1.852304641564
10	714	394.560597548117	2.508937399209
10	796	436.917450702487	2.413442378587
10	878	475.924056547816	1.593729693317
10	963	523.380125266757	2.6786395770119
10	1026	548.872869049131	1.7149492862239
10	1033	550.586278659979	2.1437105007641
10	1039	552.139028193266	2.541191266901
10	1088	582.780038572581	2.5178576933171
10	1133	612.501667697117	1.699812135312
10	1150	618.505980284147	2.2104294564959
10	1243	667.493288696958	1.998132806001
10	1257	672.466066963869	1.7899566896911
10	1288	695.960673024605	2.131675624463
10	1312	710.325785290408	2.310409556316
10	1322	712.977449605346	1.768247286177
10	1331	718.32301459776	1.8536486351931
10	1385	748.143104508795	2.1434773281439
10	1397	752.109942168093	2.0164735469319
10	1459	775.188051122751	2.2957374009079
10	1504	798.785714055358	1.694682938206
10	1526	806.064593807022	1.866429841285
10	1542	811.532012405507	1.863136896312
10	1662	877.779281084676	2.306175414237
10	1704	904.631014068713	2.216595819299
10	1721	913.042134616341	2.492039621136
10	1743	924.11817667481	2.074832328447
10	1765	933.597385698049	2.2845821625369
10	1784	942.12988629005	1.954681507512
10	1790	945.123226544938	2.18789181891
10	1869	981.476233660456	2.439432720841

