version 3
run General-3-20231019-19:32:40-60750
attr configname General
attr datetime 20231019-19:32:40
attr datetimef 20231019-193240
attr experiment General
attr inifile omnetpp.ini
attr iterationvars ""
attr iterationvarsd ""
attr iterationvarsf ""
attr measurement ""
attr network Multihop
attr processid 60750
attr repetition 3
attr replication #3
attr resultdir results
attr runnumber 3
attr seedset 3
config network Multihop
config Multihop.node[*].transmissionTime "uniform(1s, 2s)"
config Multihop.node[*].delayTime "uniform(0.01s, 0.2s)"
config Multihop.node[*].lossProbability 0.3
config record-eventlog true
config sim-time-limit 1000s
config repeat 5

vector 0 Multihop.node[0] txVector ETV
vector 1 Multihop.node[1] rxVector ETV
vector 2 Multihop.node[1] txVector ETV
vector 3 Multihop.node[3] rxVector ETV
vector 4 Multihop.node[3] txVector ETV
vector 5 Multihop.node[4] rxVector ETV
vector 6 Multihop.node[4] txVector ETV
vector 7 Multihop.node[2] rxVector ETV
vector 8 Multihop.node[2] txVector ETV
vector 9 Multihop.node[5] rxVector ETV
vector 10 Multihop.node[5] e2eVector ETV
0	0	0	1
0	1	0.114651601831	2
0	3	1.185376482154	3
0	6	2.306705061416	4
0	7	3.432290377398	5
0	8	4.639533256018	6
0	9	5.691000463977	7
0	11	7.131810302451	8
0	13	8.588643525099	9
0	16	9.867130809068	10
0	18	11.632957183593	11
0	20	13.035317825922	12
0	25	14.341678452981	13
0	34	15.563636337244	14
0	39	16.879403585638	15
0	53	18.465656487341	16
0	56	19.527185416152	17
0	62	20.548411156354	18
0	63	21.724473271589	19
0	64	23.714774460136	20
0	65	25.407425076538	21
0	67	27.15956510657	22
0	71	28.245565821952	23
0	78	29.670295772678	24
0	81	31.036236357479	25
0	88	32.269928366714	26
0	91	33.755022590118	27
0	92	35.097442176961	28
0	96	36.707087891712	29
0	97	37.964294269751	30
0	102	39.2409358165	31
0	105	40.676456368599	32
0	109	42.536509831507	33
0	115	43.694179586904	34
0	124	44.775750629442	35
0	127	46.747374924669	36
0	130	48.566917008325	37
0	132	50.049414046878	38
0	134	51.883101931145	39
0	143	52.975233521616	40
0	148	54.080892726151	41
0	149	55.126390033472	42
0	150	56.182031579386	43
0	153	57.92476885214	44
0	156	59.401700616419	45
0	161	60.475738411607	46
0	163	61.688632747229	47
0	164	62.814453787008	48
0	170	64.807377344068	49
0	172	66.424831526192	50
0	173	67.54945327628	51
0	174	68.580382472673	52
0	176	69.81248086209	53
0	177	71.087118331646	54
0	179	73.029032695177	55
0	184	74.104820899968	56
0	187	75.544242427521	57
0	188	77.337565105711	58
0	190	78.971868575388	59
0	195	80.60992145685	60
0	196	82.221515293303	61
0	199	83.263546147221	62
0	201	84.765469490621	63
0	202	85.835839249963	64
0	208	87.674742657529	65
0	210	89.519018289471	66
0	217	91.37563644799	67
0	218	93.303165724339	68
0	223	94.523502055394	69
0	227	96.239417754883	70
0	231	98.003571997933	71
0	234	99.421794805281	72
0	237	100.989696978197	73
0	239	102.886760586013	74
0	240	104.729001813407	75
0	243	106.361962346665	76
0	250	108.152816528294	77
0	254	109.331816977428	78
0	255	110.385823963515	79
0	256	112.108266166018	80
0	257	113.736291651221	81
0	258	115.144881495347	82
0	267	116.309481043441	83
0	268	117.455076073834	84
0	269	118.992510450145	85
0	273	120.988296758922	86
0	281	122.734967853248	87
0	284	124.680575171092	88
0	285	126.008811523977	89
0	288	127.095055141558	90
0	293	128.559592119024	91
0	298	129.780265772554	92
0	299	131.175017646585	93
0	301	132.197249535077	94
0	308	133.367239552621	95
0	309	134.655214212673	96
0	311	135.682851820324	97
0	316	137.143745839201	98
0	317	138.86323634449	99
0	322	140.343928129017	100
0	325	141.388043349679	101
0	326	143.133409192856	102
0	327	144.863382940484	103
0	332	146.287498840667	104
0	335	147.361182502541	105
0	336	149.045484173415	106
0	339	150.572446430638	107
0	340	152.271375821042	108
0	341	154.033162058867	109
0	346	155.281851990917	110
0	347	156.787818268244	111
0	349	157.848866336583	112
0	354	159.544372626883	113
0	358	160.68855540182	114
0	362	162.402929114714	115
0	368	164.245677651442	116
0	370	166.038083947334	117
0	373	167.669573904318	118
0	375	168.843372350629	119
0	378	170.016114148149	120
0	381	171.954352572631	121
0	384	173.820368391765	122
0	389	175.669075275609	123
0	393	176.797484352324	124
0	396	178.63202153619	125
0	397	179.955855628546	126
0	400	181.430812473945	127
0	405	182.918178133504	128
0	407	184.751863652212	129
0	412	186.588892304409	130
0	414	188.205127667473	131
0	420	190.083936263412	132
0	423	191.329133848032	133
0	424	192.826201377042	134
0	430	194.765659261799	135
0	434	196.046908245028	136
0	437	197.287437832753	137
0	440	199.035820872827	138
0	445	200.390595142335	139
0	448	202.350233708812	140
0	453	203.357851200808	141
0	457	205.052376397956	142
0	458	206.145623979928	143
0	459	207.708300039941	144
0	461	209.384261088982	145
0	465	210.646513392055	146
0	467	211.789605909796	147
0	472	212.867788208486	148
0	473	214.506541836379	149
0	474	216.419439673727	150
0	476	217.962437343388	151
0	477	219.178129529418	152
0	478	220.635857468541	153
0	482	222.581318277004	154
0	484	224.36366420805	155
0	486	225.8903244199	156
0	489	227.725007334328	157
0	490	228.769484837609	158
0	493	230.020577373518	159
0	496	231.981118609965	160
0	501	233.694621506682	161
0	504	235.391750522493	162
0	510	236.851393377012	163
0	513	238.569253524835	164
0	517	240.071523472736	165
0	523	241.224634416703	166
0	524	242.44993785147	167
0	526	243.677920602098	168
0	529	244.705063177341	169
0	531	246.560907654765	170
0	538	247.722812871284	171
0	543	249.675196897772	172
0	550	250.831131324007	173
0	555	252.614109103869	174
0	558	254.526813584215	175
0	564	255.702470331521	176
0	570	257.12382437738	177
0	575	258.486602246131	178
0	581	259.659569451886	179
0	584	261.548529038739	180
0	587	263.014696957844	181
0	593	264.099648701095	182
0	594	265.246761647121	183
0	596	266.41293467914	184
0	604	268.391207954914	185
0	606	270.102076637859	186
0	607	271.747229085139	187
0	616	272.997230927994	188
0	622	274.57183256822	189
0	624	275.713588062975	190
0	629	277.560297204483	191
0	630	279.1702002255	192
0	633	280.334887880202	193
0	639	282.104438072605	194
0	641	283.421143945608	195
0	642	285.035109002212	196
0	650	286.208318366505	197
0	660	287.599969647428	198
0	666	288.808185868034	199
0	668	290.067937025403	200
0	670	291.852870662765	201
0	673	293.314512007705	202
0	678	294.487893108812	203
0	681	295.512185462818	204
0	684	297.015167821965	205
0	685	298.249625570441	206
0	689	299.440611962064	207
0	693	300.775820687714	208
0	698	302.185375032549	209
0	699	303.66717268417	210
0	706	305.589835386093	211
0	707	306.771557014038	212
0	709	308.227074654608	213
0	710	309.777503001572	214
0	711	311.731829112231	215
0	716	312.894910020123	216
0	721	314.474566696978	217
0	726	315.789502689217	218
0	727	317.713591245769	219
0	728	319.376573840922	220
0	730	321.31488871814	221
0	731	322.88988149592	222
0	733	324.883283105514	223
0	735	326.684277692179	224
0	736	328.311951982624	225
0	737	329.704274087048	226
0	741	330.926991147756	227
0	742	332.099444972885	228
0	744	333.284492351649	229
0	747	334.570837540388	230
0	750	336.325161304394	231
0	756	338.149076568963	232
0	758	339.539180936361	233
0	763	340.754588465741	234
0	766	342.028642890345	235
0	767	343.315759809291	236
0	770	345.153575384825	237
0	772	346.270850501557	238
0	774	348.020857357488	239
0	778	349.72129638756	240
0	781	351.649780681658	241
0	786	353.297991082606	242
0	792	354.880306412301	243
0	794	356.565941380405	244
0	795	357.741623526973	245
0	797	359.069847312126	246
0	801	360.284287235768	247
0	806	361.649789373924	248
0	808	362.887858381097	249
0	810	364.128378644886	250
0	811	365.499076818882	251
0	813	366.534242203527	252
0	815	367.815427827484	253
0	820	369.132982148857	254
0	826	371.124748064273	255
0	827	373.05044287287	256
0	829	374.300965354613	257
0	834	376.121499786221	258
0	839	378.114866542465	259
0	842	379.780235353227	260
0	844	380.865004884846	261
0	845	382.458117422483	262
0	852	384.373725260676	263
0	855	385.647223699673	264
0	859	387.329624513931	265
0	861	388.693786533385	266
0	863	389.896918655907	267
0	867	391.794580990982	268
0	869	393.59841218225	269
0	871	395.187880659311	270
0	874	396.564346900743	271
0	875	398.299579880734	272
0	879	400.081728692002	273
0	881	401.432270807282	274
0	884	403.355342891368	275
0	887	404.984474802923	276
0	888	406.36548892136	277
0	889	408.044646228266	278
0	896	409.140714138116	279
0	897	410.739295194459	280
0	902	411.7579401192	281
0	905	413.058330775306	282
0	908	414.701111634562	283
0	909	416.305127394919	284
0	912	417.947494119706	285
0	925	419.868783377178	286
0	932	421.618893289307	287
0	937	423.053786351412	288
0	940	424.816162406999	289
0	945	426.294951608937	290
0	949	427.793356601681	291
0	950	429.44939021703	292
0	952	430.56716486632	293
0	960	432.251715747007	294
0	965	433.354478827976	295
0	967	434.727454077285	296
0	969	436.134085097648	297
0	971	437.438981177117	298
0	980	438.637478764699	299
0	982	440.029189086584	300
0	986	441.854201464746	301
0	988	443.19330534555	302
0	993	445.162362518087	303
0	995	446.279945479305	304
0	996	447.412697711791	305
0	998	448.706738170534	306
0	1000	450.690784867452	307
0	1002	452.112385022286	308
0	1006	453.975049503445	309
0	1008	455.412989034848	310
0	1014	457.347516169138	311
0	1015	458.477964899102	312
0	1016	459.915318987863	313
0	1019	460.956249786606	314
0	1023	462.79597164534	315
0	1030	464.558686832729	316
0	1032	466.525636921701	317
0	1037	468.244364743418	318
0	1039	469.940647764196	319
0	1040	471.059756833426	320
0	1043	472.716699502728	321
0	1045	474.588033814979	322
0	1047	475.740052701271	323
0	1048	477.292746804952	324
0	1049	478.653519833059	325
0	1051	480.300661748805	326
0	1056	481.326246536634	327
0	1057	482.486054645916	328
0	1061	484.302475616401	329
0	1062	486.017743291864	330
0	1063	487.211658471096	331
0	1071	488.352022373182	332
0	1075	489.435806657019	333
0	1080	491.218968407781	334
0	1081	492.607563292206	335
0	1083	494.569683441723	336
0	1084	496.191138668282	337
0	1086	497.720610635418	338
0	1092	498.765709894307	339
0	1098	499.942924764536	340
0	1099	501.225013811204	341
0	1105	502.41906219471	342
0	1112	503.813558048399	343
0	1117	505.724275415361	344
0	1120	507.576702584576	345
0	1128	508.977703728078	346
0	1132	510.665224876784	347
0	1135	512.642520899948	348
0	1143	514.573929179523	349
0	1144	515.751303590664	350
0	1148	517.202652848621	351
0	1150	518.343323701124	352
0	1151	519.71819457907	353
0	1154	520.84799514205	354
0	1156	522.038888019806	355
0	1163	523.183330323145	356
0	1164	524.481856063072	357
0	1166	525.809991146269	358
0	1173	527.285646897339	359
0	1175	529.070805653295	360
0	1180	530.800192531961	361
0	1181	532.677616249136	362
0	1183	533.745237734699	363
0	1188	534.937837234996	364
0	1190	536.326324305795	365
0	1193	537.940170635534	366
0	1196	539.156129351882	367
0	1198	540.794843254443	368
0	1201	541.939979357943	369
0	1203	543.159076737305	370
0	1205	544.663540914254	371
0	1206	546.56390683243	372
0	1208	547.826692041307	373
0	1209	549.009646259778	374
0	1210	550.205250009493	375
0	1212	552.118216774724	376
0	1216	553.873467065459	377
0	1220	555.103006387427	378
0	1221	556.284217136511	379
0	1222	558.214328549401	380
0	1223	559.46628153121	381
0	1226	561.026673279068	382
0	1233	562.88932372473	383
0	1237	564.468615670752	384
0	1239	565.488450166833	385
0	1241	566.832296464889	386
0	1243	568.470944588835	387
0	1244	569.852620108583	388
0	1249	571.591776091437	389
0	1254	573.290474828397	390
0	1258	574.548209692183	391
0	1259	575.800860795257	392
0	1260	577.190729603934	393
0	1263	579.132482212799	394
0	1267	580.628127252048	395
0	1268	582.146281340456	396
0	1269	583.817936261714	397
0	1271	585.063479562587	398
0	1272	586.467875024601	399
0	1276	587.81630996202	400
0	1279	589.80902018451	401
0	1281	591.54865223036	402
0	1288	593.300560508453	403
0	1290	594.580009354808	404
0	1293	596.00200727472	405
0	1295	597.023513990519	406
0	1297	598.486792119052	407
0	1304	599.927679668246	408
0	1306	601.393853945956	409
0	1314	602.479555480946	410
0	1318	604.161213659747	411
0	1322	605.358658263293	412
0	1326	607.335930104433	413
0	1331	608.512587548998	414
0	1336	609.684011422164	415
0	1345	611.55299312791	416
0	1352	612.741844154495	417
0	1355	614.014146860755	418
0	1356	615.92477906176	419
0	1358	617.142354657241	420
0	1364	618.633383481829	421
0	1366	620.523066242058	422
0	1367	621.885998486607	423
0	1368	623.498442979362	424
0	1377	625.47018327198	425
0	1383	627.007852903167	426
0	1385	628.166017257907	427
0	1388	629.947162021483	428
0	1389	631.48509050726	429
0	1390	632.584388615396	430
0	1391	633.967863077596	431
0	1392	635.27409600473	432
0	1393	636.532198782377	433
0	1399	637.97329853924	434
0	1404	639.597516358895	435
0	1411	641.310627467297	436
0	1412	642.650930063631	437
0	1420	643.69134981797	438
0	1422	644.960670119216	439
0	1426	646.724681555125	440
0	1434	648.461397925689	441
0	1436	649.868774829264	442
0	1441	651.054670825665	443
0	1442	652.932277659251	444
0	1447	654.564438130305	445
0	1449	655.686365425884	446
0	1451	656.710743067152	447
0	1454	657.85506358656	448
0	1455	658.873399525712	449
0	1458	660.27266001731	450
0	1460	661.337834894954	451
0	1463	662.435289582302	452
0	1465	664.116297824373	453
0	1468	665.676422372525	454
0	1477	667.486036549853	455
0	1479	668.975686627272	456
0	1480	670.844110167184	457
0	1487	672.560295914597	458
0	1488	674.428740013222	459
0	1494	676.034254438308	460
0	1498	677.833013923437	461
0	1499	679.207336203725	462
0	1501	680.743552435254	463
0	1502	682.57058695198	464
0	1503	683.779450745619	465
0	1504	685.521809597098	466
0	1505	686.876960026397	467
0	1513	688.148355135525	468
0	1521	689.796354436845	469
0	1523	691.679883914831	470
0	1527	693.431895283581	471
0	1528	694.484564925608	472
0	1530	695.863986924588	473
0	1532	697.666050444189	474
0	1533	698.909126017075	475
0	1538	700.77954205947	476
0	1539	702.269252640028	477
0	1544	704.11506526039	478
0	1545	705.980103447633	479
0	1550	707.618090361888	480
0	1552	709.615587918386	481
0	1554	710.911893944554	482
0	1557	712.783916569846	483
0	1559	714.521212810716	484
0	1560	716.217522867089	485
0	1564	718.185797410849	486
0	1565	720.147429419513	487
0	1567	721.969299979805	488
0	1568	723.525506033161	489
0	1569	725.215802309401	490
0	1570	726.786660952326	491
0	1571	728.160597438058	492
0	1576	729.228980753869	493
0	1579	730.778489241442	494
0	1580	732.374752931362	495
0	1581	734.042808457343	496
0	1582	735.785539488373	497
0	1586	737.742541071092	498
0	1588	738.937966675096	499
0	1589	740.302186436084	500
0	1591	741.565239498456	501
0	1596	743.473594846734	502
0	1597	745.440934500256	503
0	1600	747.30749767513	504
0	1602	748.55476155418	505
0	1607	749.781971284719	506
0	1609	751.056375798834	507
0	1613	752.449745016004	508
0	1617	753.687252378156	509
0	1622	755.301367548825	510
0	1626	756.642317245779	511
0	1628	757.951002263063	512
0	1632	759.160295614805	513
0	1636	760.793142950926	514
0	1637	762.449989500754	515
0	1640	763.992301071128	516
0	1642	765.082328405529	517
0	1648	766.25190574333	518
0	1650	768.128711362667	519
0	1651	769.769966536266	520
0	1652	771.021848913812	521
0	1657	772.132861115801	522
0	1659	773.345285325142	523
0	1664	774.794687691441	524
0	1665	776.141277586406	525
0	1668	777.667267319111	526
0	1670	778.740857341856	527
0	1671	779.867431477241	528
0	1676	781.317318414401	529
0	1684	783.287189050641	530
0	1686	784.486152230593	531
0	1689	786.468047575856	532
0	1693	788.461452538677	533
0	1695	790.420165142807	534
0	1697	792.019270645286	535
0	1702	793.416860970733	536
0	1706	794.856030430942	537
0	1707	796.822119259107	538
0	1711	798.666763071734	539
0	1712	800.032613547584	540
0	1717	801.702233520867	541
0	1719	802.962082853838	542
0	1724	803.998277377867	543
0	1731	805.480888901808	544
0	1732	806.620685375592	545
0	1733	808.576794590865	546
0	1736	810.415121223609	547
0	1742	812.223524140258	548
0	1745	813.864748689876	549
0	1746	814.973824203777	550
0	1747	816.217145225097	551
0	1751	817.506749884522	552
0	1753	818.59808067914	553
0	1759	820.385733630805	554
0	1762	821.482756911841	555
0	1764	823.303741506598	556
0	1766	824.902777144051	557
0	1771	826.842227390566	558
0	1778	828.197244746209	559
0	1780	829.500785958552	560
0	1789	830.739541066642	561
0	1792	832.147549463733	562
0	1797	833.620553949213	563
0	1798	834.954059896822	564
0	1800	836.001832422166	565
0	1802	837.411113249901	566
0	1808	838.758959260135	567
0	1810	839.948683808622	568
0	1816	841.502521697729	569
0	1818	842.996151763079	570
0	1824	844.916305555095	571
0	1826	846.690805730009	572
0	1830	848.240610674787	573
0	1835	849.379107629014	574
0	1836	851.001300289593	575
0	1839	852.70106320695	576
0	1841	854.07711814723	577
0	1845	856.010912693171	578
0	1847	857.014290777333	579
0	1850	858.959763406375	580
0	1862	860.440521088261	581
0	1864	861.512212387118	582
0	1865	862.716937571596	583
0	1869	863.90164580971	584
0	1871	865.242151971739	585
0	1872	866.702134435363	586
0	1875	867.819439495047	587
0	1881	869.424588155765	588
0	1885	871.253693304788	589
0	1887	872.812892862195	590
0	1890	874.644902424719	591
0	1891	876.118426455017	592
0	1893	877.526694573993	593
0	1898	878.893715436636	594
0	1900	880.696694956925	595
0	1902	882.239760319535	596
0	1908	883.708975487687	597
0	1909	884.84688806261	598
0	1913	886.690992214317	599
0	1915	887.852760995571	600
0	1918	889.694818443684	601
0	1925	891.157413687855	602
0	1926	893.019427120518	603
0	1934	894.071227291897	604
0	1937	895.386198749831	605
0	1939	896.59155529418	606
0	1941	897.857410883596	607
0	1947	898.894604610577	608
0	1948	900.846807429865	609
0	1950	902.725485910727	610
0	1952	903.854392960966	611
0	1956	905.669284918877	612
0	1957	907.129697072618	613
0	1959	908.875063731168	614
0	1960	909.888199816524	615
0	1961	911.376136874846	616
0	1965	913.178005277245	617
0	1968	914.612519734605	618
0	1969	915.67096833868	619
0	1975	917.460294098659	620
0	1977	918.721544385721	621
0	1980	919.973975709938	622
0	1981	921.948904767698	623
0	1983	923.100110690408	624
0	1989	924.709086347903	625
0	1990	926.064446549463	626
0	1993	927.528649143009	627
0	1997	928.657235884173	628
0	1998	930.105202768995	629
0	2001	932.093258224959	630
0	2003	933.382359828866	631
0	2006	935.212337250189	632
0	2009	936.543973281347	633
0	2013	937.56051792374	634
0	2017	939.304803266256	635
0	2018	940.974813780581	636
0	2019	942.570471280554	637
0	2020	943.707288758896	638
0	2026	945.361949280204	639
0	2029	946.74562645035	640
0	2030	947.809299168476	641
0	2032	949.104525317039	642
0	2035	950.527926235061	643
0	2038	951.871672871357	644
0	2041	953.174659894148	645
0	2043	954.746978230376	646
0	2046	955.930919202345	647
0	2053	957.222693959551	648
0	2055	958.96837389569	649
0	2056	960.439302318331	650
0	2058	961.948009493595	651
0	2061	963.596017653888	652
0	2068	965.17648740166	653
0	2074	966.537202667977	654
0	2079	967.915025440344	655
0	2088	969.589055428115	656
0	2094	970.906448229748	657
0	2095	972.471468129262	658
0	2097	974.151906923225	659
0	2098	975.974558479452	660
0	2102	977.266480991683	661
0	2103	978.507173305909	662
0	2108	979.887533196547	663
0	2111	981.433458804219	664
0	2113	982.587152591973	665
0	2117	984.087512180741	666
0	2120	985.560437649555	667
0	2121	986.765491048173	668
0	2125	988.576327883239	669
0	2127	990.045105137463	670
0	2134	991.513021197236	671
0	2138	992.823342927798	672
0	2140	994.423432023098	673
0	2143	996.170212750855	674
0	2150	997.573468792318	675
0	2154	998.924043195621	676
1	4	1.313545634032	1
1	14	8.737131956751	2
1	21	13.166775620606	3
1	26	14.435392991829	4
1	35	15.690562655551	5
1	40	16.953266279148	6
1	54	18.531764817431	7
1	57	19.638850118635	8
1	68	27.306033782012	9
1	72	28.42132416042	10
1	79	29.795336241689	11
1	82	31.094783110632	12
1	89	32.376431444683	13
1	93	35.140359476797	14
1	98	38.032125156762	15
1	103	39.274260993009	16
1	106	40.737951969952	17
1	110	42.645936367953	18
1	116	43.772639495256	19
1	125	44.865614196184	20
1	128	46.82484960005	21
1	135	51.944132330213	22
1	144	53.078644034733	23
1	151	56.259922000715	24
1	154	58.042863145054	25
1	157	59.512694551154	26
1	165	62.916825302363	27
1	180	73.101159606692	28
1	185	74.195497158815	29
1	191	79.116344018467	30
1	197	82.320796003675	31
1	203	85.986991721849	32
1	211	89.690320232437	33
1	219	93.371032481544	34
1	224	94.693420464095	35
1	228	96.298489269736	36
1	232	98.208811280675	37
1	235	99.463631929419	38
1	241	104.899328055679	39
1	244	106.568672970219	40
1	251	108.305674496785	41
1	259	115.234008352736	42
1	270	119.021831152668	43
1	274	121.117246802191	44
1	282	122.781240942092	45
1	286	126.093920584451	46
1	289	127.116327043227	47
1	294	128.741303587953	48
1	302	132.331876584992	49
1	312	135.77454822034	50
1	318	138.899238458151	51
1	323	140.461288611482	52
1	328	144.970013883101	53
1	333	146.407996694395	54
1	337	149.130364733681	55
1	342	154.138023510578	56
1	350	157.983856355219	57
1	355	159.681648446755	58
1	359	160.740971448806	59
1	363	162.508173293882	60
1	371	166.187592732055	61
1	376	169.012379939154	62
1	379	170.092656521069	63
1	382	172.046499610868	64
1	385	173.891527623966	65
1	390	175.786065114311	66
1	394	176.850829469357	67
1	398	180.140587192635	68
1	401	181.53087398188	69
1	408	184.874803593031	70
1	415	188.228543383424	71
1	421	190.116584561161	72
1	425	193.032235887902	73
1	431	194.828736187154	74
1	435	196.18184264491	75
1	438	197.49506474649	76
1	441	199.079444569199	77
1	446	200.45241855878	78
1	449	202.463088913645	79
1	454	203.503826282882	80
1	462	209.570502309367	81
1	468	211.960653938943	82
1	479	220.755132594169	83
1	487	226.088326765804	84
1	491	228.834671705274	85
1	494	230.156297697198	86
1	497	232.066984339942	87
1	502	233.84310840076	88
1	505	235.547619012768	89
1	511	237.001375419858	90
1	514	238.707469999976	91
1	518	240.164856141765	92
1	527	243.79901501268	93
1	532	246.702940857115	94
1	539	247.764719613589	95
1	544	249.817115743184	96
1	551	250.854573096477	97
1	556	252.688792123427	98
1	559	254.618826641173	99
1	565	255.723657857551	100
1	571	257.205073971158	101
1	576	258.509231102388	102
1	582	259.744087204279	103
1	585	261.618119772854	104
1	588	263.049543422763	105
1	597	266.54428827097	106
1	608	271.891517621649	107
1	617	273.189694858821	108
1	625	275.869608987673	109
1	631	279.352589512536	110
1	634	280.389656649852	111
1	643	285.099489144437	112
1	651	286.267403023088	113
1	661	287.765782972727	114
1	671	292.004958727521	115
1	674	293.47023416475	116
1	679	294.630069116471	117
1	682	295.706882783147	118
1	686	298.429202147371	119
1	690	299.478472019802	120
1	694	300.797911575025	121
1	700	303.752095127391	122
1	712	311.811603216662	123
1	717	313.086022804345	124
1	722	314.649342906378	125
1	738	329.894609924299	126
1	745	333.364696375296	127
1	748	334.738189254803	128
1	751	336.47483981504	129
1	759	339.590811646717	130
1	764	340.808868349725	131
1	768	343.497036438521	132
1	775	348.204077173849	133
1	779	349.80211343475	134
1	782	351.842414627062	135
1	787	353.365875827307	136
1	798	359.192057468403	137
1	802	360.340307196177	138
1	816	367.942874847167	139
1	821	369.222091499481	140
1	830	374.461040758626	141
1	835	376.263538338826	142
1	840	378.230076775549	143
1	846	382.602899706618	144
1	853	384.418946722169	145
1	856	385.749670369071	146
1	864	389.967824581541	147
1	872	395.291666017988	148
1	876	398.441275163056	149
1	882	401.466851380505	150
1	885	403.545082197909	151
1	890	408.237296749494	152
1	898	410.825442451858	153
1	903	411.957002833805	154
1	906	413.088172943324	155
1	910	416.371696128641	156
1	913	418.002023045376	157
1	926	419.949932823693	158
1	933	421.819933644919	159
1	938	423.229460101855	160
1	941	424.975770340477	161
1	946	426.336991280324	162
1	953	430.621796245814	163
1	961	432.323618231247	164
1	972	437.550716834235	165
1	983	440.177702344546	166
1	989	443.376862843807	167
1	1003	452.229496100004	168
1	1009	455.531860064426	169
1	1017	460.082699798024	170
1	1020	461.039431461168	171
1	1024	462.96309545251	172
1	1033	466.683617861554	173
1	1041	471.267470906555	174
1	1052	480.470795993841	175
1	1058	482.593340380543	176
1	1064	487.281282148056	177
1	1072	488.547769263891	178
1	1076	489.587907349373	179
1	1087	497.926879680569	180
1	1093	498.818681701187	181
1	1100	501.272100870139	182
1	1106	502.543914493632	183
1	1113	503.94374004738	184
1	1118	505.756520810375	185
1	1121	507.657569681951	186
1	1129	509.088503192638	187
1	1133	510.814037718632	188
1	1136	512.832748733077	189
1	1145	515.866349688642	190
1	1152	519.81275125246	191
1	1157	522.121158523209	192
1	1167	526.01950746474	193
1	1176	529.177166228277	194
1	1184	533.925458262939	195
1	1191	536.465806449142	196
1	1194	538.130987082927	197
1	1199	540.891326471767	198
1	1213	552.294992897724	199
1	1217	554.070791819577	200
1	1224	559.500836561205	201
1	1227	561.124204314645	202
1	1234	562.912292193422	203
1	1245	569.912188483988	204
1	1250	571.669293433269	205
1	1255	573.409578386568	206
1	1261	577.223528815209	207
1	1264	579.165988721159	208
1	1273	586.633234688732	209
1	1277	587.888324109955	210
1	1282	591.675194565785	211
1	1291	594.672033915944	212
1	1298	598.602387809243	213
1	1307	601.596929571894	214
1	1319	604.268106784807	215
1	1323	605.559189522481	216
1	1327	607.402322536586	217
1	1332	608.556659789859	218
1	1337	609.711495530977	219
1	1346	611.735432927682	220
1	1353	612.870244915968	221
1	1359	617.286212081044	222
1	1369	623.585764351122	223
1	1378	625.550462400124	224
1	1386	628.200646151484	225
1	1394	636.612247326889	226
1	1400	638.016907216872	227
1	1405	639.62968020542	228
1	1413	642.761845256812	229
1	1423	645.085763840877	230
1	1427	646.926245169546	231
1	1437	649.902440800375	232
1	1443	652.956041370482	233
1	1452	656.784555106984	234
1	1456	658.920312101695	235
1	1461	661.544335243	236
1	1466	664.245152486739	237
1	1469	665.790703732508	238
1	1481	670.926185642794	239
1	1489	674.461277656915	240
1	1495	676.12244483957	241
1	1506	687.055941929543	242
1	1514	688.257444522566	243
1	1524	691.868443798915	244
1	1534	699.101217065086	245
1	1540	702.382482681794	246
1	1546	706.12733062889	247
1	1555	711.082346838075	248
1	1561	716.271143737226	249
1	1572	728.3165820896	250
1	1577	729.367789530673	251
1	1583	735.87528838891	252
1	1592	741.699596175737	253
1	1598	745.592066143515	254
1	1603	748.594316137897	255
1	1610	751.171272867154	256
1	1614	752.520084782538	257
1	1618	753.793608458133	258
1	1623	755.456474440088	259
1	1629	758.052191987733	260
1	1633	759.28778987743	261
1	1638	762.562768246748	262
1	1643	765.22354343754	263
1	1653	771.087932552783	264
1	1660	773.38160261077	265
1	1666	776.27020685294	266
1	1672	780.01721119093	267
1	1677	781.402384963036	268
1	1687	784.614057257633	269
1	1690	786.547710364478	270
1	1698	792.118120362613	271
1	1703	793.610948907141	272
1	1708	796.853050434994	273
1	1713	800.197204306738	274
1	1720	803.020258370353	275
1	1725	804.161958943204	276
1	1734	808.662814954239	277
1	1737	810.439086680411	278
1	1743	812.428939314351	279
1	1748	816.283810641641	280
1	1754	818.655463276574	281
1	1760	820.584501113243	282
1	1767	825.020382126881	283
1	1772	826.949771179097	284
1	1781	829.544817418423	285
1	1790	830.802160265373	286
1	1793	832.235321338832	287
1	1803	837.586663995	288
1	1811	839.968860515497	289
1	1819	843.030924962335	290
1	1827	846.734940797602	291
1	1831	848.394450893292	292
1	1837	851.179615370519	293
1	1842	854.27162918231	294
1	1848	857.072663643684	295
1	1851	859.021043126005	296
1	1866	862.777118036418	297
1	1873	866.781571462673	298
1	1876	867.884932087294	299
1	1882	869.550262023376	300
1	1888	872.998922103473	301
1	1894	877.673887287881	302
1	1903	882.4291451949	303
1	1910	884.911866175177	304
1	1916	887.952514420031	305
1	1919	889.730460183392	306
1	1927	893.079979323237	307
1	1935	894.279620519558	308
1	1942	898.005746818583	309
1	1953	904.05628344693	310
1	1962	911.42940934789	311
1	1966	913.241570013862	312
1	1970	915.867804433983	313
1	1978	918.782577190177	314
1	1984	923.196390278868	315
1	1991	926.113864979545	316
1	1994	927.603015388174	317
1	1999	930.127402989951	318
1	2004	933.450822690815	319
1	2007	935.407039352847	320
1	2010	936.65760288253	321
1	2014	937.687432607455	322
1	2021	943.786776456651	323
1	2027	945.531719411643	324
1	2033	949.225982020434	325
1	2036	950.703072789839	326
1	2039	951.948442952716	327
1	2044	954.919827014713	328
1	2047	956.084249279043	329
1	2059	962.14393527613	330
1	2062	963.639617730271	331
1	2069	965.240326222951	332
1	2075	966.575996365486	333
1	2080	968.025220357593	334
1	2089	969.749351603192	335
1	2099	976.143876079027	336
1	2104	978.684998607431	337
1	2109	980.054280961038	338
1	2114	982.618644819172	339
1	2118	984.272396204424	340
1	2122	986.940443958564	341
1	2128	990.169716213379	342
1	2135	991.636138197196	343
1	2141	994.455567718752	344
1	2144	996.210478041243	345
1	2151	997.612350823733	346
1	2155	998.97501600595	347
2	4	1.313545634032	1
2	14	8.737131956751	2
2	21	13.166775620606	3
2	26	14.435392991829	4
2	35	15.690562655551	5
2	40	16.953266279148	6
2	54	18.531764817431	7
2	57	19.638850118635	8
2	68	27.306033782012	9
2	72	28.42132416042	10
2	79	29.795336241689	11
2	82	31.094783110632	12
2	89	32.376431444683	13
2	93	35.140359476797	14
2	98	38.032125156762	15
2	103	39.274260993009	16
2	106	40.737951969952	17
2	110	42.645936367953	18
2	116	43.772639495256	19
2	125	44.865614196184	20
2	128	46.82484960005	21
2	135	51.944132330213	22
2	144	53.078644034733	23
2	151	56.259922000715	24
2	154	58.042863145054	25
2	157	59.512694551154	26
2	165	62.916825302363	27
2	180	73.101159606692	28
2	185	74.195497158815	29
2	191	79.116344018467	30
2	197	82.320796003675	31
2	203	85.986991721849	32
2	211	89.690320232437	33
2	219	93.371032481544	34
2	224	94.693420464095	35
2	228	96.298489269736	36
2	232	98.208811280675	37
2	235	99.463631929419	38
2	241	104.899328055679	39
2	244	106.568672970219	40
2	251	108.305674496785	41
2	259	115.234008352736	42
2	270	119.021831152668	43
2	274	121.117246802191	44
2	282	122.781240942092	45
2	286	126.093920584451	46
2	289	127.116327043227	47
2	294	128.741303587953	48
2	302	132.331876584992	49
2	312	135.77454822034	50
2	318	138.899238458151	51
2	323	140.461288611482	52
2	328	144.970013883101	53
2	333	146.407996694395	54
2	337	149.130364733681	55
2	342	154.138023510578	56
2	350	157.983856355219	57
2	355	159.681648446755	58
2	359	160.740971448806	59
2	363	162.508173293882	60
2	371	166.187592732055	61
2	376	169.012379939154	62
2	379	170.092656521069	63
2	382	172.046499610868	64
2	385	173.891527623966	65
2	390	175.786065114311	66
2	394	176.850829469357	67
2	398	180.140587192635	68
2	401	181.53087398188	69
2	408	184.874803593031	70
2	415	188.228543383424	71
2	421	190.116584561161	72
2	425	193.032235887902	73
2	431	194.828736187154	74
2	435	196.18184264491	75
2	438	197.49506474649	76
2	441	199.079444569199	77
2	446	200.45241855878	78
2	449	202.463088913645	79
2	454	203.503826282882	80
2	462	209.570502309367	81
2	468	211.960653938943	82
2	479	220.755132594169	83
2	487	226.088326765804	84
2	491	228.834671705274	85
2	494	230.156297697198	86
2	497	232.066984339942	87
2	502	233.84310840076	88
2	505	235.547619012768	89
2	511	237.001375419858	90
2	514	238.707469999976	91
2	518	240.164856141765	92
2	527	243.79901501268	93
2	532	246.702940857115	94
2	539	247.764719613589	95
2	544	249.817115743184	96
2	551	250.854573096477	97
2	556	252.688792123427	98
2	559	254.618826641173	99
2	565	255.723657857551	100
2	571	257.205073971158	101
2	576	258.509231102388	102
2	582	259.744087204279	103
2	585	261.618119772854	104
2	588	263.049543422763	105
2	597	266.54428827097	106
2	608	271.891517621649	107
2	617	273.189694858821	108
2	625	275.869608987673	109
2	631	279.352589512536	110
2	634	280.389656649852	111
2	643	285.099489144437	112
2	651	286.267403023088	113
2	661	287.765782972727	114
2	671	292.004958727521	115
2	674	293.47023416475	116
2	679	294.630069116471	117
2	682	295.706882783147	118
2	686	298.429202147371	119
2	690	299.478472019802	120
2	694	300.797911575025	121
2	700	303.752095127391	122
2	712	311.811603216662	123
2	717	313.086022804345	124
2	722	314.649342906378	125
2	738	329.894609924299	126
2	745	333.364696375296	127
2	748	334.738189254803	128
2	751	336.47483981504	129
2	759	339.590811646717	130
2	764	340.808868349725	131
2	768	343.497036438521	132
2	775	348.204077173849	133
2	779	349.80211343475	134
2	782	351.842414627062	135
2	787	353.365875827307	136
2	798	359.192057468403	137
2	802	360.340307196177	138
2	816	367.942874847167	139
2	821	369.222091499481	140
2	830	374.461040758626	141
2	835	376.263538338826	142
2	840	378.230076775549	143
2	846	382.602899706618	144
2	853	384.418946722169	145
2	856	385.749670369071	146
2	864	389.967824581541	147
2	872	395.291666017988	148
2	876	398.441275163056	149
2	882	401.466851380505	150
2	885	403.545082197909	151
2	890	408.237296749494	152
2	898	410.825442451858	153
2	903	411.957002833805	154
2	906	413.088172943324	155
2	910	416.371696128641	156
2	913	418.002023045376	157
2	926	419.949932823693	158
2	933	421.819933644919	159
2	938	423.229460101855	160
2	941	424.975770340477	161
2	946	426.336991280324	162
2	953	430.621796245814	163
2	961	432.323618231247	164
2	972	437.550716834235	165
2	983	440.177702344546	166
2	989	443.376862843807	167
2	1003	452.229496100004	168
2	1009	455.531860064426	169
2	1017	460.082699798024	170
2	1020	461.039431461168	171
2	1024	462.96309545251	172
2	1033	466.683617861554	173
2	1041	471.267470906555	174
2	1052	480.470795993841	175
2	1058	482.593340380543	176
2	1064	487.281282148056	177
2	1072	488.547769263891	178
2	1076	489.587907349373	179
2	1087	497.926879680569	180
2	1093	498.818681701187	181
2	1100	501.272100870139	182
2	1106	502.543914493632	183
2	1113	503.94374004738	184
2	1118	505.756520810375	185
2	1121	507.657569681951	186
2	1129	509.088503192638	187
2	1133	510.814037718632	188
2	1136	512.832748733077	189
2	1145	515.866349688642	190
2	1152	519.81275125246	191
2	1157	522.121158523209	192
2	1167	526.01950746474	193
2	1176	529.177166228277	194
2	1184	533.925458262939	195
2	1191	536.465806449142	196
2	1194	538.130987082927	197
2	1199	540.891326471767	198
2	1213	552.294992897724	199
2	1217	554.070791819577	200
2	1224	559.500836561205	201
2	1227	561.124204314645	202
2	1234	562.912292193422	203
2	1245	569.912188483988	204
2	1250	571.669293433269	205
2	1255	573.409578386568	206
2	1261	577.223528815209	207
2	1264	579.165988721159	208
2	1273	586.633234688732	209
2	1277	587.888324109955	210
2	1282	591.675194565785	211
2	1291	594.672033915944	212
2	1298	598.602387809243	213
2	1307	601.596929571894	214
2	1319	604.268106784807	215
2	1323	605.559189522481	216
2	1327	607.402322536586	217
2	1332	608.556659789859	218
2	1337	609.711495530977	219
2	1346	611.735432927682	220
2	1353	612.870244915968	221
2	1359	617.286212081044	222
2	1369	623.585764351122	223
2	1378	625.550462400124	224
2	1386	628.200646151484	225
2	1394	636.612247326889	226
2	1400	638.016907216872	227
2	1405	639.62968020542	228
2	1413	642.761845256812	229
2	1423	645.085763840877	230
2	1427	646.926245169546	231
2	1437	649.902440800375	232
2	1443	652.956041370482	233
2	1452	656.784555106984	234
2	1456	658.920312101695	235
2	1461	661.544335243	236
2	1466	664.245152486739	237
2	1469	665.790703732508	238
2	1481	670.926185642794	239
2	1489	674.461277656915	240
2	1495	676.12244483957	241
2	1506	687.055941929543	242
2	1514	688.257444522566	243
2	1524	691.868443798915	244
2	1534	699.101217065086	245
2	1540	702.382482681794	246
2	1546	706.12733062889	247
2	1555	711.082346838075	248
2	1561	716.271143737226	249
2	1572	728.3165820896	250
2	1577	729.367789530673	251
2	1583	735.87528838891	252
2	1592	741.699596175737	253
2	1598	745.592066143515	254
2	1603	748.594316137897	255
2	1610	751.171272867154	256
2	1614	752.520084782538	257
2	1618	753.793608458133	258
2	1623	755.456474440088	259
2	1629	758.052191987733	260
2	1633	759.28778987743	261
2	1638	762.562768246748	262
2	1643	765.22354343754	263
2	1653	771.087932552783	264
2	1660	773.38160261077	265
2	1666	776.27020685294	266
2	1672	780.01721119093	267
2	1677	781.402384963036	268
2	1687	784.614057257633	269
2	1690	786.547710364478	270
2	1698	792.118120362613	271
2	1703	793.610948907141	272
2	1708	796.853050434994	273
2	1713	800.197204306738	274
2	1720	803.020258370353	275
2	1725	804.161958943204	276
2	1734	808.662814954239	277
2	1737	810.439086680411	278
2	1743	812.428939314351	279
2	1748	816.283810641641	280
2	1754	818.655463276574	281
2	1760	820.584501113243	282
2	1767	825.020382126881	283
2	1772	826.949771179097	284
2	1781	829.544817418423	285
2	1790	830.802160265373	286
2	1793	832.235321338832	287
2	1803	837.586663995	288
2	1811	839.968860515497	289
2	1819	843.030924962335	290
2	1827	846.734940797602	291
2	1831	848.394450893292	292
2	1837	851.179615370519	293
2	1842	854.27162918231	294
2	1848	857.072663643684	295
2	1851	859.021043126005	296
2	1866	862.777118036418	297
2	1873	866.781571462673	298
2	1876	867.884932087294	299
2	1882	869.550262023376	300
2	1888	872.998922103473	301
2	1894	877.673887287881	302
2	1903	882.4291451949	303
2	1910	884.911866175177	304
2	1916	887.952514420031	305
2	1919	889.730460183392	306
2	1927	893.079979323237	307
2	1935	894.279620519558	308
2	1942	898.005746818583	309
2	1953	904.05628344693	310
2	1962	911.42940934789	311
2	1966	913.241570013862	312
2	1970	915.867804433983	313
2	1978	918.782577190177	314
2	1984	923.196390278868	315
2	1991	926.113864979545	316
2	1994	927.603015388174	317
2	1999	930.127402989951	318
2	2004	933.450822690815	319
2	2007	935.407039352847	320
2	2010	936.65760288253	321
2	2014	937.687432607455	322
2	2021	943.786776456651	323
2	2027	945.531719411643	324
2	2033	949.225982020434	325
2	2036	950.703072789839	326
2	2039	951.948442952716	327
2	2044	954.919827014713	328
2	2047	956.084249279043	329
2	2059	962.14393527613	330
2	2062	963.639617730271	331
2	2069	965.240326222951	332
2	2075	966.575996365486	333
2	2080	968.025220357593	334
2	2089	969.749351603192	335
2	2099	976.143876079027	336
2	2104	978.684998607431	337
2	2109	980.054280961038	338
2	2114	982.618644819172	339
2	2118	984.272396204424	340
2	2122	986.940443958564	341
2	2128	990.169716213379	342
2	2135	991.636138197196	343
2	2141	994.455567718752	344
2	2144	996.210478041243	345
2	2151	997.612350823733	346
2	2155	998.97501600595	347
3	22	13.216580491334	1
3	29	14.78075919407	2
3	31	14.971184612586	3
3	36	15.761717415794	4
3	41	17.044349977495	5
3	43	17.135494204447	6
3	45	17.276788868017	7
3	47	17.538142439875	8
3	49	17.869406267117	9
3	51	18.130941847443	10
3	59	19.990824258847	11
3	75	28.91294247354	12
3	84	31.355249460316	13
3	86	31.445058676055	14
3	94	35.187592616541	15
3	99	38.143131033453	16
3	111	42.730667179873	17
3	113	42.958315442208	18
3	117	43.93079838896	19
3	119	44.015324596512	20
3	121	44.345413802339	21
3	136	52.11614322237	22
3	138	52.259904887108	23
3	140	52.55105267842	24
3	146	53.320660602268	25
3	158	59.601300468415	26
3	167	63.12339192272	27
3	181	73.231010645581	28
3	192	79.188698986131	29
3	206	86.387469144933	30
3	214	90.140919832618	31
3	225	94.808527918827	32
3	229	96.468367414631	33
3	245	106.775405876629	34
3	247	107.05992288208	35
3	261	115.612205375846	36
3	264	115.993182252111	37
3	271	119.163170917864	38
3	275	121.201589485659	39
3	278	121.552059355027	40
3	296	128.942144612523	41
3	305	132.668759539069	42
3	313	135.877516610309	43
3	344	154.215458989197	44
3	356	159.887353349741	45
3	360	160.930992832203	46
3	364	162.667619800848	47
3	391	175.973708098305	48
3	402	181.601979570899	49
3	416	188.331864626606	50
3	427	193.356553806021	51
3	432	194.938470739834	52
3	443	199.348060670005	53
3	450	202.637166870072	54
3	455	203.53251189201	55
3	463	209.63551090781	56
3	470	212.272259804649	57
3	507	235.802327434744	58
3	519	240.20717443061	59
3	534	247.024198499746	60
3	536	247.137639539806	61
3	540	247.972001984896	62
3	545	249.845009281005	63
3	547	249.966543749078	64
3	553	251.093095555764	65
3	561	254.922039487327	66
3	567	255.936592215636	67
3	572	257.402228148171	68
3	578	258.678750003237	69
3	591	263.535543267602	70
3	599	266.801079544987	71
3	601	266.911386616645	72
3	610	271.990182269279	73
3	612	272.321076962019	74
3	614	272.547838040933	75
3	619	273.448667902419	76
3	627	276.081681009394	77
3	637	280.750007556757	78
3	644	285.199247216434	79
3	646	285.404240875243	80
3	652	286.42383604084	81
3	655	286.716225092787	82
3	657	287.02218442547	83
3	662	287.852637344067	84
3	664	288.093950916467	85
3	676	293.714562530362	86
3	687	298.554910788741	87
3	695	300.819768797893	88
3	701	303.894521181908	89
3	703	304.099240928216	90
3	719	313.376669878364	91
3	752	336.631036762121	92
3	760	339.690755119516	93
3	784	352.115689134811	94
3	788	353.406379236223	95
3	799	359.343792591161	96
3	824	369.517690692934	97
3	848	382.773469161078	98
3	850	382.848237151878	99
3	857	385.904942634187	100
3	892	408.450069242139	101
3	894	408.686069296278	102
3	914	418.204746662601	103
3	916	418.50248717857	104
3	918	418.682752434064	105
3	920	418.865901792254	106
3	922	419.102205906526	107
3	927	420.154106012785	108
3	929	420.45381975664	109
3	942	425.064918483027	110
3	954	430.748168781082	111
3	956	430.975117095827	112
3	973	437.75800158505	113
3	975	437.87733179436	114
3	978	438.324880524501	115
3	984	440.235008207319	116
3	1004	452.409959311142	117
3	1010	455.571549465605	118
3	1012	455.948795619374	119
3	1021	461.112678119822	120
3	1025	462.987759258281	121
3	1027	463.192913835221	122
3	1059	482.661416862185	123
3	1065	487.481315412833	124
3	1067	487.77785984094	125
3	1069	487.870606905897	126
3	1077	489.680805175562	127
3	1090	498.16266309283	128
3	1094	498.857687464995	129
3	1096	499.002476640039	130
3	1102	501.554829055101	131
3	1108	502.844574036421	132
3	1110	503.20595040871	133
3	1124	508.114133920444	134
3	1139	513.115212616543	135
3	1141	513.324190162604	136
3	1159	522.3727187449	137
3	1161	522.578339463913	138
3	1168	526.125071870002	139
3	1170	526.375833051292	140
3	1177	529.305056430559	141
3	1185	534.011705065348	142
3	1218	554.159114346739	143
3	1228	561.172957272158	144
3	1230	561.419802585785	145
3	1235	562.969459423442	146
3	1247	570.127210405885	147
3	1251	571.759069262298	148
3	1256	573.487537753561	149
3	1274	586.732830995532	150
3	1283	591.749941915896	151
3	1285	592.147642108773	152
3	1299	598.624123577214	153
3	1301	598.980792206905	154
3	1308	601.719116611343	155
3	1310	601.976599405335	156
3	1313	602.351150035814	157
3	1328	607.546135115093	158
3	1334	608.771461021957	159
3	1339	609.929880520331	160
3	1341	610.071274249726	161
3	1343	610.143003173976	162
3	1347	611.766920067399	163
3	1349	611.902666897171	164
3	1361	617.569894754443	165
3	1371	623.783751013508	166
3	1374	624.227863616235	167
3	1380	625.831434039981	168
3	1395	636.773820666077	169
3	1401	638.1486315566	170
3	1406	639.657275334091	171
3	1409	640.013661412504	172
3	1415	642.990431234548	173
3	1417	643.079253384278	174
3	1424	645.154889386952	175
3	1428	647.103651794409	176
3	1431	647.404641742973	177
3	1444	652.976726748125	178
3	1470	665.822776820054	179
3	1472	665.981746872872	180
3	1474	666.317096732453	181
3	1482	671.054335070354	182
3	1484	671.398968606285	183
3	1492	674.893389393438	184
3	1508	687.303148017697	185
3	1510	687.531740812127	186
3	1516	688.427774683187	187
3	1518	688.743721038868	188
3	1541	702.476758619354	189
3	1547	706.325259678252	190
3	1584	735.896176210019	191
3	1593	741.881006690205	192
3	1605	748.856242909525	193
3	1611	751.246446880621	194
3	1615	752.709815553613	195
3	1624	755.551102519473	196
3	1634	759.476144230026	197
3	1645	765.48925971251	198
3	1680	781.642632711311	199
3	1682	781.919930374899	200
3	1714	800.327325309725	201
3	1721	803.195493591529	202
3	1727	804.368871943675	203
3	1729	804.570841741403	204
3	1738	810.483655816904	205
3	1740	810.70545819046	206
3	1755	818.761024389303	207
3	1757	818.954523239989	208
3	1773	827.150810813146	209
3	1775	827.309471609258	210
3	1782	829.595201812409	211
3	1784	829.726454281117	212
3	1786	830.135406772675	213
3	1804	837.68363860424	214
3	1806	837.955253702391	215
3	1812	840.111280585522	216
3	1814	840.44955899792	217
3	1820	843.164393608598	218
3	1843	854.32053578875	219
3	1852	859.049233547611	220
3	1855	859.434536287322	221
3	1857	859.549669501014	222
3	1859	859.818618321869	223
3	1877	868.013554510206	224
3	1883	869.649382168059	225
3	1904	882.602116626608	226
3	1911	885.058200657441	227
3	1920	889.780418848104	228
3	1922	890.121785373834	229
3	1928	893.185966985852	230
3	1930	893.290606494181	231
3	1943	898.145448345032	232
3	1963	911.467709160592	233
3	1972	915.98168895622	234
3	1987	923.507933816209	235
3	2022	943.810520936728	236
3	2050	956.315809940028	237
3	2063	963.834839687814	238
3	2065	964.207750285807	239
3	2071	965.62361297354	240
3	2076	966.596129733451	241
3	2083	968.402390296169	242
3	2086	968.791695671918	243
3	2091	969.929331199894	244
3	2100	976.23604053949	245
3	2130	990.548210336022	246
3	2132	990.869159862707	247
3	2145	996.379615941608	248
3	2147	996.549530239183	249
4	22	13.216580491334	1
4	29	14.78075919407	2
4	31	14.971184612586	3
4	36	15.761717415794	4
4	41	17.044349977495	5
4	43	17.135494204447	6
4	45	17.276788868017	7
4	47	17.538142439875	8
4	49	17.869406267117	9
4	51	18.130941847443	10
4	59	19.990824258847	11
4	75	28.91294247354	12
4	84	31.355249460316	13
4	86	31.445058676055	14
4	94	35.187592616541	15
4	99	38.143131033453	16
4	111	42.730667179873	17
4	113	42.958315442208	18
4	117	43.93079838896	19
4	119	44.015324596512	20
4	121	44.345413802339	21
4	136	52.11614322237	22
4	138	52.259904887108	23
4	140	52.55105267842	24
4	146	53.320660602268	25
4	158	59.601300468415	26
4	167	63.12339192272	27
4	181	73.231010645581	28
4	192	79.188698986131	29
4	206	86.387469144933	30
4	214	90.140919832618	31
4	225	94.808527918827	32
4	229	96.468367414631	33
4	245	106.775405876629	34
4	247	107.05992288208	35
4	261	115.612205375846	36
4	264	115.993182252111	37
4	271	119.163170917864	38
4	275	121.201589485659	39
4	278	121.552059355027	40
4	296	128.942144612523	41
4	305	132.668759539069	42
4	313	135.877516610309	43
4	344	154.215458989197	44
4	356	159.887353349741	45
4	360	160.930992832203	46
4	364	162.667619800848	47
4	391	175.973708098305	48
4	402	181.601979570899	49
4	416	188.331864626606	50
4	427	193.356553806021	51
4	432	194.938470739834	52
4	443	199.348060670005	53
4	450	202.637166870072	54
4	455	203.53251189201	55
4	463	209.63551090781	56
4	470	212.272259804649	57
4	507	235.802327434744	58
4	519	240.20717443061	59
4	534	247.024198499746	60
4	536	247.137639539806	61
4	540	247.972001984896	62
4	545	249.845009281005	63
4	547	249.966543749078	64
4	553	251.093095555764	65
4	561	254.922039487327	66
4	567	255.936592215636	67
4	572	257.402228148171	68
4	578	258.678750003237	69
4	591	263.535543267602	70
4	599	266.801079544987	71
4	601	266.911386616645	72
4	610	271.990182269279	73
4	612	272.321076962019	74
4	614	272.547838040933	75
4	619	273.448667902419	76
4	627	276.081681009394	77
4	637	280.750007556757	78
4	644	285.199247216434	79
4	646	285.404240875243	80
4	652	286.42383604084	81
4	655	286.716225092787	82
4	657	287.02218442547	83
4	662	287.852637344067	84
4	664	288.093950916467	85
4	676	293.714562530362	86
4	687	298.554910788741	87
4	695	300.819768797893	88
4	701	303.894521181908	89
4	703	304.099240928216	90
4	719	313.376669878364	91
4	752	336.631036762121	92
4	760	339.690755119516	93
4	784	352.115689134811	94
4	788	353.406379236223	95
4	799	359.343792591161	96
4	824	369.517690692934	97
4	848	382.773469161078	98
4	850	382.848237151878	99
4	857	385.904942634187	100
4	892	408.450069242139	101
4	894	408.686069296278	102
4	914	418.204746662601	103
4	916	418.50248717857	104
4	918	418.682752434064	105
4	920	418.865901792254	106
4	922	419.102205906526	107
4	927	420.154106012785	108
4	929	420.45381975664	109
4	942	425.064918483027	110
4	954	430.748168781082	111
4	956	430.975117095827	112
4	973	437.75800158505	113
4	975	437.87733179436	114
4	978	438.324880524501	115
4	984	440.235008207319	116
4	1004	452.409959311142	117
4	1010	455.571549465605	118
4	1012	455.948795619374	119
4	1021	461.112678119822	120
4	1025	462.987759258281	121
4	1027	463.192913835221	122
4	1059	482.661416862185	123
4	1065	487.481315412833	124
4	1067	487.77785984094	125
4	1069	487.870606905897	126
4	1077	489.680805175562	127
4	1090	498.16266309283	128
4	1094	498.857687464995	129
4	1096	499.002476640039	130
4	1102	501.554829055101	131
4	1108	502.844574036421	132
4	1110	503.20595040871	133
4	1124	508.114133920444	134
4	1139	513.115212616543	135
4	1141	513.324190162604	136
4	1159	522.3727187449	137
4	1161	522.578339463913	138
4	1168	526.125071870002	139
4	1170	526.375833051292	140
4	1177	529.305056430559	141
4	1185	534.011705065348	142
4	1218	554.159114346739	143
4	1228	561.172957272158	144
4	1230	561.419802585785	145
4	1235	562.969459423442	146
4	1247	570.127210405885	147
4	1251	571.759069262298	148
4	1256	573.487537753561	149
4	1274	586.732830995532	150
4	1283	591.749941915896	151
4	1285	592.147642108773	152
4	1299	598.624123577214	153
4	1301	598.980792206905	154
4	1308	601.719116611343	155
4	1310	601.976599405335	156
4	1313	602.351150035814	157
4	1328	607.546135115093	158
4	1334	608.771461021957	159
4	1339	609.929880520331	160
4	1341	610.071274249726	161
4	1343	610.143003173976	162
4	1347	611.766920067399	163
4	1349	611.902666897171	164
4	1361	617.569894754443	165
4	1371	623.783751013508	166
4	1374	624.227863616235	167
4	1380	625.831434039981	168
4	1395	636.773820666077	169
4	1401	638.1486315566	170
4	1406	639.657275334091	171
4	1409	640.013661412504	172
4	1415	642.990431234548	173
4	1417	643.079253384278	174
4	1424	645.154889386952	175
4	1428	647.103651794409	176
4	1431	647.404641742973	177
4	1444	652.976726748125	178
4	1470	665.822776820054	179
4	1472	665.981746872872	180
4	1474	666.317096732453	181
4	1482	671.054335070354	182
4	1484	671.398968606285	183
4	1492	674.893389393438	184
4	1508	687.303148017697	185
4	1510	687.531740812127	186
4	1516	688.427774683187	187
4	1518	688.743721038868	188
4	1541	702.476758619354	189
4	1547	706.325259678252	190
4	1584	735.896176210019	191
4	1593	741.881006690205	192
4	1605	748.856242909525	193
4	1611	751.246446880621	194
4	1615	752.709815553613	195
4	1624	755.551102519473	196
4	1634	759.476144230026	197
4	1645	765.48925971251	198
4	1680	781.642632711311	199
4	1682	781.919930374899	200
4	1714	800.327325309725	201
4	1721	803.195493591529	202
4	1727	804.368871943675	203
4	1729	804.570841741403	204
4	1738	810.483655816904	205
4	1740	810.70545819046	206
4	1755	818.761024389303	207
4	1757	818.954523239989	208
4	1773	827.150810813146	209
4	1775	827.309471609258	210
4	1782	829.595201812409	211
4	1784	829.726454281117	212
4	1786	830.135406772675	213
4	1804	837.68363860424	214
4	1806	837.955253702391	215
4	1812	840.111280585522	216
4	1814	840.44955899792	217
4	1820	843.164393608598	218
4	1843	854.32053578875	219
4	1852	859.049233547611	220
4	1855	859.434536287322	221
4	1857	859.549669501014	222
4	1859	859.818618321869	223
4	1877	868.013554510206	224
4	1883	869.649382168059	225
4	1904	882.602116626608	226
4	1911	885.058200657441	227
4	1920	889.780418848104	228
4	1922	890.121785373834	229
4	1928	893.185966985852	230
4	1930	893.290606494181	231
4	1943	898.145448345032	232
4	1963	911.467709160592	233
4	1972	915.98168895622	234
4	1987	923.507933816209	235
4	2022	943.810520936728	236
4	2050	956.315809940028	237
4	2063	963.834839687814	238
4	2065	964.207750285807	239
4	2071	965.62361297354	240
4	2076	966.596129733451	241
4	2083	968.402390296169	242
4	2086	968.791695671918	243
4	2091	969.929331199894	244
4	2100	976.23604053949	245
4	2130	990.548210336022	246
4	2132	990.869159862707	247
4	2145	996.379615941608	248
4	2147	996.549530239183	249
5	23	13.380536887991	1
5	28	14.607062646149	2
5	32	15.097174357713	3
5	37	15.82035477628	4
5	42	17.103377942114	5
5	50	17.953977513256	6
5	74	28.751439532122	7
5	100	38.190931115705	8
5	118	43.968825842397	9
5	120	44.158743515644	10
5	122	44.45978014371	11
5	141	52.672652303867	12
5	159	59.706004402335	13
5	168	63.260951873586	14
5	182	73.389740957864	15
5	205	86.278987461793	16
5	213	89.972719220361	17
5	215	90.197263657947	18
5	221	93.426212635365	19
5	246	106.905031106695	20
5	248	107.185822685963	21
5	263	115.854655486249	22
5	265	116.106483901242	23
5	277	121.522411158535	24
5	279	121.686211085599	25
5	291	127.414735012823	26
5	304	132.508160855721	27
5	306	132.762522136648	28
5	314	136.031063355853	29
5	320	139.100298784823	30
5	330	145.254956905505	31
5	352	158.153509023678	32
5	366	162.88017643181	33
5	387	174.086174579916	34
5	410	185.071588765011	35
5	418	188.540591490022	36
5	428	193.404855505143	37
5	499	232.229308334131	38
5	521	240.472059627971	39
5	535	247.061863530223	40
5	568	256.03112640449	41
5	579	258.726690693771	42
5	590	263.331612121375	43
5	602	266.979300753309	44
5	620	273.489244670739	45
5	636	280.665784874708	46
5	648	285.516327257232	47
5	654	286.588009274829	48
5	658	287.231908279845	49
5	696	301.012989452149	50
5	704	304.237822084569	51
5	714	312.049014304003	52
5	724	314.893014365058	53
5	754	336.931731876189	54
5	761	339.72939402999	55
5	790	353.591196421583	56
5	804	360.580397497635	57
5	818	368.067433808789	58
5	823	369.432589107679	59
5	832	374.730742836479	60
5	837	376.478251200078	61
5	893	408.610509056231	62
5	900	411.063397386601	63
5	919	418.77144051786	64
5	921	419.059683181522	65
5	923	419.308338592925	66
5	930	420.484117287434	67
5	935	422.031526761468	68
5	943	425.264378903794	69
5	955	430.93522139789	70
5	958	431.266558936121	71
5	963	432.536033122766	72
5	974	437.780441583231	73
5	977	438.155143759085	74
5	991	443.701341736328	75
5	1026	463.166364828858	76
5	1028	463.353531102524	77
5	1035	466.839647929265	78
5	1054	480.603999743565	79
5	1078	489.792516437291	80
5	1089	498.044397410206	81
5	1095	498.937557130731	82
5	1103	501.68570353446	83
5	1109	503.001422635291	84
5	1115	504.061728530573	85
5	1123	507.922584409381	86
5	1126	508.369202075499	87
5	1138	512.917932311527	88
5	1160	522.401646859046	89
5	1171	526.550586056936	90
5	1186	534.099734847924	91
5	1252	571.908913382939	92
5	1309	601.923158445246	93
5	1312	602.158124745956	94
5	1315	602.544325621019	95
5	1329	607.618274865176	96
5	1348	611.84991123461	97
5	1362	617.767713891884	98
5	1373	624.08877356036	99
5	1375	624.284090850129	100
5	1381	626.002290251984	101
5	1397	636.992851601027	102
5	1408	639.841083658219	103
5	1418	643.103013624212	104
5	1430	647.343436209286	105
5	1439	650.13198259147	106
5	1473	666.131233602605	107
5	1475	666.480341536355	108
5	1485	671.604094909212	109
5	1491	674.785806390687	110
5	1511	687.699328150277	111
5	1519	688.865342471792	112
5	1536	699.438652063583	113
5	1542	702.673982898407	114
5	1574	728.38835343593	115
5	1594	741.910738168512	116
5	1620	754.113487172188	117
5	1646	765.670992368171	118
5	1655	771.248035859432	119
5	1662	773.703028151509	120
5	1674	780.323977968846	121
5	1679	781.549051773828	122
5	1700	792.494818474174	123
5	1715	800.442807714772	124
5	1722	803.250820442763	125
5	1769	825.160298897835	126
5	1774	827.185823233601	127
5	1776	827.399340600088	128
5	1783	829.674633279777	129
5	1785	829.93186541926	130
5	1795	832.453240647955	131
5	1805	837.844774552356	132
5	1813	840.268130766425	133
5	1822	843.301043061588	134
5	1833	848.671682199484	135
5	1854	859.383196574334	136
5	1856	859.486500898966	137
5	1879	868.200956688872	138
5	1896	877.871329973559	139
5	1906	882.838095103837	140
5	1921	889.982823535979	141
5	1929	893.236632639843	142
5	1932	893.600126191823	143
5	1945	898.354255743625	144
5	1973	916.107863892461	145
5	1986	923.362558214269	146
5	2024	944.123309215766	147
5	2049	956.230270120439	148
5	2051	956.354677388445	149
5	2072	965.73133653392	150
5	2077	966.765360556467	151
5	2082	968.281786909444	152
5	2085	968.591735908106	153
5	2106	978.940478979361	154
5	2146	996.528845507634	155
5	2148	996.680410413543	156
6	23	13.380536887991	1
6	28	14.607062646149	2
6	32	15.097174357713	3
6	37	15.82035477628	4
6	42	17.103377942114	5
6	50	17.953977513256	6
6	74	28.751439532122	7
6	100	38.190931115705	8
6	118	43.968825842397	9
6	120	44.158743515644	10
6	122	44.45978014371	11
6	141	52.672652303867	12
6	159	59.706004402335	13
6	168	63.260951873586	14
6	182	73.389740957864	15
6	205	86.278987461793	16
6	213	89.972719220361	17
6	215	90.197263657947	18
6	221	93.426212635365	19
6	246	106.905031106695	20
6	248	107.185822685963	21
6	263	115.854655486249	22
6	265	116.106483901242	23
6	277	121.522411158535	24
6	279	121.686211085599	25
6	291	127.414735012823	26
6	304	132.508160855721	27
6	306	132.762522136648	28
6	314	136.031063355853	29
6	320	139.100298784823	30
6	330	145.254956905505	31
6	352	158.153509023678	32
6	366	162.88017643181	33
6	387	174.086174579916	34
6	410	185.071588765011	35
6	418	188.540591490022	36
6	428	193.404855505143	37
6	499	232.229308334131	38
6	521	240.472059627971	39
6	535	247.061863530223	40
6	568	256.03112640449	41
6	579	258.726690693771	42
6	590	263.331612121375	43
6	602	266.979300753309	44
6	620	273.489244670739	45
6	636	280.665784874708	46
6	648	285.516327257232	47
6	654	286.588009274829	48
6	658	287.231908279845	49
6	696	301.012989452149	50
6	704	304.237822084569	51
6	714	312.049014304003	52
6	724	314.893014365058	53
6	754	336.931731876189	54
6	761	339.72939402999	55
6	790	353.591196421583	56
6	804	360.580397497635	57
6	818	368.067433808789	58
6	823	369.432589107679	59
6	832	374.730742836479	60
6	837	376.478251200078	61
6	893	408.610509056231	62
6	900	411.063397386601	63
6	919	418.77144051786	64
6	921	419.059683181522	65
6	923	419.308338592925	66
6	930	420.484117287434	67
6	935	422.031526761468	68
6	943	425.264378903794	69
6	955	430.93522139789	70
6	958	431.266558936121	71
6	963	432.536033122766	72
6	974	437.780441583231	73
6	977	438.155143759085	74
6	991	443.701341736328	75
6	1026	463.166364828858	76
6	1028	463.353531102524	77
6	1035	466.839647929265	78
6	1054	480.603999743565	79
6	1078	489.792516437291	80
6	1089	498.044397410206	81
6	1095	498.937557130731	82
6	1103	501.68570353446	83
6	1109	503.001422635291	84
6	1115	504.061728530573	85
6	1123	507.922584409381	86
6	1126	508.369202075499	87
6	1138	512.917932311527	88
6	1160	522.401646859046	89
6	1171	526.550586056936	90
6	1186	534.099734847924	91
6	1252	571.908913382939	92
6	1309	601.923158445246	93
6	1312	602.158124745956	94
6	1315	602.544325621019	95
6	1329	607.618274865176	96
6	1348	611.84991123461	97
6	1362	617.767713891884	98
6	1373	624.08877356036	99
6	1375	624.284090850129	100
6	1381	626.002290251984	101
6	1397	636.992851601027	102
6	1408	639.841083658219	103
6	1418	643.103013624212	104
6	1430	647.343436209286	105
6	1439	650.13198259147	106
6	1473	666.131233602605	107
6	1475	666.480341536355	108
6	1485	671.604094909212	109
6	1491	674.785806390687	110
6	1511	687.699328150277	111
6	1519	688.865342471792	112
6	1536	699.438652063583	113
6	1542	702.673982898407	114
6	1574	728.38835343593	115
6	1594	741.910738168512	116
6	1620	754.113487172188	117
6	1646	765.670992368171	118
6	1655	771.248035859432	119
6	1662	773.703028151509	120
6	1674	780.323977968846	121
6	1679	781.549051773828	122
6	1700	792.494818474174	123
6	1715	800.442807714772	124
6	1722	803.250820442763	125
6	1769	825.160298897835	126
6	1774	827.185823233601	127
6	1776	827.399340600088	128
6	1783	829.674633279777	129
6	1785	829.93186541926	130
6	1795	832.453240647955	131
6	1805	837.844774552356	132
6	1813	840.268130766425	133
6	1822	843.301043061588	134
6	1833	848.671682199484	135
6	1854	859.383196574334	136
6	1856	859.486500898966	137
6	1879	868.200956688872	138
6	1896	877.871329973559	139
6	1906	882.838095103837	140
6	1921	889.982823535979	141
6	1929	893.236632639843	142
6	1932	893.600126191823	143
6	1945	898.354255743625	144
6	1973	916.107863892461	145
6	1986	923.362558214269	146
6	2024	944.123309215766	147
6	2049	956.230270120439	148
6	2051	956.354677388445	149
6	2072	965.73133653392	150
6	2077	966.765360556467	151
6	2082	968.281786909444	152
6	2085	968.591735908106	153
6	2106	978.940478979361	154
6	2146	996.528845507634	155
6	2148	996.680410413543	156
7	27	14.459309747213	1
7	30	14.872578062693	2
7	44	17.172067784287	3
7	46	17.431249326582	4
7	48	17.689086719014	5
7	58	19.796398554589	6
7	60	20.023548449145	7
7	69	27.428827519925	8
7	73	28.579324865068	9
7	76	29.103276838556	10
7	83	31.299481799178	11
7	85	31.392309725168	12
7	107	40.917069831277	13
7	112	42.883049677551	14
7	137	52.195927291282	15
7	139	52.382399722398	16
7	145	53.163831867861	17
7	166	63.047654565094	18
7	193	79.242621364587	19
7	204	86.098542535651	20
7	212	89.795043913413	21
7	220	93.395406846631	22
7	252	108.342678545893	23
7	260	115.410560976172	24
7	262	115.707266925903	25
7	276	121.400076146755	26
7	290	127.238879684699	27
7	295	128.87897576929	28
7	303	132.432693931069	29
7	319	139.026364590561	30
7	329	145.094730668213	31
7	343	154.187898100114	32
7	351	158.065182155414	33
7	365	162.718701527394	34
7	386	174.019036147272	35
7	403	181.726226333264	36
7	409	184.999057886531	37
7	417	188.381779282559	38
7	426	193.197130348288	39
7	442	199.234219172705	40
7	451	202.68224924042	41
7	469	212.099650946486	42
7	480	220.859581431572	43
7	498	232.174075695524	44
7	506	235.741640279637	45
7	508	235.849868689726	46
7	515	238.834813313374	47
7	520	240.324261281175	48
7	533	246.906085300471	49
7	541	248.013233509482	50
7	546	249.879758109467	51
7	548	250.148537134412	52
7	552	250.960344298561	53
7	560	254.726787949456	54
7	562	255.015139181006	55
7	566	255.756159117582	56
7	573	257.438108367255	57
7	577	258.598263771039	58
7	589	263.188382720568	59
7	598	266.74246890826	60
7	600	266.885534182173	61
7	609	271.939568325852	62
7	611	272.160039025806	63
7	613	272.347288317585	64
7	618	273.262403947996	65
7	626	276.014950583955	66
7	635	280.534563798116	67
7	645	285.246167775575	68
7	647	285.459462602945	69
7	653	286.511859507317	70
7	656	286.831780544034	71
7	663	287.956289215026	72
7	675	293.595757744534	73
7	691	299.586668817913	74
7	702	304.039658689784	75
7	713	311.922769056654	76
7	718	313.18872214072	77
7	723	314.795178362693	78
7	739	330.086366817982	79
7	753	336.735883312808	80
7	776	348.325414622426	81
7	783	351.913521745914	82
7	789	353.534709683315	83
7	803	360.516107640558	84
7	817	367.975253123043	85
7	822	369.387377212925	86
7	831	374.57385814074	87
7	836	376.346562550275	88
7	847	382.633274790031	89
7	849	382.826703106341	90
7	865	390.035333337002	91
7	877	398.570003501003	92
7	891	408.373246435489	93
7	899	410.972168288485	94
7	915	418.296785668802	95
7	917	418.635669375334	96
7	928	420.327522332549	97
7	934	421.956119800521	98
7	947	426.369512351865	99
7	957	431.115885922158	100
7	962	432.46450694013	101
7	976	437.963102440757	102
7	990	443.535276854289	103
7	1011	455.739855805107	104
7	1034	466.704338151067	105
7	1053	480.530709460358	106
7	1066	487.62738677782	107
7	1068	487.798232033292	108
7	1073	488.683769390603	109
7	1088	497.986089525589	110
7	1101	501.412943242823	111
7	1107	502.650481072429	112
7	1114	504.034723588997	113
7	1122	507.788942242339	114
7	1125	508.19876287991	115
7	1130	509.217829919416	116
7	1137	512.87245676935	117
7	1140	513.235285310161	118
7	1146	516.05207960288	119
7	1158	522.184843665623	120
7	1169	526.313867141769	121
7	1178	529.384475816976	122
7	1214	552.433843551908	123
7	1229	561.21388961498	124
7	1231	561.524952901628	125
7	1246	570.074473137631	126
7	1265	579.319214017257	127
7	1284	591.938690485573	128
7	1286	592.206881838919	129
7	1300	598.790361224538	130
7	1302	599.024450180689	131
7	1311	602.034898158735	132
7	1320	604.297885891279	133
7	1324	605.741312711938	134
7	1333	608.698444567242	135
7	1338	609.763458547892	136
7	1340	610.005815120649	137
7	1342	610.119466933804	138
7	1350	611.965066196632	139
7	1360	617.47006835359	140
7	1370	623.608392255912	141
7	1372	623.932054842099	142
7	1379	625.671524387833	143
7	1396	636.960803670823	144
7	1402	638.273276020526	145
7	1407	639.813185787259	146
7	1414	642.818416457779	147
7	1416	643.044630753626	148
7	1429	647.235331121445	149
7	1432	647.565874492292	150
7	1438	649.975447914893	151
7	1445	653.116197466391	152
7	1471	665.950897198051	153
7	1483	671.251164936485	154
7	1490	674.589941349469	155
7	1496	676.27128228384	156
7	1507	687.106980898642	157
7	1509	687.443399484112	158
7	1515	688.330541173728	159
7	1517	688.58587855172	160
7	1525	691.930183036712	161
7	1535	699.236981642337	162
7	1548	706.463183114848	163
7	1562	716.370246910555	164
7	1573	728.356055387291	165
7	1604	748.740681913288	166
7	1619	753.948216339108	167
7	1630	758.235663714338	168
7	1644	765.398559975191	169
7	1654	771.159877811148	170
7	1661	773.532345131465	171
7	1673	780.196935850121	172
7	1678	781.504963239823	173
7	1681	781.760036932153	174
7	1691	786.597294829104	175
7	1699	792.324416257202	176
7	1704	793.719218674744	177
7	1709	796.944972816891	178
7	1726	804.281770611817	179
7	1728	804.435368152097	180
7	1739	810.64931459799	181
7	1749	816.444495438334	182
7	1756	818.881352060881	183
7	1768	825.091566802642	184
7	1787	830.207691629672	185
7	1794	832.262027209328	186
7	1821	843.22106446831	187
7	1828	846.774110384816	188
7	1832	848.57965240227	189
7	1853	859.21754265786	190
7	1858	859.688359192697	191
7	1860	859.854592440243	192
7	1867	862.927012954111	193
7	1878	868.123201883321	194
7	1895	877.777787166291	195
7	1905	882.792338735407	196
7	1923	890.260864943265	197
7	1931	893.477695870009	198
7	1944	898.196720242589	199
7	1954	904.216999522904	200
7	1971	915.927574256663	201
7	1985	923.239880627536	202
7	1995	927.773746803909	203
7	2011	936.716232926876	204
7	2015	937.788182887755	205
7	2023	943.951751334923	206
7	2048	956.148293947282	207
7	2064	964.026010612213	208
7	2066	964.362419802676	209
7	2070	965.418388200893	210
7	2081	968.205650385144	211
7	2084	968.462263477557	212
7	2090	969.815370298253	213
7	2092	970.025812394975	214
7	2105	978.891688144629	215
7	2115	982.782922466426	216
7	2123	987.143282243056	217
7	2129	990.367275580443	218
7	2131	990.750080013001	219
7	2136	991.694037397947	220
7	2152	997.646267355171	221
8	27	14.459309747213	1
8	30	14.872578062693	2
8	44	17.172067784287	3
8	46	17.431249326582	4
8	48	17.689086719014	5
8	58	19.796398554589	6
8	60	20.023548449145	7
8	69	27.428827519925	8
8	73	28.579324865068	9
8	76	29.103276838556	10
8	83	31.299481799178	11
8	85	31.392309725168	12
8	107	40.917069831277	13
8	112	42.883049677551	14
8	137	52.195927291282	15
8	139	52.382399722398	16
8	145	53.163831867861	17
8	166	63.047654565094	18
8	193	79.242621364587	19
8	204	86.098542535651	20
8	212	89.795043913413	21
8	220	93.395406846631	22
8	252	108.342678545893	23
8	260	115.410560976172	24
8	262	115.707266925903	25
8	276	121.400076146755	26
8	290	127.238879684699	27
8	295	128.87897576929	28
8	303	132.432693931069	29
8	319	139.026364590561	30
8	329	145.094730668213	31
8	343	154.187898100114	32
8	351	158.065182155414	33
8	365	162.718701527394	34
8	386	174.019036147272	35
8	403	181.726226333264	36
8	409	184.999057886531	37
8	417	188.381779282559	38
8	426	193.197130348288	39
8	442	199.234219172705	40
8	451	202.68224924042	41
8	469	212.099650946486	42
8	480	220.859581431572	43
8	498	232.174075695524	44
8	506	235.741640279637	45
8	508	235.849868689726	46
8	515	238.834813313374	47
8	520	240.324261281175	48
8	533	246.906085300471	49
8	541	248.013233509482	50
8	546	249.879758109467	51
8	548	250.148537134412	52
8	552	250.960344298561	53
8	560	254.726787949456	54
8	562	255.015139181006	55
8	566	255.756159117582	56
8	573	257.438108367255	57
8	577	258.598263771039	58
8	589	263.188382720568	59
8	598	266.74246890826	60
8	600	266.885534182173	61
8	609	271.939568325852	62
8	611	272.160039025806	63
8	613	272.347288317585	64
8	618	273.262403947996	65
8	626	276.014950583955	66
8	635	280.534563798116	67
8	645	285.246167775575	68
8	647	285.459462602945	69
8	653	286.511859507317	70
8	656	286.831780544034	71
8	663	287.956289215026	72
8	675	293.595757744534	73
8	691	299.586668817913	74
8	702	304.039658689784	75
8	713	311.922769056654	76
8	718	313.18872214072	77
8	723	314.795178362693	78
8	739	330.086366817982	79
8	753	336.735883312808	80
8	776	348.325414622426	81
8	783	351.913521745914	82
8	789	353.534709683315	83
8	803	360.516107640558	84
8	817	367.975253123043	85
8	822	369.387377212925	86
8	831	374.57385814074	87
8	836	376.346562550275	88
8	847	382.633274790031	89
8	849	382.826703106341	90
8	865	390.035333337002	91
8	877	398.570003501003	92
8	891	408.373246435489	93
8	899	410.972168288485	94
8	915	418.296785668802	95
8	917	418.635669375334	96
8	928	420.327522332549	97
8	934	421.956119800521	98
8	947	426.369512351865	99
8	957	431.115885922158	100
8	962	432.46450694013	101
8	976	437.963102440757	102
8	990	443.535276854289	103
8	1011	455.739855805107	104
8	1034	466.704338151067	105
8	1053	480.530709460358	106
8	1066	487.62738677782	107
8	1068	487.798232033292	108
8	1073	488.683769390603	109
8	1088	497.986089525589	110
8	1101	501.412943242823	111
8	1107	502.650481072429	112
8	1114	504.034723588997	113
8	1122	507.788942242339	114
8	1125	508.19876287991	115
8	1130	509.217829919416	116
8	1137	512.87245676935	117
8	1140	513.235285310161	118
8	1146	516.05207960288	119
8	1158	522.184843665623	120
8	1169	526.313867141769	121
8	1178	529.384475816976	122
8	1214	552.433843551908	123
8	1229	561.21388961498	124
8	1231	561.524952901628	125
8	1246	570.074473137631	126
8	1265	579.319214017257	127
8	1284	591.938690485573	128
8	1286	592.206881838919	129
8	1300	598.790361224538	130
8	1302	599.024450180689	131
8	1311	602.034898158735	132
8	1320	604.297885891279	133
8	1324	605.741312711938	134
8	1333	608.698444567242	135
8	1338	609.763458547892	136
8	1340	610.005815120649	137
8	1342	610.119466933804	138
8	1350	611.965066196632	139
8	1360	617.47006835359	140
8	1370	623.608392255912	141
8	1372	623.932054842099	142
8	1379	625.671524387833	143
8	1396	636.960803670823	144
8	1402	638.273276020526	145
8	1407	639.813185787259	146
8	1414	642.818416457779	147
8	1416	643.044630753626	148
8	1429	647.235331121445	149
8	1432	647.565874492292	150
8	1438	649.975447914893	151
8	1445	653.116197466391	152
8	1471	665.950897198051	153
8	1483	671.251164936485	154
8	1490	674.589941349469	155
8	1496	676.27128228384	156
8	1507	687.106980898642	157
8	1509	687.443399484112	158
8	1515	688.330541173728	159
8	1517	688.58587855172	160
8	1525	691.930183036712	161
8	1535	699.236981642337	162
8	1548	706.463183114848	163
8	1562	716.370246910555	164
8	1573	728.356055387291	165
8	1604	748.740681913288	166
8	1619	753.948216339108	167
8	1630	758.235663714338	168
8	1644	765.398559975191	169
8	1654	771.159877811148	170
8	1661	773.532345131465	171
8	1673	780.196935850121	172
8	1678	781.504963239823	173
8	1681	781.760036932153	174
8	1691	786.597294829104	175
8	1699	792.324416257202	176
8	1704	793.719218674744	177
8	1709	796.944972816891	178
8	1726	804.281770611817	179
8	1728	804.435368152097	180
8	1739	810.64931459799	181
8	1749	816.444495438334	182
8	1756	818.881352060881	183
8	1768	825.091566802642	184
8	1787	830.207691629672	185
8	1794	832.262027209328	186
8	1821	843.22106446831	187
8	1828	846.774110384816	188
8	1832	848.57965240227	189
8	1853	859.21754265786	190
8	1858	859.688359192697	191
8	1860	859.854592440243	192
8	1867	862.927012954111	193
8	1878	868.123201883321	194
8	1895	877.777787166291	195
8	1905	882.792338735407	196
8	1923	890.260864943265	197
8	1931	893.477695870009	198
8	1944	898.196720242589	199
8	1954	904.216999522904	200
8	1971	915.927574256663	201
8	1985	923.239880627536	202
8	1995	927.773746803909	203
8	2011	936.716232926876	204
8	2015	937.788182887755	205
8	2023	943.951751334923	206
8	2048	956.148293947282	207
8	2064	964.026010612213	208
8	2066	964.362419802676	209
8	2070	965.418388200893	210
8	2081	968.205650385144	211
8	2084	968.462263477557	212
8	2090	969.815370298253	213
8	2092	970.025812394975	214
8	2105	978.891688144629	215
8	2115	982.782922466426	216
8	2123	987.143282243056	217
8	2129	990.367275580443	218
8	2131	990.750080013001	219
8	2136	991.694037397947	220
8	2152	997.646267355171	221
9	38	16.00385621951	1
9	101	38.392656522927	2
9	123	44.631583363711	3
9	222	93.618800659211	4
9	249	107.314331448373	5
9	280	121.893011825313	6
9	307	132.875482295051	7
9	331	145.335126636036	8
9	353	158.241796810303	9
9	367	162.942311194491	10
9	388	174.219164301366	11
9	411	185.262781529357	12
9	580	258.922695910757	13
9	621	273.599168757537	14
9	659	287.377274350968	15
9	697	301.219528027292	16
9	715	312.236771513284	17
9	725	315.088520478679	18
9	762	339.751703187424	19
9	791	353.654360708718	20
9	819	368.189296003981	21
9	838	376.658236212125	22
9	901	411.220014141282	23
9	936	422.115065585443	24
9	944	425.38603074708	25
9	959	431.293695853764	26
9	964	432.730202416643	27
9	992	443.906294195982	28
9	1055	480.70423215225	29
9	1079	489.88637272726	30
9	1116	504.146987103783	31
9	1127	508.467503232594	32
9	1172	526.688238977567	33
9	1187	534.194455701675	34
9	1253	572.011596857135	35
9	1317	602.597089529024	36
9	1330	607.715104612978	37
9	1363	617.826189037363	38
9	1382	626.072923933724	39
9	1398	637.036648422338	40
9	1440	650.180836964058	41
9	1476	666.500534868335	42
9	1543	702.828400957319	43
9	1575	728.518561169025	44
9	1656	771.327810856981	45
9	1770	825.367951112067	46
9	1796	832.552095895674	47
9	1834	848.759607742533	48
9	1880	868.308654093993	49
9	1897	877.903233317793	50
9	1933	893.747756314169	51
9	1946	898.528081561983	52
9	2025	944.247142277474	53
9	2052	956.44169017494	54
9	2149	996.869161725567	55
10	38	16.00385621951	1.662177766529
10	101	38.392656522927	1.685568631215
10	123	44.631583363711	2.095073532204
10	222	93.618800659211	2.243164211221
10	249	107.314331448373	2.585329634966
10	280	121.893011825313	2.900501375168
10	307	132.875482295051	1.700464648466
10	331	145.335126636036	2.20171744318
10	353	158.241796810303	1.453978542059
10	367	162.942311194491	2.253755792671
10	388	174.219164301366	2.264811728735
10	411	185.262781529357	2.344603395853
10	580	258.922695910757	1.798871533377
10	621	273.599168757537	1.851939672398
10	659	287.377274350968	2.342165348756
10	697	301.219528027292	1.778916065228
10	715	312.236771513284	2.459268511712
10	725	315.088520478679	2.193610458556
10	762	339.751703187424	1.602626618461
10	791	353.654360708718	2.00458002706
10	819	368.189296003981	1.655053800454
10	838	376.658236212125	2.357270857512
10	901	411.220014141282	2.079300003166
10	936	422.115065585443	2.246282208265
10	944	425.38603074708	2.332244395668
10	959	431.293695853764	1.844305636734
10	964	432.730202416643	2.163037550323
10	992	443.906294195982	2.052092731236
10	1055	480.70423215225	2.050712319191
10	1079	489.88637272726	1.534350354078
10	1116	504.146987103783	1.727924909073
10	1127	508.467503232594	2.743227817233
10	1172	526.688238977567	2.2063829144951
10	1187	534.194455701675	1.516839452539
10	1253	572.011596857135	2.158976748552
10	1317	602.597089529024	2.6694098607779
10	1330	607.715104612978	2.3564463496849
10	1363	617.826189037363	1.901409975603
10	1382	626.072923933724	2.574480954362
10	1398	637.036648422338	1.7625524176079
10	1440	650.180836964058	1.719439038369
10	1476	666.500534868335	2.384237043962
10	1543	702.828400957319	2.048858897849
10	1575	728.518561169025	1.731900216699
10	1656	771.327810856981	1.5578443207149
10	1770	825.367951112067	2.064209605469
10	1796	832.552095895674	1.812554829032
10	1834	848.759607742533	2.0688020125241
10	1880	868.308654093993	1.6065196586301
10	1897	877.903233317793	1.784806862776
10	1933	893.747756314169	2.5903426263141
10	1946	898.528081561983	1.9365262678029
10	2025	944.247142277474	1.6766709969199
10	2052	956.44169017494	1.694711944564
10	2149	996.869161725567	2.445729702469

