version 3
run General-0-20231019-19:32:40-60750
attr configname General
attr datetime 20231019-19:32:40
attr datetimef 20231019-193240
attr experiment General
attr inifile omnetpp.ini
attr iterationvars ""
attr iterationvarsd ""
attr iterationvarsf ""
attr measurement ""
attr network Multihop
attr processid 60750
attr repetition 0
attr replication #0
attr resultdir results
attr runnumber 0
attr seedset 0
config network Multihop
config Multihop.node[*].transmissionTime "uniform(1s, 2s)"
config Multihop.node[*].delayTime "uniform(0.01s, 0.2s)"
config Multihop.node[*].lossProbability 0.3
config record-eventlog true
config sim-time-limit 1000s
config repeat 5

vector 0 Multihop.node[0] txVector ETV
vector 1 Multihop.node[1] rxVector ETV
vector 2 Multihop.node[1] txVector ETV
vector 3 Multihop.node[3] rxVector ETV
vector 4 Multihop.node[3] txVector ETV
vector 5 Multihop.node[4] rxVector ETV
vector 6 Multihop.node[4] txVector ETV
vector 7 Multihop.node[2] rxVector ETV
vector 8 Multihop.node[2] txVector ETV
vector 9 Multihop.node[5] rxVector ETV
vector 10 Multihop.node[5] e2eVector ETV
0	0	0	1
0	1	0.114274565438	2
0	6	1.707119181827	3
0	7	3.598892183584	4
0	8	5.562554947642	5
0	13	6.945996468962	6
0	14	8.594168345519	7
0	20	9.962409882881	8
0	22	11.683042534469	9
0	27	13.2204157627	10
0	28	14.788849711027	11
0	30	15.807639509048	12
0	31	17.419735231511	13
0	36	19.036669230163	14
0	41	21.006478298763	15
0	42	22.576675074715	16
0	45	24.015276588108	17
0	46	25.650335465166	18
0	48	27.645635030772	19
0	50	29.060003618784	20
0	51	30.683513724785	21
0	52	32.021521342294	22
0	54	33.696273664552	23
0	55	35.474619146277	24
0	59	37.424190197679	25
0	62	39.396135196629	26
0	64	41.000980714642	27
0	67	42.040168503605	28
0	68	43.521062039843	29
0	71	45.2097232261	30
0	77	46.90219534545	31
0	80	48.569605721699	32
0	81	49.834335886015	33
0	83	51.232156637663	34
0	85	52.397097098248	35
0	87	53.543538861515	36
0	97	55.247276142312	37
0	102	56.922715219509	38
0	103	58.878798859267	39
0	106	60.522789055787	40
0	111	61.992921244193	41
0	112	63.291203572022	42
0	118	64.861168483578	43
0	120	66.297033402909	44
0	125	68.103227394706	45
0	127	70.007875138967	46
0	129	71.516190589246	47
0	132	73.295241607426	48
0	133	74.702424905103	49
0	139	75.771591895333	50
0	144	77.131569954407	51
0	146	78.302556547177	52
0	150	80.177129509234	53
0	158	81.677155803031	54
0	159	82.899599026496	55
0	163	84.118348394361	56
0	164	85.203643961417	57
0	168	86.260062296017	58
0	169	87.802561072939	59
0	170	89.657174656008	60
0	176	91.401009198351	61
0	177	92.538229619226	62
0	182	93.76744894225	63
0	185	95.640099599798	64
0	194	97.319979054694	65
0	195	98.783554477458	66
0	196	100.061183185856	67
0	200	101.647967531187	68
0	203	103.364827211089	69
0	204	104.569692972656	70
0	207	105.734651844091	71
0	209	107.499977096523	72
0	210	109.403696836046	73
0	214	110.487119270795	74
0	216	111.727948047993	75
0	218	112.744377679265	76
0	225	114.414294221512	77
0	226	115.869463038704	78
0	233	117.748332777599	79
0	237	119.095566289339	80
0	238	120.735038805825	81
0	241	122.103623408896	82
0	243	123.50475575037	83
0	244	125.485455423898	84
0	252	126.891575911387	85
0	254	128.844446582559	86
0	256	130.377912258801	87
0	257	132.260772257184	88
0	258	133.511394976943	89
0	260	135.188806801408	90
0	264	136.620954849131	91
0	265	137.877094432085	92
0	266	139.469029595914	93
0	268	140.945506799805	94
0	274	142.404021353533	95
0	279	144.06406121522	96
0	281	145.336883112162	97
0	286	146.533937389802	98
0	291	148.022347451493	99
0	292	149.558524950946	100
0	296	151.239917462997	101
0	297	152.427048355879	102
0	299	154.331032307425	103
0	301	155.787943729272	104
0	307	157.246547685776	105
0	311	158.882608742293	106
0	316	160.340747567199	107
0	319	161.49837983826	108
0	324	163.127278277723	109
0	328	164.434264330266	110
0	333	166.279622014685	111
0	334	167.606322901396	112
0	335	168.839067033565	113
0	340	170.453531740306	114
0	341	172.033683459813	115
0	342	173.804772511896	116
0	343	175.180999093296	117
0	344	176.672023834035	118
0	347	178.653663514255	119
0	353	180.062717608482	120
0	360	181.304136226725	121
0	364	182.751280065699	122
0	369	184.200363492666	123
0	370	186.192374736842	124
0	371	187.441794779923	125
0	377	188.547700938376	126
0	380	189.926757834226	127
0	381	191.72229258118	128
0	386	193.226226190643	129
0	390	194.860223885931	130
0	391	196.828189456908	131
0	394	198.822590245007	132
0	395	200.494497263877	133
0	397	201.942013132924	134
0	400	203.320339276062	135
0	401	205.288133948648	136
0	403	206.835018845347	137
0	404	208.427249263346	138
0	405	210.324010419965	139
0	409	211.730743761713	140
0	413	212.979157222042	141
0	418	214.729752241008	142
0	419	216.618985566383	143
0	426	218.131437226737	144
0	427	219.675115280857	145
0	430	220.957814927751	146
0	438	222.418034635557	147
0	442	223.517451028412	148
0	446	224.744534999437	149
0	454	226.411819839456	150
0	458	228.238644057258	151
0	465	229.643068994467	152
0	466	230.679102816691	153
0	468	231.853874824082	154
0	472	233.806017523005	155
0	474	235.713893113963	156
0	479	237.375010629257	157
0	480	238.892622731466	158
0	483	240.367290715993	159
0	488	242.039873022659	160
0	490	243.045062642617	161
0	500	244.708928708991	162
0	507	246.36594848505	163
0	511	248.342174146164	164
0	513	249.489859724257	165
0	514	250.731761429531	166
0	515	252.164042912496	167
0	517	253.686039182197	168
0	527	255.644780106449	169
0	528	256.742038105454	170
0	531	258.239815009597	171
0	533	260.224748314896	172
0	535	261.495861708491	173
0	538	262.975615582268	174
0	539	264.832740500408	175
0	543	265.950056067041	176
0	548	267.294774189197	177
0	552	268.920132387734	178
0	559	270.753448197923	179
0	562	272.712590447932	180
0	566	273.713798020107	181
0	567	275.069023224364	182
0	571	276.917363376196	183
0	572	278.454642405107	184
0	573	279.729217455096	185
0	574	280.737907373884	186
0	575	281.762852103289	187
0	576	282.907138201946	188
0	577	284.420897936754	189
0	579	285.643555869654	190
0	583	286.698663149102	191
0	586	288.411590003016	192
0	589	290.1930696036	193
0	594	291.54327686278	194
0	598	292.907821492365	195
0	599	294.403791789271	196
0	601	296.085531734934	197
0	604	297.609911540596	198
0	606	299.195343612533	199
0	607	300.804332228217	200
0	609	302.383343432404	201
0	615	304.069705476824	202
0	616	306.006322586516	203
0	619	307.728506605446	204
0	625	308.976191623674	205
0	629	310.968081952843	206
0	636	312.212971432206	207
0	640	314.187961243165	208
0	642	315.970050618823	209
0	644	317.006611607575	210
0	646	318.884362394062	211
0	648	320.168448525786	212
0	652	321.940714103009	213
0	654	323.165181039905	214
0	660	324.172649356842	215
0	665	325.826731284222	216
0	670	327.039165644281	217
0	672	328.207208162945	218
0	673	329.471540923303	219
0	675	330.819897672933	220
0	679	332.422126848789	221
0	682	334.085444767566	222
0	683	335.56482932328	223
0	684	337.479692414708	224
0	693	338.529041360903	225
0	696	339.886248781185	226
0	698	341.580406628388	227
0	701	343.290862382694	228
0	706	344.418551027148	229
0	708	346.381748322935	230
0	709	347.638664971876	231
0	712	349.512221801166	232
0	715	351.221119355482	233
0	717	352.66799631396	234
0	718	354.02534319421	235
0	720	355.940313958867	236
0	721	357.667860954838	237
0	728	358.957774403343	238
0	731	360.003008891434	239
0	732	361.624178143057	240
0	738	363.122357707775	241
0	740	364.181740892191	242
0	743	366.100287340187	243
0	744	367.825281434298	244
0	746	368.98976984441	245
0	748	370.487126678067	246
0	755	371.873574081414	247
0	756	373.774736255944	248
0	759	375.329381312315	249
0	761	377.293357032423	250
0	763	378.531368306677	251
0	765	379.871124689073	252
0	771	381.455717262883	253
0	772	382.803415251268	254
0	778	384.04605257751	255
0	780	385.364969898318	256
0	781	387.256550385919	257
0	782	388.957478454406	258
0	787	390.398255646997	259
0	793	392.021149676596	260
0	798	393.900323011982	261
0	800	395.367442415398	262
0	803	397.196283321198	263
0	804	399.00154717646	264
0	809	400.725488573382	265
0	811	402.139289591763	266
0	813	403.171345213264	267
0	816	405.020664374413	268
0	817	406.535586580005	269
0	825	408.473998604645	270
0	826	409.698412221926	271
0	827	411.652087922976	272
0	832	413.23440765643	273
0	833	415.232433140813	274
0	838	417.016547489981	275
0	841	418.794823655928	276
0	843	420.027206804673	277
0	845	421.377531993738	278
0	849	422.45028607205	279
0	850	424.371478282683	280
0	851	425.821687448606	281
0	853	427.701544133084	282
0	860	429.237346053891	283
0	861	430.502978607848	284
0	865	431.516487311175	285
0	867	432.827116529759	286
0	869	434.542259781225	287
0	870	436.247207841672	288
0	874	437.665844702929	289
0	877	438.716920181945	290
0	878	439.747128387749	291
0	880	441.657201000325	292
0	881	442.842648972127	293
0	883	444.73856016232	294
0	884	446.136548321064	295
0	887	447.896597518188	296
0	892	449.294516135774	297
0	895	450.687482910998	298
0	900	452.041707732085	299
0	905	453.74597902533	300
0	910	455.574125634342	301
0	911	457.059156171348	302
0	915	458.954669109382	303
0	917	460.011041272501	304
0	922	461.342493193759	305
0	923	462.973325004172	306
0	926	464.971319007757	307
0	928	466.339809971466	308
0	929	468.035756833456	309
0	937	469.448190382752	310
0	939	470.944738510368	311
0	941	472.126214833069	312
0	948	473.366705230507	313
0	953	474.68325543527	314
0	955	476.278839076939	315
0	956	477.312610651203	316
0	960	478.395486820093	317
0	966	479.889077423443	318
0	967	481.626062665437	319
0	971	483.351846376038	320
0	977	485.201229337673	321
0	981	487.003585091862	322
0	982	488.780962957139	323
0	987	489.924491524766	324
0	990	491.268780689523	325
0	992	492.91599866033	326
0	995	493.947573255584	327
0	997	495.574733965401	328
0	1004	496.744553464767	329
0	1008	498.005141719547	330
0	1009	499.776382906199	331
0	1010	501.054711713059	332
0	1012	502.193845002283	333
0	1016	503.818342476454	334
0	1017	505.450061006774	335
0	1018	506.912643744447	336
0	1020	508.558972925716	337
0	1025	509.759923481452	338
0	1029	511.547839231626	339
0	1033	512.666756173666	340
0	1034	513.92613356195	341
0	1039	515.684327273467	342
0	1044	516.930904325401	343
0	1045	518.717092827499	344
0	1047	520.465115625016	345
0	1051	521.76576678718	346
0	1056	522.78712547042	347
0	1063	524.137512490457	348
0	1065	526.13358376159	349
0	1069	528.00069829852	350
0	1071	529.938562674054	351
0	1076	531.036372833026	352
0	1081	532.310050378393	353
0	1083	533.924820263942	354
0	1088	534.939071773856	355
0	1091	536.190271887069	356
0	1092	538.172716769462	357
0	1094	539.573165301771	358
0	1095	540.974044870424	359
0	1098	542.742239531667	360
0	1099	544.245688811715	361
0	1106	545.442062959147	362
0	1111	546.7379549342	363
0	1118	548.46327116627	364
0	1123	550.420141731927	365
0	1124	552.222357513921	366
0	1125	553.96588873754	367
0	1127	555.832180318495	368
0	1129	556.845818065179	369
0	1130	558.762970031544	370
0	1132	559.932905018169	371
0	1139	561.363050633881	372
0	1141	562.919183813108	373
0	1145	564.877250989972	374
0	1149	566.76453414264	375
0	1152	568.251682267365	376
0	1153	569.395861317477	377
0	1159	570.792095799305	378
0	1160	572.665086377485	379
0	1161	574.664940211296	380
0	1162	575.745225045204	381
0	1164	576.888303468542	382
0	1165	578.099605030685	383
0	1166	579.144534817037	384
0	1168	581.004896884623	385
0	1169	582.966738144008	386
0	1175	584.727017251614	387
0	1181	586.67243620225	388
0	1187	588.444068330878	389
0	1190	589.99738357363	390
0	1192	591.913802586335	391
0	1196	593.521347946326	392
0	1197	595.504781926588	393
0	1198	597.406913147379	394
0	1203	598.865636029585	395
0	1205	600.614609052033	396
0	1208	601.984549744359	397
0	1210	603.306022675547	398
0	1211	604.820789783566	399
0	1213	605.961229301362	400
0	1214	607.791705651979	401
0	1219	608.849614930877	402
0	1224	610.332242706164	403
0	1227	612.232610153106	404
0	1228	613.358317449062	405
0	1229	615.331413252351	406
0	1230	616.480911789068	407
0	1235	618.180447703998	408
0	1241	619.978526721548	409
0	1242	621.750457590751	410
0	1243	623.163543718939	411
0	1245	624.873602025981	412
0	1254	626.190862218921	413
0	1259	627.277817562527	414
0	1264	629.184311682896	415
0	1266	630.291118026783	416
0	1271	631.778917294766	417
0	1276	633.626224982857	418
0	1282	634.760653042306	419
0	1283	636.069310838661	420
0	1288	638.026252432099	421
0	1293	639.045944075637	422
0	1296	640.78973837041	423
0	1298	642.688563586284	424
0	1299	644.276721258719	425
0	1303	645.310988298921	426
0	1307	646.684042826831	427
0	1308	648.397760591773	428
0	1310	650.313168235194	429
0	1312	652.23233923975	430
0	1315	653.53760625173	431
0	1317	655.123234384066	432
0	1325	656.180233232748	433
0	1326	657.343496894302	434
0	1327	659.040324228887	435
0	1336	660.26775560931	436
0	1337	661.268122959488	437
0	1340	662.541855586532	438
0	1343	664.495418811755	439
0	1348	665.910544065831	440
0	1350	667.72615503527	441
0	1351	669.131943876462	442
0	1352	671.114352137156	443
0	1353	672.771493242195	444
0	1357	674.528964084646	445
0	1362	675.779261946285	446
0	1375	677.334455827789	447
0	1376	678.375762179333	448
0	1377	679.380509687427	449
0	1379	680.737314771933	450
0	1383	682.292700254431	451
0	1385	683.376907751502	452
0	1386	684.746006694229	453
0	1388	686.51127704799	454
0	1396	687.634772269361	455
0	1400	689.012452885814	456
0	1402	690.416574436778	457
0	1403	691.829055925671	458
0	1404	693.672714274682	459
0	1406	695.195823122587	460
0	1410	696.555697141288	461
0	1412	697.565055715691	462
0	1413	699.490902787845	463
0	1414	700.731526631701	464
0	1415	701.777203716177	465
0	1417	703.626063501534	466
0	1421	705.02294768051	467
0	1424	706.54817099178	468
0	1427	707.628619505165	469
0	1430	708.667688714646	470
0	1433	709.774989741694	471
0	1437	710.952326892482	472
0	1443	712.594902536671	473
0	1445	713.62478367456	474
0	1452	715.24659361488	475
0	1453	716.42479457178	476
0	1456	717.595966619745	477
0	1460	718.979348021399	478
0	1462	720.964016420373	479
0	1464	722.73225967081	480
0	1466	724.611452229393	481
0	1476	726.391275037618	482
0	1477	727.972293619837	483
0	1482	729.743582574723	484
0	1484	731.366550891034	485
0	1490	733.324830224577	486
0	1492	734.665434867682	487
0	1494	736.449493479522	488
0	1495	738.416540276332	489
0	1496	740.291382637181	490
0	1497	741.847045266143	491
0	1505	742.948329510008	492
0	1508	744.135690413256	493
0	1509	745.145467935669	494
0	1513	746.300839119431	495
0	1515	747.997129965647	496
0	1517	749.220847730365	497
0	1523	751.210612596318	498
0	1524	752.327754485493	499
0	1527	753.684010449869	500
0	1528	755.031470118861	501
0	1540	756.485635388016	502
0	1543	757.569165977489	503
0	1545	758.96801349784	504
0	1548	760.071206624692	505
0	1550	762.028695165252	506
0	1552	763.141446674082	507
0	1558	764.859633198546	508
0	1563	766.409051780894	509
0	1565	767.728644373899	510
0	1566	769.502532830301	511
0	1570	771.439049977648	512
0	1571	772.5738819815	513
0	1572	773.954331660016	514
0	1574	775.86474121276	515
0	1575	776.902218890215	516
0	1581	778.675480945806	517
0	1584	779.779382402149	518
0	1590	781.603372495693	519
0	1591	783.332983883635	520
0	1592	784.942077784172	521
0	1593	786.127194179061	522
0	1594	787.133397597659	523
0	1596	788.142682043675	524
0	1602	790.085461457099	525
0	1605	792.083660411953	526
0	1610	793.447944980419	527
0	1615	794.610017959798	528
0	1616	795.807459270885	529
0	1618	797.777590141237	530
0	1621	799.757965216018	531
0	1623	801.699707356352	532
0	1629	802.997677618708	533
0	1631	804.170870852727	534
0	1633	805.19852400811	535
0	1635	806.61296288001	536
0	1636	808.334160997603	537
0	1637	809.814268807718	538
0	1638	811.458132848912	539
0	1645	812.959905975801	540
0	1649	814.220158516499	541
0	1650	815.707102692756	542
0	1651	817.238961783773	543
0	1655	819.201372058666	544
0	1656	820.352087202319	545
0	1660	821.514339010767	546
0	1661	822.609795632144	547
0	1665	824.239697500668	548
0	1666	825.883341516671	549
0	1671	827.305223646877	550
0	1678	828.90716734326	551
0	1680	830.628890214092	552
0	1682	832.125634632143	553
0	1684	834.11299601437	554
0	1685	835.883462409092	555
0	1693	837.019665673677	556
0	1700	838.311262351763	557
0	1701	839.797868444654	558
0	1704	841.490423070337	559
0	1710	843.359151647496	560
0	1712	844.974683546065	561
0	1717	846.196002664114	562
0	1721	847.669388386956	563
0	1726	849.215017311344	564
0	1727	850.569571791286	565
0	1728	852.237375241774	566
0	1729	853.746147808689	567
0	1730	855.265279725497	568
0	1734	856.913445593627	569
0	1739	857.994443779882	570
0	1744	859.403465284804	571
0	1749	860.910235029483	572
0	1750	862.086338871462	573
0	1753	863.406146202307	574
0	1757	864.895967576025	575
0	1763	866.218740913622	576
0	1769	868.132173520351	577
0	1774	869.679357609783	578
0	1776	870.759824795487	579
0	1782	872.11583205599	580
0	1785	874.031484891964	581
0	1788	875.061274433579	582
0	1794	876.175862600632	583
0	1795	877.681770583453	584
0	1798	879.147792329384	585
0	1799	880.914290205413	586
0	1807	882.489694208676	587
0	1812	884.17347713404	588
0	1818	885.440453032103	589
0	1819	886.481799405838	590
0	1823	888.0119987692	591
0	1824	889.341959657684	592
0	1827	891.239873204451	593
0	1828	893.202369374759	594
0	1829	894.999320968357	595
0	1833	896.352813685383	596
0	1834	898.314933454688	597
0	1839	899.607956290781	598
0	1843	901.353622872918	599
0	1844	902.554628360388	600
0	1850	904.398218718427	601
0	1853	906.171673390851	602
0	1854	907.887731103296	603
0	1858	909.064149868744	604
0	1867	910.847689062426	605
0	1874	912.749251884477	606
0	1879	914.688767478637	607
0	1880	916.111174978384	608
0	1886	917.235971425728	609
0	1887	918.800568539484	610
0	1888	919.891537879428	611
0	1894	921.872517281279	612
0	1898	923.862970591357	613
0	1903	925.364562064942	614
0	1908	926.600375479154	615
0	1913	927.684813803827	616
0	1914	928.823120554277	617
0	1916	930.448498732244	618
0	1917	932.378896166171	619
0	1918	933.504050103315	620
0	1920	935.241110547512	621
0	1923	936.698440654735	622
0	1926	938.673227916072	623
0	1928	940.435808291026	624
0	1932	942.165193757574	625
0	1934	943.922687401363	626
0	1936	945.412284029016	627
0	1941	946.642017621148	628
0	1942	948.1587563351	629
0	1943	949.935949066721	630
0	1946	951.0591287113	631
0	1947	952.703231256988	632
0	1952	953.983154642696	633
0	1956	955.798772229415	634
0	1961	956.987171748255	635
0	1964	958.714960497639	636
0	1965	959.738197122536	637
0	1967	961.269300895346	638
0	1969	962.322963802213	639
0	1971	964.09556794383	640
0	1973	965.125856353039	641
0	1974	966.170365983689	642
0	1975	967.418204635683	643
0	1978	968.611085339751	644
0	1984	969.892521983314	645
0	1990	971.661214066971	646
0	1992	973.511989716044	647
0	1994	975.395415174611	648
0	1999	977.376120014418	649
0	2005	978.935690546477	650
0	2006	980.36226195034	651
0	2008	982.238523891032	652
0	2012	983.317326245666	653
0	2013	985.269436039798	654
0	2015	987.147054413402	655
0	2021	988.164084250409	656
0	2022	989.188698783586	657
0	2023	990.808470872766	658
0	2025	992.079687401955	659
0	2026	993.482595847058	660
0	2027	995.041118949954	661
0	2031	996.058159666205	662
0	2032	997.611610098345	663
0	2038	999.353619398618	664
1	2	0.294685056815	1
1	9	5.732982703993	2
1	15	8.79602782484	3
1	23	11.847179502352	4
1	32	17.619047365815	5
1	37	19.180765836281	6
1	43	22.784466102766	7
1	56	35.620499251207	8
1	60	37.611046956704	9
1	65	41.074714036941	10
1	69	43.708352459542	11
1	72	45.337377501307	12
1	78	46.947236939231	13
1	88	53.618349383679	14
1	98	55.314737434571	15
1	104	58.979331317617	16
1	107	60.678843217157	17
1	113	63.423469396984	18
1	121	66.450772234165	19
1	130	71.700527914887	20
1	134	74.85493637187	21
1	140	75.930290102061	22
1	147	78.501939299865	23
1	151	80.206699820395	24
1	160	83.027817997549	25
1	165	85.316333125556	26
1	171	89.76810795803	27
1	178	92.725730845994	28
1	183	93.839421928572	29
1	186	95.746764256546	30
1	197	100.245315750101	31
1	201	101.743218874905	32
1	205	104.613411254226	33
1	211	109.528613405623	34
1	219	112.913556732218	35
1	227	115.982994004275	36
1	234	117.796479541003	37
1	239	120.781049857901	38
1	245	125.613605467646	39
1	261	135.351712359828	40
1	269	141.065179396825	41
1	275	142.463274328615	42
1	282	145.44425572912	43
1	287	146.632705210622	44
1	293	149.631268208884	45
1	302	155.945535580137	46
1	308	157.312151537783	47
1	312	159.014895733283	48
1	317	160.549309176265	49
1	320	161.594082347425	50
1	325	163.170034833902	51
1	329	164.55615649238	52
1	336	168.865351205471	53
1	345	176.73850760172	54
1	348	178.704624854735	55
1	354	180.208593476888	56
1	361	181.508227803538	57
1	365	182.94936409484	58
1	372	187.642475775514	59
1	378	188.638817213146	60
1	382	191.798578634672	61
1	387	193.411011177697	62
1	392	196.934035576408	63
1	398	201.981019222853	64
1	406	210.448905291288	65
1	410	211.846858374743	66
1	414	213.062523640916	67
1	420	216.736005057919	68
1	428	219.700859980262	69
1	431	220.982475133802	70
1	439	222.493092052059	71
1	443	223.623874404866	72
1	447	224.848261557156	73
1	455	226.534252303442	74
1	459	228.362127054638	75
1	469	231.93088031803	76
1	475	235.817543226425	77
1	481	238.947651624953	78
1	484	240.487789302344	79
1	491	243.120760079413	80
1	501	244.85286741037	81
1	508	246.555009279437	82
1	518	253.728330073983	83
1	529	256.872443671771	84
1	536	261.612455881899	85
1	540	264.904278395008	86
1	544	266.105671772358	87
1	549	267.488432520124	88
1	553	269.087534999002	89
1	560	270.793074847397	90
1	563	272.910662025232	91
1	568	275.235451378286	92
1	580	285.836683330036	93
1	584	286.799782397569	94
1	587	288.574284116191	95
1	590	290.2312373814	96
1	595	291.658478864754	97
1	602	296.12783399124	98
1	610	302.588935775303	99
1	617	306.032573840616	100
1	620	307.808970971995	101
1	626	309.067772464412	102
1	630	311.029208832434	103
1	637	312.290127977879	104
1	649	320.304535962299	105
1	655	323.361387524959	106
1	661	324.263526914104	107
1	666	325.881507610046	108
1	676	330.975629062765	109
1	680	332.604474253799	110
1	685	337.5553412421	111
1	694	338.733894592335	112
1	699	341.634037725823	113
1	702	343.428942258385	114
1	710	347.752124495974	115
1	713	349.643823110423	116
1	722	357.797625744926	117
1	729	359.039580796427	118
1	733	361.808867965044	119
1	741	364.224563725697	120
1	749	370.645721819782	121
1	757	373.951839960372	122
1	766	380.034888895218	123
1	773	382.96231764169	124
1	783	389.016864690045	125
1	788	390.439439898073	126
1	794	392.180764294276	127
1	801	395.537630250442	128
1	805	399.127790194931	129
1	814	403.323495066093	130
1	818	406.599029424479	131
1	828	411.692507710685	132
1	834	415.296395679146	133
1	839	417.197733090469	134
1	846	421.519983022585	135
1	854	427.807562927447	136
1	862	430.614891652175	137
1	871	436.268216751168	138
1	875	437.869292864018	139
1	885	446.263508335099	140
1	888	448.063752700282	141
1	893	449.490235700957	142
1	896	450.730335606538	143
1	901	452.2432623365	144
1	906	453.953149674061	145
1	912	457.118806003492	146
1	918	460.070193343721	147
1	924	463.181023946285	148
1	930	468.086977503526	149
1	942	472.188115209877	150
1	949	473.543798231594	151
1	957	477.478118822455	152
1	961	478.4444206101	153
1	968	481.699105295892	154
1	972	483.533103466395	155
1	978	485.221240845966	156
1	983	488.858211652541	157
1	988	490.048772884912	158
1	993	493.1071901635	159
1	998	495.622925962642	160
1	1005	496.849397344198	161
1	1013	502.220605544622	162
1	1021	508.643162690976	163
1	1026	509.88542936217	164
1	1030	511.647171679635	165
1	1035	514.033509850647	166
1	1040	515.764181472864	167
1	1048	520.63726735903	168
1	1052	521.80520698224	169
1	1057	522.896424273516	170
1	1066	526.209494332232	171
1	1072	530.126591142318	172
1	1077	531.098329446281	173
1	1084	534.009820000017	174
1	1089	535.020641714497	175
1	1096	541.09431066886	176
1	1100	544.270833674827	177
1	1107	545.519688424365	178
1	1112	546.77651026797	179
1	1119	548.536089254962	180
1	1133	560.034843149292	181
1	1142	563.122673326077	182
1	1146	565.042614280941	183
1	1150	566.972704161025	184
1	1154	569.444166542176	185
1	1170	583.063578384137	186
1	1176	584.834005935856	187
1	1182	586.75700637894	188
1	1188	588.573633108677	189
1	1193	592.033853551794	190
1	1199	597.582229267367	191
1	1206	600.745690612974	192
1	1215	607.867069527367	193
1	1220	609.055355703791	194
1	1225	610.539064931215	195
1	1231	616.566559487232	196
1	1236	618.305136557261	197
1	1246	625.079663370619	198
1	1255	626.387728855176	199
1	1260	627.449791995198	200
1	1267	630.457685114718	201
1	1272	631.87766403622	202
1	1277	633.685055995206	203
1	1284	636.215851833918	204
1	1289	638.05401865475	205
1	1294	639.139908619317	206
1	1300	644.486441307977	207
1	1304	645.368390189753	208
1	1313	652.431521069071	209
1	1318	655.28025054112	210
1	1328	659.22125752475	211
1	1338	661.375921489926	212
1	1341	662.577870335754	213
1	1344	664.614215959304	214
1	1354	672.79561033944	215
1	1358	674.710501168213	216
1	1363	675.878479396615	217
1	1380	680.93286236099	218
1	1389	686.551615141137	219
1	1397	687.833038584961	220
1	1407	695.249225696235	221
1	1418	703.732171165302	222
1	1422	705.050550924521	223
1	1425	706.682404265444	224
1	1428	707.699868431851	225
1	1431	708.689410114128	226
1	1434	709.801206429687	227
1	1438	711.040987429254	228
1	1446	713.693830407725	229
1	1454	716.526844675556	230
1	1457	717.778508534523	231
1	1467	724.755349663121	232
1	1478	728.097087836577	233
1	1485	731.543161519678	234
1	1498	741.958910390424	235
1	1506	743.100897905279	236
1	1510	745.237128520788	237
1	1518	749.36323217837	238
1	1525	752.363409792012	239
1	1529	755.215860296269	240
1	1541	756.683688761187	241
1	1546	759.046885474296	242
1	1553	763.313818548948	243
1	1559	765.013515502084	244
1	1567	769.571327308034	245
1	1576	777.00806684731	246
1	1582	778.839394078536	247
1	1585	779.802227891685	248
1	1597	788.285098781972	249
1	1603	790.162028816293	250
1	1606	792.264863729644	251
1	1611	793.65100427977	252
1	1619	797.817005140999	253
1	1624	801.854461772193	254
1	1639	811.632321359019	255
1	1646	813.050437279868	256
1	1652	817.387393160667	257
1	1657	820.393876589953	258
1	1662	822.777071892715	259
1	1667	825.993990417714	260
1	1672	827.337263757471	261
1	1686	835.992372357306	262
1	1694	837.192263048365	263
1	1702	839.973609507899	264
1	1705	841.606601387069	265
1	1713	845.02978386709	266
1	1718	846.374496152727	267
1	1722	847.874585802271	268
1	1731	855.337688860384	269
1	1735	857.067139159328	270
1	1740	858.077571073022	271
1	1745	859.580496094458	272
1	1751	862.261535648599	273
1	1754	863.476320023568	274
1	1758	864.92033116177	275
1	1764	866.424648246317	276
1	1770	868.292551466654	277
1	1777	870.967437442615	278
1	1783	872.13948614749	279
1	1786	874.125206052417	280
1	1789	875.183916765908	281
1	1796	877.870942510063	282
1	1800	881.044621172606	283
1	1808	882.552020718251	284
1	1813	884.34385334249	285
1	1820	886.682567460622	286
1	1825	889.455398623493	287
1	1830	895.181002022014	288
1	1835	898.462175472337	289
1	1840	899.748832304294	290
1	1845	902.706929859454	291
1	1851	904.495410492685	292
1	1855	908.082287912003	293
1	1859	909.268583323676	294
1	1868	910.877646399014	295
1	1875	912.846232485155	296
1	1881	916.241422130343	297
1	1889	919.95824924686	298
1	1895	922.053138253472	299
1	1899	924.050059908127	300
1	1904	925.404142182774	301
1	1909	926.651817292372	302
1	1921	935.40416503955	303
1	1924	936.803914344989	304
1	1929	940.616925381902	305
1	1937	945.521831444338	306
1	1944	950.044202233152	307
1	1948	952.78191588985	308
1	1953	954.145719847919	309
1	1957	955.901582060102	310
1	1962	957.099404994345	311
1	1976	967.479089325805	312
1	1979	968.706787364424	313
1	1985	969.957849527873	314
1	1995	975.478576787276	315
1	2000	977.50720248741	316
1	2009	982.400768476754	317
1	2016	987.238869943131	318
1	2028	995.167337843992	319
1	2033	997.802067813406	320
1	2039	999.46323557177	321
2	2	0.294685056815	1
2	9	5.732982703993	2
2	15	8.79602782484	3
2	23	11.847179502352	4
2	32	17.619047365815	5
2	37	19.180765836281	6
2	43	22.784466102766	7
2	56	35.620499251207	8
2	60	37.611046956704	9
2	65	41.074714036941	10
2	69	43.708352459542	11
2	72	45.337377501307	12
2	78	46.947236939231	13
2	88	53.618349383679	14
2	98	55.314737434571	15
2	104	58.979331317617	16
2	107	60.678843217157	17
2	113	63.423469396984	18
2	121	66.450772234165	19
2	130	71.700527914887	20
2	134	74.85493637187	21
2	140	75.930290102061	22
2	147	78.501939299865	23
2	151	80.206699820395	24
2	160	83.027817997549	25
2	165	85.316333125556	26
2	171	89.76810795803	27
2	178	92.725730845994	28
2	183	93.839421928572	29
2	186	95.746764256546	30
2	197	100.245315750101	31
2	201	101.743218874905	32
2	205	104.613411254226	33
2	211	109.528613405623	34
2	219	112.913556732218	35
2	227	115.982994004275	36
2	234	117.796479541003	37
2	239	120.781049857901	38
2	245	125.613605467646	39
2	261	135.351712359828	40
2	269	141.065179396825	41
2	275	142.463274328615	42
2	282	145.44425572912	43
2	287	146.632705210622	44
2	293	149.631268208884	45
2	302	155.945535580137	46
2	308	157.312151537783	47
2	312	159.014895733283	48
2	317	160.549309176265	49
2	320	161.594082347425	50
2	325	163.170034833902	51
2	329	164.55615649238	52
2	336	168.865351205471	53
2	345	176.73850760172	54
2	348	178.704624854735	55
2	354	180.208593476888	56
2	361	181.508227803538	57
2	365	182.94936409484	58
2	372	187.642475775514	59
2	378	188.638817213146	60
2	382	191.798578634672	61
2	387	193.411011177697	62
2	392	196.934035576408	63
2	398	201.981019222853	64
2	406	210.448905291288	65
2	410	211.846858374743	66
2	414	213.062523640916	67
2	420	216.736005057919	68
2	428	219.700859980262	69
2	431	220.982475133802	70
2	439	222.493092052059	71
2	443	223.623874404866	72
2	447	224.848261557156	73
2	455	226.534252303442	74
2	459	228.362127054638	75
2	469	231.93088031803	76
2	475	235.817543226425	77
2	481	238.947651624953	78
2	484	240.487789302344	79
2	491	243.120760079413	80
2	501	244.85286741037	81
2	508	246.555009279437	82
2	518	253.728330073983	83
2	529	256.872443671771	84
2	536	261.612455881899	85
2	540	264.904278395008	86
2	544	266.105671772358	87
2	549	267.488432520124	88
2	553	269.087534999002	89
2	560	270.793074847397	90
2	563	272.910662025232	91
2	568	275.235451378286	92
2	580	285.836683330036	93
2	584	286.799782397569	94
2	587	288.574284116191	95
2	590	290.2312373814	96
2	595	291.658478864754	97
2	602	296.12783399124	98
2	610	302.588935775303	99
2	617	306.032573840616	100
2	620	307.808970971995	101
2	626	309.067772464412	102
2	630	311.029208832434	103
2	637	312.290127977879	104
2	649	320.304535962299	105
2	655	323.361387524959	106
2	661	324.263526914104	107
2	666	325.881507610046	108
2	676	330.975629062765	109
2	680	332.604474253799	110
2	685	337.5553412421	111
2	694	338.733894592335	112
2	699	341.634037725823	113
2	702	343.428942258385	114
2	710	347.752124495974	115
2	713	349.643823110423	116
2	722	357.797625744926	117
2	729	359.039580796427	118
2	733	361.808867965044	119
2	741	364.224563725697	120
2	749	370.645721819782	121
2	757	373.951839960372	122
2	766	380.034888895218	123
2	773	382.96231764169	124
2	783	389.016864690045	125
2	788	390.439439898073	126
2	794	392.180764294276	127
2	801	395.537630250442	128
2	805	399.127790194931	129
2	814	403.323495066093	130
2	818	406.599029424479	131
2	828	411.692507710685	132
2	834	415.296395679146	133
2	839	417.197733090469	134
2	846	421.519983022585	135
2	854	427.807562927447	136
2	862	430.614891652175	137
2	871	436.268216751168	138
2	875	437.869292864018	139
2	885	446.263508335099	140
2	888	448.063752700282	141
2	893	449.490235700957	142
2	896	450.730335606538	143
2	901	452.2432623365	144
2	906	453.953149674061	145
2	912	457.118806003492	146
2	918	460.070193343721	147
2	924	463.181023946285	148
2	930	468.086977503526	149
2	942	472.188115209877	150
2	949	473.543798231594	151
2	957	477.478118822455	152
2	961	478.4444206101	153
2	968	481.699105295892	154
2	972	483.533103466395	155
2	978	485.221240845966	156
2	983	488.858211652541	157
2	988	490.048772884912	158
2	993	493.1071901635	159
2	998	495.622925962642	160
2	1005	496.849397344198	161
2	1013	502.220605544622	162
2	1021	508.643162690976	163
2	1026	509.88542936217	164
2	1030	511.647171679635	165
2	1035	514.033509850647	166
2	1040	515.764181472864	167
2	1048	520.63726735903	168
2	1052	521.80520698224	169
2	1057	522.896424273516	170
2	1066	526.209494332232	171
2	1072	530.126591142318	172
2	1077	531.098329446281	173
2	1084	534.009820000017	174
2	1089	535.020641714497	175
2	1096	541.09431066886	176
2	1100	544.270833674827	177
2	1107	545.519688424365	178
2	1112	546.77651026797	179
2	1119	548.536089254962	180
2	1133	560.034843149292	181
2	1142	563.122673326077	182
2	1146	565.042614280941	183
2	1150	566.972704161025	184
2	1154	569.444166542176	185
2	1170	583.063578384137	186
2	1176	584.834005935856	187
2	1182	586.75700637894	188
2	1188	588.573633108677	189
2	1193	592.033853551794	190
2	1199	597.582229267367	191
2	1206	600.745690612974	192
2	1215	607.867069527367	193
2	1220	609.055355703791	194
2	1225	610.539064931215	195
2	1231	616.566559487232	196
2	1236	618.305136557261	197
2	1246	625.079663370619	198
2	1255	626.387728855176	199
2	1260	627.449791995198	200
2	1267	630.457685114718	201
2	1272	631.87766403622	202
2	1277	633.685055995206	203
2	1284	636.215851833918	204
2	1289	638.05401865475	205
2	1294	639.139908619317	206
2	1300	644.486441307977	207
2	1304	645.368390189753	208
2	1313	652.431521069071	209
2	1318	655.28025054112	210
2	1328	659.22125752475	211
2	1338	661.375921489926	212
2	1341	662.577870335754	213
2	1344	664.614215959304	214
2	1354	672.79561033944	215
2	1358	674.710501168213	216
2	1363	675.878479396615	217
2	1380	680.93286236099	218
2	1389	686.551615141137	219
2	1397	687.833038584961	220
2	1407	695.249225696235	221
2	1418	703.732171165302	222
2	1422	705.050550924521	223
2	1425	706.682404265444	224
2	1428	707.699868431851	225
2	1431	708.689410114128	226
2	1434	709.801206429687	227
2	1438	711.040987429254	228
2	1446	713.693830407725	229
2	1454	716.526844675556	230
2	1457	717.778508534523	231
2	1467	724.755349663121	232
2	1478	728.097087836577	233
2	1485	731.543161519678	234
2	1498	741.958910390424	235
2	1506	743.100897905279	236
2	1510	745.237128520788	237
2	1518	749.36323217837	238
2	1525	752.363409792012	239
2	1529	755.215860296269	240
2	1541	756.683688761187	241
2	1546	759.046885474296	242
2	1553	763.313818548948	243
2	1559	765.013515502084	244
2	1567	769.571327308034	245
2	1576	777.00806684731	246
2	1582	778.839394078536	247
2	1585	779.802227891685	248
2	1597	788.285098781972	249
2	1603	790.162028816293	250
2	1606	792.264863729644	251
2	1611	793.65100427977	252
2	1619	797.817005140999	253
2	1624	801.854461772193	254
2	1639	811.632321359019	255
2	1646	813.050437279868	256
2	1652	817.387393160667	257
2	1657	820.393876589953	258
2	1662	822.777071892715	259
2	1667	825.993990417714	260
2	1672	827.337263757471	261
2	1686	835.992372357306	262
2	1694	837.192263048365	263
2	1702	839.973609507899	264
2	1705	841.606601387069	265
2	1713	845.02978386709	266
2	1718	846.374496152727	267
2	1722	847.874585802271	268
2	1731	855.337688860384	269
2	1735	857.067139159328	270
2	1740	858.077571073022	271
2	1745	859.580496094458	272
2	1751	862.261535648599	273
2	1754	863.476320023568	274
2	1758	864.92033116177	275
2	1764	866.424648246317	276
2	1770	868.292551466654	277
2	1777	870.967437442615	278
2	1783	872.13948614749	279
2	1786	874.125206052417	280
2	1789	875.183916765908	281
2	1796	877.870942510063	282
2	1800	881.044621172606	283
2	1808	882.552020718251	284
2	1813	884.34385334249	285
2	1820	886.682567460622	286
2	1825	889.455398623493	287
2	1830	895.181002022014	288
2	1835	898.462175472337	289
2	1840	899.748832304294	290
2	1845	902.706929859454	291
2	1851	904.495410492685	292
2	1855	908.082287912003	293
2	1859	909.268583323676	294
2	1868	910.877646399014	295
2	1875	912.846232485155	296
2	1881	916.241422130343	297
2	1889	919.95824924686	298
2	1895	922.053138253472	299
2	1899	924.050059908127	300
2	1904	925.404142182774	301
2	1909	926.651817292372	302
2	1921	935.40416503955	303
2	1924	936.803914344989	304
2	1929	940.616925381902	305
2	1937	945.521831444338	306
2	1944	950.044202233152	307
2	1948	952.78191588985	308
2	1953	954.145719847919	309
2	1957	955.901582060102	310
2	1962	957.099404994345	311
2	1976	967.479089325805	312
2	1979	968.706787364424	313
2	1985	969.957849527873	314
2	1995	975.478576787276	315
2	2000	977.50720248741	316
2	2009	982.400768476754	317
2	2016	987.238869943131	318
2	2028	995.167337843992	319
2	2033	997.802067813406	320
2	2039	999.46323557177	321
3	3	0.418212860518	1
3	10	5.844178366559	2
3	16	8.981330132439	3
3	33	17.724537863832	4
3	38	19.240738522997	5
3	73	45.454081603889	6
3	91	53.909599014379	7
3	94	54.409876653699	8
3	99	55.502267152886	9
3	108	60.753957963046	10
3	114	63.449858164797	11
3	123	66.645396206973	12
3	135	74.954750691727	13
3	142	76.045101044456	14
3	154	80.464449568173	15
3	161	83.141005169901	16
3	166	85.468638387845	17
3	172	89.890058007679	18
3	174	90.107060851304	19
3	179	92.818588985326	20
3	187	95.80771071532	21
3	189	95.939553575457	22
3	191	96.166345153651	23
3	221	113.099372241936	24
3	230	116.385140497612	25
3	235	118.003635674287	26
3	246	125.816164052004	27
3	249	126.074970256709	28
3	262	135.535217082407	29
3	270	141.217348231617	30
3	304	156.134397630385	31
3	313	159.140879880202	32
3	326	163.257809142966	33
3	351	179.165370176722	34
3	355	180.349040357867	35
3	357	180.581887791302	36
3	362	181.703971517618	37
3	366	183.156607466614	38
3	374	187.761603902692	39
3	388	193.497279882959	40
3	411	211.919635372647	41
3	421	216.885302809559	42
3	423	217.143732730107	43
3	433	221.293191125321	44
3	435	221.509983282778	45
3	440	222.640763908322	46
3	448	224.965124923596	47
3	450	225.029130080808	48
3	461	228.600648596388	49
3	463	228.870629407203	50
3	470	232.061100630548	51
3	477	235.973197068047	52
3	492	243.152769526295	53
3	494	243.305487267066	54
3	496	243.58461754119	55
3	498	243.921506670087	56
3	503	245.025248299914	57
3	509	246.596571603708	58
3	519	253.859176869313	59
3	521	254.050779053848	60
3	523	254.426006954342	61
3	525	254.530012506586	62
3	541	264.96897833568	63
3	545	266.198137231122	64
3	550	267.646437587949	65
3	556	269.336091898155	66
3	564	273.030256957712	67
3	596	291.726743658179	68
3	612	302.965061375566	69
3	622	308.055741392494	70
3	631	311.191059847036	71
3	633	311.323798747405	72
3	657	323.586347121767	73
3	662	324.401643347534	74
3	686	337.581473166975	75
3	688	337.781369033439	76
3	690	338.081597398004	77
3	703	343.624370266061	78
3	724	357.949085476739	79
3	734	361.973869316041	80
3	736	362.225522864542	81
3	750	370.735626143095	82
3	752	371.023257379182	83
3	767	380.111544492942	84
3	774	383.041377237607	85
3	785	389.270852838566	86
3	791	390.815185065126	87
3	795	392.385079133185	88
3	806	399.280798650584	89
3	819	406.789641052435	90
3	821	407.00841264992	91
3	823	407.090708753425	92
3	835	415.361204181602	93
3	847	421.676666943728	94
3	856	428.03648596452	95
3	858	428.265965814746	96
3	863	430.763530113482	97
3	890	448.313654540818	98
3	897	450.76212241229	99
3	907	454.141075214759	100
3	932	468.297057508674	101
3	935	468.592633081609	102
3	943	472.342333219164	103
3	945	472.495203297964	104
3	950	473.564808089195	105
3	958	477.649869779671	106
3	962	478.576169386757	107
3	969	481.845391757336	108
3	974	483.833121376732	109
3	984	489.057226749686	110
3	1001	495.880463666859	111
3	1006	496.908085320538	112
3	1027	510.093345467134	113
3	1031	511.806962295987	114
3	1053	521.849111101858	115
3	1058	523.096317636136	116
3	1060	523.21065494518	117
3	1073	530.154688169078	118
3	1078	531.286114189669	119
3	1086	534.27141921362	120
3	1101	544.471196856612	121
3	1103	544.641545879887	122
3	1115	547.041939909705	123
3	1134	560.150297874866	124
3	1137	560.535209970099	125
3	1155	569.502202619969	126
3	1172	583.313302690019	127
3	1177	584.941605476386	128
3	1179	585.16179766001	129
3	1183	586.831134628514	130
3	1194	592.104195595691	131
3	1237	618.417437583392	132
3	1239	618.57837420113	133
3	1247	625.246152741503	134
3	1249	625.414528737288	135
3	1251	625.77389519531	136
3	1256	626.42175584797	137
3	1262	627.664163607482	138
3	1268	630.543931501689	139
3	1273	631.942068647889	140
3	1279	633.859726013599	141
3	1305	645.506677638862	142
3	1320	655.478186403931	143
3	1322	655.666174000633	144
3	1330	659.423758837922	145
3	1333	659.922496318083	146
3	1355	672.904971382188	147
3	1360	674.985687218938	148
3	1365	676.059335536391	149
3	1367	676.363274122025	150
3	1370	676.847352545403	151
3	1372	676.938832444395	152
3	1381	681.051060638489	153
3	1390	686.710025194723	154
3	1392	686.953035099863	155
3	1394	687.138429947883	156
3	1408	695.44535960401	157
3	1419	703.756835308032	158
3	1440	711.395650750939	159
3	1447	713.87377539746	160
3	1449	714.080680871927	161
3	1458	717.901853618723	162
3	1468	724.786564079451	163
3	1470	725.086837615124	164
3	1473	725.519291397028	165
3	1488	731.908423734475	166
3	1499	742.061695794269	167
3	1502	742.413971544886	168
3	1511	745.350332841711	169
3	1519	749.41767303388	170
3	1531	755.551576428208	171
3	1533	755.716575318681	172
3	1535	755.846050992333	173
3	1537	756.105892073356	174
3	1556	763.742943507187	175
3	1560	765.076726041189	176
3	1568	769.70126320387	177
3	1578	777.170699024465	178
3	1586	780.005370397734	179
3	1599	788.526913825301	180
3	1607	792.316465405479	181
3	1612	793.815017023379	182
3	1625	802.050178498812	183
3	1640	811.829750957219	184
3	1642	811.928477675512	185
3	1658	820.575896460029	186
3	1674	827.561407133412	187
3	1676	827.775578423167	188
3	1687	836.034213265591	189
3	1689	836.212468436235	190
3	1696	837.454748167004	191
3	1707	841.940939768839	192
3	1719	846.530687204322	193
3	1723	848.035889771564	194
3	1755	863.598610027212	195
3	1761	865.361535200584	196
3	1765	866.491820793267	197
3	1771	868.391333854281	198
3	1778	871.107191673961	199
3	1791	875.494246882803	200
3	1801	881.185835195464	201
3	1803	881.433041472601	202
3	1809	882.72426266796	203
3	1814	884.447526629952	204
3	1821	886.892416980317	205
3	1831	895.328070705391	206
3	1836	898.665906521382	207
3	1841	899.871763535659	208
3	1847	902.995210426702	209
3	1861	909.574138551019	210
3	1864	909.885190721748	211
3	1870	911.103507906766	212
3	1882	916.288987879719	213
3	1891	920.267937383726	214
3	1900	924.124685548531	215
3	1906	925.613725566918	216
3	1930	940.746196493642	217
3	1938	945.598563515233	218
3	1958	956.083785230524	219
3	1981	969.073403707737	220
3	1987	970.182742778874	221
3	1996	975.65461193069	222
3	2001	977.676603093463	223
3	2003	977.926534819744	224
3	2018	987.398760957204	225
3	2029	995.361238482326	226
3	2035	998.04155898328	227
4	3	0.418212860518	1
4	10	5.844178366559	2
4	16	8.981330132439	3
4	33	17.724537863832	4
4	38	19.240738522997	5
4	73	45.454081603889	6
4	91	53.909599014379	7
4	94	54.409876653699	8
4	99	55.502267152886	9
4	108	60.753957963046	10
4	114	63.449858164797	11
4	123	66.645396206973	12
4	135	74.954750691727	13
4	142	76.045101044456	14
4	154	80.464449568173	15
4	161	83.141005169901	16
4	166	85.468638387845	17
4	172	89.890058007679	18
4	174	90.107060851304	19
4	179	92.818588985326	20
4	187	95.80771071532	21
4	189	95.939553575457	22
4	191	96.166345153651	23
4	221	113.099372241936	24
4	230	116.385140497612	25
4	235	118.003635674287	26
4	246	125.816164052004	27
4	249	126.074970256709	28
4	262	135.535217082407	29
4	270	141.217348231617	30
4	304	156.134397630385	31
4	313	159.140879880202	32
4	326	163.257809142966	33
4	351	179.165370176722	34
4	355	180.349040357867	35
4	357	180.581887791302	36
4	362	181.703971517618	37
4	366	183.156607466614	38
4	374	187.761603902692	39
4	388	193.497279882959	40
4	411	211.919635372647	41
4	421	216.885302809559	42
4	423	217.143732730107	43
4	433	221.293191125321	44
4	435	221.509983282778	45
4	440	222.640763908322	46
4	448	224.965124923596	47
4	450	225.029130080808	48
4	461	228.600648596388	49
4	463	228.870629407203	50
4	470	232.061100630548	51
4	477	235.973197068047	52
4	492	243.152769526295	53
4	494	243.305487267066	54
4	496	243.58461754119	55
4	498	243.921506670087	56
4	503	245.025248299914	57
4	509	246.596571603708	58
4	519	253.859176869313	59
4	521	254.050779053848	60
4	523	254.426006954342	61
4	525	254.530012506586	62
4	541	264.96897833568	63
4	545	266.198137231122	64
4	550	267.646437587949	65
4	556	269.336091898155	66
4	564	273.030256957712	67
4	596	291.726743658179	68
4	612	302.965061375566	69
4	622	308.055741392494	70
4	631	311.191059847036	71
4	633	311.323798747405	72
4	657	323.586347121767	73
4	662	324.401643347534	74
4	686	337.581473166975	75
4	688	337.781369033439	76
4	690	338.081597398004	77
4	703	343.624370266061	78
4	724	357.949085476739	79
4	734	361.973869316041	80
4	736	362.225522864542	81
4	750	370.735626143095	82
4	752	371.023257379182	83
4	767	380.111544492942	84
4	774	383.041377237607	85
4	785	389.270852838566	86
4	791	390.815185065126	87
4	795	392.385079133185	88
4	806	399.280798650584	89
4	819	406.789641052435	90
4	821	407.00841264992	91
4	823	407.090708753425	92
4	835	415.361204181602	93
4	847	421.676666943728	94
4	856	428.03648596452	95
4	858	428.265965814746	96
4	863	430.763530113482	97
4	890	448.313654540818	98
4	897	450.76212241229	99
4	907	454.141075214759	100
4	932	468.297057508674	101
4	935	468.592633081609	102
4	943	472.342333219164	103
4	945	472.495203297964	104
4	950	473.564808089195	105
4	958	477.649869779671	106
4	962	478.576169386757	107
4	969	481.845391757336	108
4	974	483.833121376732	109
4	984	489.057226749686	110
4	1001	495.880463666859	111
4	1006	496.908085320538	112
4	1027	510.093345467134	113
4	1031	511.806962295987	114
4	1053	521.849111101858	115
4	1058	523.096317636136	116
4	1060	523.21065494518	117
4	1073	530.154688169078	118
4	1078	531.286114189669	119
4	1086	534.27141921362	120
4	1101	544.471196856612	121
4	1103	544.641545879887	122
4	1115	547.041939909705	123
4	1134	560.150297874866	124
4	1137	560.535209970099	125
4	1155	569.502202619969	126
4	1172	583.313302690019	127
4	1177	584.941605476386	128
4	1179	585.16179766001	129
4	1183	586.831134628514	130
4	1194	592.104195595691	131
4	1237	618.417437583392	132
4	1239	618.57837420113	133
4	1247	625.246152741503	134
4	1249	625.414528737288	135
4	1251	625.77389519531	136
4	1256	626.42175584797	137
4	1262	627.664163607482	138
4	1268	630.543931501689	139
4	1273	631.942068647889	140
4	1279	633.859726013599	141
4	1305	645.506677638862	142
4	1320	655.478186403931	143
4	1322	655.666174000633	144
4	1330	659.423758837922	145
4	1333	659.922496318083	146
4	1355	672.904971382188	147
4	1360	674.985687218938	148
4	1365	676.059335536391	149
4	1367	676.363274122025	150
4	1370	676.847352545403	151
4	1372	676.938832444395	152
4	1381	681.051060638489	153
4	1390	686.710025194723	154
4	1392	686.953035099863	155
4	1394	687.138429947883	156
4	1408	695.44535960401	157
4	1419	703.756835308032	158
4	1440	711.395650750939	159
4	1447	713.87377539746	160
4	1449	714.080680871927	161
4	1458	717.901853618723	162
4	1468	724.786564079451	163
4	1470	725.086837615124	164
4	1473	725.519291397028	165
4	1488	731.908423734475	166
4	1499	742.061695794269	167
4	1502	742.413971544886	168
4	1511	745.350332841711	169
4	1519	749.41767303388	170
4	1531	755.551576428208	171
4	1533	755.716575318681	172
4	1535	755.846050992333	173
4	1537	756.105892073356	174
4	1556	763.742943507187	175
4	1560	765.076726041189	176
4	1568	769.70126320387	177
4	1578	777.170699024465	178
4	1586	780.005370397734	179
4	1599	788.526913825301	180
4	1607	792.316465405479	181
4	1612	793.815017023379	182
4	1625	802.050178498812	183
4	1640	811.829750957219	184
4	1642	811.928477675512	185
4	1658	820.575896460029	186
4	1674	827.561407133412	187
4	1676	827.775578423167	188
4	1687	836.034213265591	189
4	1689	836.212468436235	190
4	1696	837.454748167004	191
4	1707	841.940939768839	192
4	1719	846.530687204322	193
4	1723	848.035889771564	194
4	1755	863.598610027212	195
4	1761	865.361535200584	196
4	1765	866.491820793267	197
4	1771	868.391333854281	198
4	1778	871.107191673961	199
4	1791	875.494246882803	200
4	1801	881.185835195464	201
4	1803	881.433041472601	202
4	1809	882.72426266796	203
4	1814	884.447526629952	204
4	1821	886.892416980317	205
4	1831	895.328070705391	206
4	1836	898.665906521382	207
4	1841	899.871763535659	208
4	1847	902.995210426702	209
4	1861	909.574138551019	210
4	1864	909.885190721748	211
4	1870	911.103507906766	212
4	1882	916.288987879719	213
4	1891	920.267937383726	214
4	1900	924.124685548531	215
4	1906	925.613725566918	216
4	1930	940.746196493642	217
4	1938	945.598563515233	218
4	1958	956.083785230524	219
4	1981	969.073403707737	220
4	1987	970.182742778874	221
4	1996	975.65461193069	222
4	2001	977.676603093463	223
4	2003	977.926534819744	224
4	2018	987.398760957204	225
4	2029	995.361238482326	226
4	2035	998.04155898328	227
5	4	0.556689962834	1
5	11	6.040041726872	2
5	18	9.198996738974	3
5	25	12.001368416628	4
5	34	17.827573934838	5
5	39	19.403368889382	6
5	75	45.527721672488	7
5	90	53.780871153095	8
5	93	54.203948178157	9
5	95	54.486389674514	10
5	100	55.63407551873	11
5	109	60.916300231896	12
5	116	63.655797696638	13
5	137	75.162522647863	14
5	153	80.342679336689	15
5	156	80.706379524245	16
5	173	90.045850424914	17
5	180	92.900278750125	18
5	188	95.871304662835	19
5	192	96.215547071311	20
5	223	113.416193192812	21
5	229	116.309466643645	22
5	231	116.442065519318	23
5	248	125.997622390594	24
5	272	141.374120320051	25
5	277	142.68487156179	26
5	284	145.634761415748	27
5	289	146.94425667031	28
5	314	159.341736030407	29
5	322	161.861214150558	30
5	331	164.633794148995	31
5	338	169.015769504584	32
5	350	179.085947051103	33
5	356	180.467328975369	34
5	358	180.656427580028	35
5	375	187.803229064135	36
5	384	192.138318731782	37
5	416	213.295527809752	38
5	424	217.285147933176	39
5	434	221.317810633017	40
5	436	221.583006192057	41
5	452	225.389298712949	42
5	462	228.796076748456	43
5	486	240.657512634398	44
5	505	245.310258661839	45
5	520	254.020802503049	46
5	546	266.300171654934	47
5	555	269.295232850592	48
5	557	269.372286179721	49
5	592	290.47474456974	50
5	613	303.089466484606	51
5	623	308.184391683022	52
5	658	323.787670546179	53
5	668	326.091468997843	54
5	687	337.634333923296	55
5	689	337.891266199133	56
5	691	338.179445376875	57
5	704	343.776181951793	58
5	726	358.199082496276	59
5	735	362.073040749304	60
5	751	370.943488453407	61
5	769	380.49485196873	62
5	776	383.294215586157	63
5	790	390.701856867064	64
5	807	399.466826764417	65
5	820	406.811553154357	66
5	830	411.887535901861	67
5	857	428.18038963786	68
5	903	452.438819714707	69
5	908	454.173629324787	70
5	920	460.342213455504	71
5	934	468.552081631922	72
5	944	472.431394753746	73
5	946	472.578441184598	74
5	951	473.727504225233	75
5	964	478.823937060616	76
5	975	484.008190019637	77
5	985	489.191920139479	78
5	1000	495.860332272299	79
5	1002	495.923000614898	80
5	1023	508.837668926723	81
5	1037	514.448917013757	82
5	1042	516.007070516468	83
5	1061	523.23403099365	84
5	1079	531.456730678859	85
5	1104	544.786603736369	86
5	1109	545.813020757068	87
5	1114	546.967380894823	88
5	1116	547.161498860556	89
5	1121	548.834817648793	90
5	1136	560.388439452254	91
5	1157	569.623048924699	92
5	1173	583.35357235482	93
5	1178	585.008421917714	94
5	1185	587.102177769181	95
5	1201	597.740544560071	96
5	1217	608.170274221331	97
5	1222	609.350181705551	98
5	1233	616.833264413429	99
5	1250	625.607095929367	100
5	1252	625.875287112619	101
5	1257	626.59216261029	102
5	1269	630.592049554437	103
5	1274	631.973422651934	104
5	1286	636.437695806068	105
5	1291	638.220846719366	106
5	1321	655.572879662659	107
5	1332	659.754668937192	108
5	1346	664.924448457792	109
5	1369	676.733990332128	110
5	1373	677.086631601451	111
5	1393	687.020497661306	112
5	1450	714.176602088241	113
5	1472	725.450908160461	114
5	1480	728.183975336146	115
5	1487	731.769355399371	116
5	1501	742.334033165292	117
5	1503	742.44565628686	118
5	1521	749.734014876666	119
5	1532	755.659678418959	120
5	1534	755.817606748435	121
5	1536	756.043141770486	122
5	1538	756.276392078919	123
5	1555	763.666451736142	124
5	1579	777.275933149703	125
5	1588	780.179729833259	126
5	1608	792.42167700787	127
5	1627	802.269316030855	128
5	1669	826.198062108371	129
5	1675	827.700939100977	130
5	1688	836.084517609291	131
5	1691	836.351065744597	132
5	1698	837.55874923977	133
5	1708	842.017048158946	134
5	1715	845.171131234672	135
5	1724	848.239611402377	136
5	1737	857.196352745116	137
5	1742	858.269170386744	138
5	1747	859.689764955698	139
5	1760	865.174132544664	140
5	1767	866.703657277604	141
5	1772	868.434215979829	142
5	1780	871.371206003916	143
5	1792	875.672352453712	144
5	1802	881.312043606377	145
5	1805	881.624447536006	146
5	1816	884.524851822707	147
5	1837	898.774121622892	148
5	1848	903.148669721327	149
5	1863	909.766701103728	150
5	1872	911.287774043339	151
5	1877	913.027534674097	152
5	1884	916.683663291811	153
5	1892	920.37814438927	154
5	1911	926.986459825804	155
5	1950	953.105707015046	156
5	1959	956.272255042332	157
5	1988	970.27092647899	158
5	1997	975.797766563472	159
5	2019	987.443193843638	160
5	2036	998.228966975343	161
6	4	0.556689962834	1
6	11	6.040041726872	2
6	18	9.198996738974	3
6	25	12.001368416628	4
6	34	17.827573934838	5
6	39	19.403368889382	6
6	75	45.527721672488	7
6	90	53.780871153095	8
6	93	54.203948178157	9
6	95	54.486389674514	10
6	100	55.63407551873	11
6	109	60.916300231896	12
6	116	63.655797696638	13
6	137	75.162522647863	14
6	153	80.342679336689	15
6	156	80.706379524245	16
6	173	90.045850424914	17
6	180	92.900278750125	18
6	188	95.871304662835	19
6	192	96.215547071311	20
6	223	113.416193192812	21
6	229	116.309466643645	22
6	231	116.442065519318	23
6	248	125.997622390594	24
6	272	141.374120320051	25
6	277	142.68487156179	26
6	284	145.634761415748	27
6	289	146.94425667031	28
6	314	159.341736030407	29
6	322	161.861214150558	30
6	331	164.633794148995	31
6	338	169.015769504584	32
6	350	179.085947051103	33
6	356	180.467328975369	34
6	358	180.656427580028	35
6	375	187.803229064135	36
6	384	192.138318731782	37
6	416	213.295527809752	38
6	424	217.285147933176	39
6	434	221.317810633017	40
6	436	221.583006192057	41
6	452	225.389298712949	42
6	462	228.796076748456	43
6	486	240.657512634398	44
6	505	245.310258661839	45
6	520	254.020802503049	46
6	546	266.300171654934	47
6	555	269.295232850592	48
6	557	269.372286179721	49
6	592	290.47474456974	50
6	613	303.089466484606	51
6	623	308.184391683022	52
6	658	323.787670546179	53
6	668	326.091468997843	54
6	687	337.634333923296	55
6	689	337.891266199133	56
6	691	338.179445376875	57
6	704	343.776181951793	58
6	726	358.199082496276	59
6	735	362.073040749304	60
6	751	370.943488453407	61
6	769	380.49485196873	62
6	776	383.294215586157	63
6	790	390.701856867064	64
6	807	399.466826764417	65
6	820	406.811553154357	66
6	830	411.887535901861	67
6	857	428.18038963786	68
6	903	452.438819714707	69
6	908	454.173629324787	70
6	920	460.342213455504	71
6	934	468.552081631922	72
6	944	472.431394753746	73
6	946	472.578441184598	74
6	951	473.727504225233	75
6	964	478.823937060616	76
6	975	484.008190019637	77
6	985	489.191920139479	78
6	1000	495.860332272299	79
6	1002	495.923000614898	80
6	1023	508.837668926723	81
6	1037	514.448917013757	82
6	1042	516.007070516468	83
6	1061	523.23403099365	84
6	1079	531.456730678859	85
6	1104	544.786603736369	86
6	1109	545.813020757068	87
6	1114	546.967380894823	88
6	1116	547.161498860556	89
6	1121	548.834817648793	90
6	1136	560.388439452254	91
6	1157	569.623048924699	92
6	1173	583.35357235482	93
6	1178	585.008421917714	94
6	1185	587.102177769181	95
6	1201	597.740544560071	96
6	1217	608.170274221331	97
6	1222	609.350181705551	98
6	1233	616.833264413429	99
6	1250	625.607095929367	100
6	1252	625.875287112619	101
6	1257	626.59216261029	102
6	1269	630.592049554437	103
6	1274	631.973422651934	104
6	1286	636.437695806068	105
6	1291	638.220846719366	106
6	1321	655.572879662659	107
6	1332	659.754668937192	108
6	1346	664.924448457792	109
6	1369	676.733990332128	110
6	1373	677.086631601451	111
6	1393	687.020497661306	112
6	1450	714.176602088241	113
6	1472	725.450908160461	114
6	1480	728.183975336146	115
6	1487	731.769355399371	116
6	1501	742.334033165292	117
6	1503	742.44565628686	118
6	1521	749.734014876666	119
6	1532	755.659678418959	120
6	1534	755.817606748435	121
6	1536	756.043141770486	122
6	1538	756.276392078919	123
6	1555	763.666451736142	124
6	1579	777.275933149703	125
6	1588	780.179729833259	126
6	1608	792.42167700787	127
6	1627	802.269316030855	128
6	1669	826.198062108371	129
6	1675	827.700939100977	130
6	1688	836.084517609291	131
6	1691	836.351065744597	132
6	1698	837.55874923977	133
6	1708	842.017048158946	134
6	1715	845.171131234672	135
6	1724	848.239611402377	136
6	1737	857.196352745116	137
6	1742	858.269170386744	138
6	1747	859.689764955698	139
6	1760	865.174132544664	140
6	1767	866.703657277604	141
6	1772	868.434215979829	142
6	1780	871.371206003916	143
6	1792	875.672352453712	144
6	1802	881.312043606377	145
6	1805	881.624447536006	146
6	1816	884.524851822707	147
6	1837	898.774121622892	148
6	1848	903.148669721327	149
6	1863	909.766701103728	150
6	1872	911.287774043339	151
6	1877	913.027534674097	152
6	1884	916.683663291811	153
6	1892	920.37814438927	154
6	1911	926.986459825804	155
6	1950	953.105707015046	156
6	1959	956.272255042332	157
6	1988	970.27092647899	158
6	1997	975.797766563472	159
6	2019	987.443193843638	160
6	2036	998.228966975343	161
7	17	9.091315660042	1
7	24	11.945965271165	2
7	57	35.658948492726	3
7	74	45.491930300027	4
7	89	53.685612480231	5
7	92	54.098994356236	6
7	115	63.593757786926	7
7	122	66.489690360281	8
7	136	75.139363333667	9
7	141	76.014776827107	10
7	148	78.65577803574	11
7	152	80.271899455228	12
7	155	80.627109975092	13
7	190	96.141469238095	14
7	198	100.39353674567	15
7	212	109.55728018647	16
7	220	113.067220741435	17
7	222	113.229657196751	18
7	228	116.154842495361	19
7	247	125.914324810903	20
7	250	126.139094743605	21
7	271	141.319701637113	22
7	276	142.630981764623	23
7	283	145.600139691397	24
7	288	146.77536355644	25
7	294	149.713148314522	26
7	303	155.983292876555	27
7	305	156.264635080857	28
7	309	157.334007159861	29
7	321	161.792064178083	30
7	330	164.595083328348	31
7	337	168.982835430105	32
7	349	178.877959193896	33
7	367	183.309064372575	34
7	373	187.730516195783	35
7	383	191.978024567624	36
7	407	210.520776982951	37
7	415	213.266276654527	38
7	422	217.084797230499	39
7	432	221.177676311867	40
7	444	223.75573493073	41
7	449	224.990653925175	42
7	451	225.23744699504	43
7	456	226.722774851778	44
7	460	228.477643999736	45
7	476	235.90619130503	46
7	485	240.56869671347	47
7	493	243.231527271006	48
7	495	243.494711301008	49
7	497	243.71711286786	50
7	502	244.998110940734	51
7	504	245.112107969618	52
7	522	254.257630038615	53
7	524	254.47409060192	54
7	554	269.168533167117	55
7	569	275.326362410087	56
7	581	285.94340114618	57
7	591	290.418128155064	58
7	611	302.792549869411	59
7	621	307.951269808268	60
7	627	309.100138135561	61
7	632	311.266934412869	62
7	634	311.491651350313	63
7	638	312.465554305873	64
7	650	320.398977380591	65
7	656	323.453094773903	66
7	663	324.437806040066	67
7	667	325.971356583129	68
7	677	331.025866848184	69
7	723	357.863624688816	70
7	725	358.152196264845	71
7	753	371.149614482705	72
7	768	380.320214742447	73
7	775	383.135939045327	74
7	784	389.136078104796	75
7	789	390.621721725865	76
7	796	392.501278455849	77
7	822	407.036767982077	78
7	829	411.863555389468	79
7	836	415.540767421492	80
7	855	427.965796214127	81
7	872	436.392727107516	82
7	889	448.130041169218	83
7	898	450.801170244542	84
7	902	452.368225757558	85
7	913	457.169906012203	86
7	919	460.195183796168	87
7	931	468.228271623916	88
7	933	468.455483668057	89
7	963	478.729922844807	90
7	973	483.676514968747	91
7	979	485.347726457709	92
7	999	495.653562436022	93
7	1014	502.316926300313	94
7	1022	508.771327205757	95
7	1036	514.242852614232	96
7	1041	515.86588086029	97
7	1049	520.700562794055	98
7	1054	521.895662798782	99
7	1059	523.185948824694	100
7	1067	526.253640881354	101
7	1074	530.184897542607	102
7	1085	534.068864833713	103
7	1102	544.589449918407	104
7	1108	545.683278639705	105
7	1113	546.927360118204	106
7	1120	548.704572453252	107
7	1135	560.302916700767	108
7	1143	563.28780838368	109
7	1147	565.144359021381	110
7	1156	569.579852660492	111
7	1171	583.185034189194	112
7	1184	586.947458115597	113
7	1200	597.659776122462	114
7	1216	608.023512144948	115
7	1221	609.142581319422	116
7	1232	616.628706053095	117
7	1238	618.446084618776	118
7	1248	625.371780902905	119
7	1261	627.510824312064	120
7	1278	633.83589917557	121
7	1280	633.983630968227	122
7	1285	636.348127912145	123
7	1290	638.081467092041	124
7	1301	644.587346641446	125
7	1319	655.430305263965	126
7	1323	655.862696569528	127
7	1329	659.360855157302	128
7	1331	659.631685640343	129
7	1334	660.0548133773	130
7	1345	664.721949203299	131
7	1359	674.837293729571	132
7	1364	676.021693806595	133
7	1366	676.196769426407	134
7	1368	676.538045296054	135
7	1371	676.909435678653	136
7	1391	686.771594023474	137
7	1398	687.908932952395	138
7	1435	709.954853765404	139
7	1439	711.243108575382	140
7	1441	711.467587010756	141
7	1448	713.942523217297	142
7	1469	724.894890975026	143
7	1471	725.271964197042	144
7	1474	725.595078592764	145
7	1479	728.122476793641	146
7	1486	731.746825337231	147
7	1500	742.139019093308	148
7	1520	749.53416903051	149
7	1530	755.366257468343	150
7	1554	763.489572381042	151
7	1561	765.265414559261	152
7	1577	777.045632001126	153
7	1587	780.036842498715	154
7	1598	788.396354926002	155
7	1600	788.574056475164	156
7	1613	793.849383051525	157
7	1626	802.141540325391	158
7	1641	811.897349868079	159
7	1643	812.058161637303	160
7	1647	813.121378039911	161
7	1653	817.497618783964	162
7	1663	822.905666430139	163
7	1668	826.160147369986	164
7	1673	827.496046754037	165
7	1690	836.236591779683	166
7	1695	837.289911753188	167
7	1697	837.50606122812	168
7	1706	841.767189508504	169
7	1714	845.10537232786	170
7	1732	855.484539282132	171
7	1736	857.16176335879	172
7	1741	858.179630761276	173
7	1746	859.641778464243	174
7	1759	865.075847904778	175
7	1766	866.545157215533	176
7	1779	871.264680061938	177
7	1790	875.363087190746	178
7	1804	881.495077062269	179
7	1810	882.788788616411	180
7	1815	884.469537919795	181
7	1846	902.872077198539	182
7	1856	908.272313162936	183
7	1860	909.373574672143	184
7	1862	909.685586874634	185
7	1865	910.042539673525	186
7	1869	911.080529445502	187
7	1871	911.174971756453	188
7	1876	912.970334757723	189
7	1883	916.482025674415	190
7	1890	920.156970582702	191
7	1896	922.172558740426	192
7	1901	924.189250029408	193
7	1905	925.563377055733	194
7	1910	926.807196687869	195
7	1939	945.640512736818	196
7	1949	952.981904519859	197
7	1954	954.278985122296	198
7	1980	968.896680141968	199
7	1982	969.105059359007	200
7	1986	969.984519928085	201
7	2002	977.76909231245	202
7	2010	982.57662952359	203
7	2017	987.348173264103	204
7	2034	997.889582910862	205
7	2040	999.486569835184	206
8	17	9.091315660042	1
8	24	11.945965271165	2
8	57	35.658948492726	3
8	74	45.491930300027	4
8	89	53.685612480231	5
8	92	54.098994356236	6
8	115	63.593757786926	7
8	122	66.489690360281	8
8	136	75.139363333667	9
8	141	76.014776827107	10
8	148	78.65577803574	11
8	152	80.271899455228	12
8	155	80.627109975092	13
8	190	96.141469238095	14
8	198	100.39353674567	15
8	212	109.55728018647	16
8	220	113.067220741435	17
8	222	113.229657196751	18
8	228	116.154842495361	19
8	247	125.914324810903	20
8	250	126.139094743605	21
8	271	141.319701637113	22
8	276	142.630981764623	23
8	283	145.600139691397	24
8	288	146.77536355644	25
8	294	149.713148314522	26
8	303	155.983292876555	27
8	305	156.264635080857	28
8	309	157.334007159861	29
8	321	161.792064178083	30
8	330	164.595083328348	31
8	337	168.982835430105	32
8	349	178.877959193896	33
8	367	183.309064372575	34
8	373	187.730516195783	35
8	383	191.978024567624	36
8	407	210.520776982951	37
8	415	213.266276654527	38
8	422	217.084797230499	39
8	432	221.177676311867	40
8	444	223.75573493073	41
8	449	224.990653925175	42
8	451	225.23744699504	43
8	456	226.722774851778	44
8	460	228.477643999736	45
8	476	235.90619130503	46
8	485	240.56869671347	47
8	493	243.231527271006	48
8	495	243.494711301008	49
8	497	243.71711286786	50
8	502	244.998110940734	51
8	504	245.112107969618	52
8	522	254.257630038615	53
8	524	254.47409060192	54
8	554	269.168533167117	55
8	569	275.326362410087	56
8	581	285.94340114618	57
8	591	290.418128155064	58
8	611	302.792549869411	59
8	621	307.951269808268	60
8	627	309.100138135561	61
8	632	311.266934412869	62
8	634	311.491651350313	63
8	638	312.465554305873	64
8	650	320.398977380591	65
8	656	323.453094773903	66
8	663	324.437806040066	67
8	667	325.971356583129	68
8	677	331.025866848184	69
8	723	357.863624688816	70
8	725	358.152196264845	71
8	753	371.149614482705	72
8	768	380.320214742447	73
8	775	383.135939045327	74
8	784	389.136078104796	75
8	789	390.621721725865	76
8	796	392.501278455849	77
8	822	407.036767982077	78
8	829	411.863555389468	79
8	836	415.540767421492	80
8	855	427.965796214127	81
8	872	436.392727107516	82
8	889	448.130041169218	83
8	898	450.801170244542	84
8	902	452.368225757558	85
8	913	457.169906012203	86
8	919	460.195183796168	87
8	931	468.228271623916	88
8	933	468.455483668057	89
8	963	478.729922844807	90
8	973	483.676514968747	91
8	979	485.347726457709	92
8	999	495.653562436022	93
8	1014	502.316926300313	94
8	1022	508.771327205757	95
8	1036	514.242852614232	96
8	1041	515.86588086029	97
8	1049	520.700562794055	98
8	1054	521.895662798782	99
8	1059	523.185948824694	100
8	1067	526.253640881354	101
8	1074	530.184897542607	102
8	1085	534.068864833713	103
8	1102	544.589449918407	104
8	1108	545.683278639705	105
8	1113	546.927360118204	106
8	1120	548.704572453252	107
8	1135	560.302916700767	108
8	1143	563.28780838368	109
8	1147	565.144359021381	110
8	1156	569.579852660492	111
8	1171	583.185034189194	112
8	1184	586.947458115597	113
8	1200	597.659776122462	114
8	1216	608.023512144948	115
8	1221	609.142581319422	116
8	1232	616.628706053095	117
8	1238	618.446084618776	118
8	1248	625.371780902905	119
8	1261	627.510824312064	120
8	1278	633.83589917557	121
8	1280	633.983630968227	122
8	1285	636.348127912145	123
8	1290	638.081467092041	124
8	1301	644.587346641446	125
8	1319	655.430305263965	126
8	1323	655.862696569528	127
8	1329	659.360855157302	128
8	1331	659.631685640343	129
8	1334	660.0548133773	130
8	1345	664.721949203299	131
8	1359	674.837293729571	132
8	1364	676.021693806595	133
8	1366	676.196769426407	134
8	1368	676.538045296054	135
8	1371	676.909435678653	136
8	1391	686.771594023474	137
8	1398	687.908932952395	138
8	1435	709.954853765404	139
8	1439	711.243108575382	140
8	1441	711.467587010756	141
8	1448	713.942523217297	142
8	1469	724.894890975026	143
8	1471	725.271964197042	144
8	1474	725.595078592764	145
8	1479	728.122476793641	146
8	1486	731.746825337231	147
8	1500	742.139019093308	148
8	1520	749.53416903051	149
8	1530	755.366257468343	150
8	1554	763.489572381042	151
8	1561	765.265414559261	152
8	1577	777.045632001126	153
8	1587	780.036842498715	154
8	1598	788.396354926002	155
8	1600	788.574056475164	156
8	1613	793.849383051525	157
8	1626	802.141540325391	158
8	1641	811.897349868079	159
8	1643	812.058161637303	160
8	1647	813.121378039911	161
8	1653	817.497618783964	162
8	1663	822.905666430139	163
8	1668	826.160147369986	164
8	1673	827.496046754037	165
8	1690	836.236591779683	166
8	1695	837.289911753188	167
8	1697	837.50606122812	168
8	1706	841.767189508504	169
8	1714	845.10537232786	170
8	1732	855.484539282132	171
8	1736	857.16176335879	172
8	1741	858.179630761276	173
8	1746	859.641778464243	174
8	1759	865.075847904778	175
8	1766	866.545157215533	176
8	1779	871.264680061938	177
8	1790	875.363087190746	178
8	1804	881.495077062269	179
8	1810	882.788788616411	180
8	1815	884.469537919795	181
8	1846	902.872077198539	182
8	1856	908.272313162936	183
8	1860	909.373574672143	184
8	1862	909.685586874634	185
8	1865	910.042539673525	186
8	1869	911.080529445502	187
8	1871	911.174971756453	188
8	1876	912.970334757723	189
8	1883	916.482025674415	190
8	1890	920.156970582702	191
8	1896	922.172558740426	192
8	1901	924.189250029408	193
8	1905	925.563377055733	194
8	1910	926.807196687869	195
8	1939	945.640512736818	196
8	1949	952.981904519859	197
8	1954	954.278985122296	198
8	1980	968.896680141968	199
8	1982	969.105059359007	200
8	1986	969.984519928085	201
8	2002	977.76909231245	202
8	2010	982.57662952359	203
8	2017	987.348173264103	204
8	2034	997.889582910862	205
8	2040	999.486569835184	206
9	40	19.49247393633	1
9	96	54.584635501462	2
9	101	55.749327151514	3
9	138	75.18474832335	4
9	193	96.306639367235	5
9	224	113.477689733954	6
9	232	116.464580522107	7
9	285	145.822476180298	8
9	315	159.525710327649	9
9	359	180.816690630399	10
9	417	213.378215583892	11
9	487	240.800837517943	12
9	593	290.639008234834	13
9	614	303.18843205442	14
9	624	308.383946770384	15
9	659	323.921707255936	16
9	692	338.333006201903	17
9	705	343.91022239624	18
9	727	358.288031215784	19
9	831	411.916426341308	20
9	909	454.280727687861	21
9	947	472.779999179001	22
9	952	473.770101356573	23
9	965	478.957024570878	24
9	1038	514.59116664576	25
9	1062	523.282980244688	26
9	1080	531.6656349652	27
9	1117	547.322029035708	28
9	1122	548.941676076536	29
9	1186	587.136412842889	30
9	1202	597.909800016565	31
9	1218	608.311089101182	32
9	1258	626.752411403917	33
9	1270	630.801736981619	34
9	1275	632.113814869917	35
9	1292	638.315844280386	36
9	1374	677.131261603083	37
9	1481	728.337874451782	38
9	1504	742.638383910763	39
9	1522	749.897510407671	40
9	1589	780.230179217561	41
9	1609	792.470459348365	42
9	1670	826.293337174798	43
9	1709	842.148282669636	44
9	1716	845.240158065506	45
9	1725	848.286777371147	46
9	1743	858.424312630973	47
9	1748	859.748410165477	48
9	1768	866.757779088347	49
9	1793	875.815890517023	50
9	1817	884.586186742159	51
9	1838	898.983152985519	52
9	1873	911.323733463033	53
9	1878	913.175105908027	54
9	1885	916.861931102058	55
9	1893	920.419574158932	56
9	1998	975.954391197484	57
9	2020	987.564788396909	58
9	2037	998.320678709471	59
10	40	19.49247393633	2.072738704819
10	96	54.584635501462	2.187538403214
10	101	55.749327151514	2.205788289999
10	138	75.18474832335	1.889506715924
10	193	96.306639367235	2.539190424985
10	224	113.477689733954	1.749741685961
10	232	116.464580522107	2.050286300595
10	285	145.822476180298	1.758414965078
10	315	159.525710327649	2.279162641873
10	359	180.816690630399	2.163027116144
10	417	213.378215583892	1.647471822179
10	487	240.800837517943	1.908214786477
10	593	290.639008234834	2.227418231818
10	614	303.18843205442	2.384099826203
10	624	308.383946770384	2.377624183868
10	659	323.921707255936	1.980993152927
10	692	338.333006201903	2.768176878623
10	705	343.91022239624	2.329815767852
10	727	358.288031215784	2.347717256917
10	831	411.916426341308	2.218014119382
10	909	454.280727687861	2.239019955776
10	947	472.779999179001	1.835260668633
10	952	473.770101356573	1.643886523504
10	965	478.957024570878	1.644413919675
10	1038	514.59116664576	1.924410472094
10	1062	523.282980244688	1.517213457508
10	1080	531.6656349652	1.727072291146
10	1117	547.322029035708	1.879966076561
10	1122	548.941676076536	2.203721142336
10	1186	587.136412842889	2.4093955912749
10	1202	597.909800016565	2.405018089977
10	1218	608.311089101182	2.34985979982
10	1258	626.752411403917	1.878809377936
10	1270	630.801736981619	1.617425298723
10	1275	632.113814869917	1.8226968431339
10	1292	638.315844280386	2.246533441725
10	1374	677.131261603083	2.602297518437
10	1481	728.337874451782	1.946599414164
10	1504	742.638383910763	2.347001273582
10	1522	749.897510407671	1.900380442024
10	1589	780.230179217561	1.554698271755
10	1609	792.470459348365	2.384997891266
10	1670	826.293337174798	2.0536396741301
10	1709	842.148282669636	2.3504142249819
10	1716	845.240158065506	1.88100641801
10	1725	848.286777371147	2.090774707033
10	1743	858.424312630973	1.510867037346
10	1748	859.748410165477	1.753966385595
10	1768	866.757779088347	1.861811512322
10	1793	875.815890517023	1.7844056250591
10	1817	884.586186742159	2.096492533483
10	1838	898.983152985519	2.6303393001359
10	1873	911.323733463033	2.2595835942891
10	1878	913.175105908027	2.3274168456011
10	1885	916.861931102058	2.1731636234209
10	1893	920.419574158932	1.619005619448
10	1998	975.954391197484	2.44240148144
10	2020	987.564788396909	2.295352357111
10	2037	998.320678709471	2.2625190432659

