version 3
run General-1-20231019-19:32:40-60750
attr configname General
attr datetime 20231019-19:32:40
attr datetimef 20231019-193240
attr experiment General
attr inifile omnetpp.ini
attr iterationvars ""
attr iterationvarsd ""
attr iterationvarsf ""
attr measurement ""
attr network Multihop
attr processid 60750
attr repetition 1
attr replication #1
attr resultdir results
attr runnumber 1
attr seedset 1
config network Multihop
config Multihop.node[*].transmissionTime "uniform(1s, 2s)"
config Multihop.node[*].delayTime "uniform(0.01s, 0.2s)"
config Multihop.node[*].lossProbability 0.3
config record-eventlog true
config sim-time-limit 1000s
config repeat 5

vector 0 Multihop.node[0] txVector ETV
vector 1 Multihop.node[1] rxVector ETV
vector 2 Multihop.node[1] txVector ETV
vector 3 Multihop.node[3] rxVector ETV
vector 4 Multihop.node[3] txVector ETV
vector 5 Multihop.node[2] rxVector ETV
vector 6 Multihop.node[2] txVector ETV
vector 7 Multihop.node[4] rxVector ETV
vector 8 Multihop.node[4] txVector ETV
vector 9 Multihop.node[5] rxVector ETV
vector 10 Multihop.node[5] e2eVector ETV
0	0	0	1
0	1	0.089234179703	2
0	3	2.086418987836	3
0	5	3.214543435608	4
0	6	4.450632411872	5
0	7	5.847213138013	6
0	13	7.23512387823	7
0	17	8.769537785441	8
0	20	10.547927020934	9
0	23	12.240249637865	10
0	24	14.069853002556	11
0	25	15.342902979931	12
0	27	16.402146177018	13
0	30	17.995211693808	14
0	31	19.687088806532	15
0	32	21.002604440437	16
0	37	22.689105365076	17
0	39	24.135239865747	18
0	43	25.208604039973	19
0	44	26.733403422986	20
0	46	27.817026428296	21
0	47	29.727474808111	22
0	49	31.026404918987	23
0	51	32.592316947529	24
0	56	34.548852606328	25
0	58	35.598806065159	26
0	59	37.262600713993	27
0	61	38.777489821544	28
0	64	40.364044860356	29
0	75	42.256180728903	30
0	77	43.919622227201	31
0	79	45.034368197085	32
0	82	46.484280330246	33
0	87	48.247200397426	34
0	91	50.133142492618	35
0	94	52.062579726917	36
0	95	53.53505476832	37
0	98	55.277819595417	38
0	100	57.03328264726	39
0	101	58.956307188027	40
0	103	60.667831944885	41
0	105	61.687712076936	42
0	107	62.716018566048	43
0	108	64.576046516538	44
0	109	66.114877582645	45
0	111	67.667699555984	46
0	112	68.791872873089	47
0	113	70.071056553746	48
0	116	71.656815821655	49
0	118	73.469810793294	50
0	124	75.18720239529	51
0	125	77.124392721221	52
0	126	79.040802594392	53
0	127	80.822761057062	54
0	130	82.439089999884	55
0	131	83.511064282968	56
0	133	85.478340612608	57
0	134	86.681633853703	58
0	135	87.933959600399	59
0	136	89.677785457694	60
0	140	90.873214937863	61
0	141	92.366984651075	62
0	144	93.986940363073	63
0	145	95.638060928439	64
0	150	96.677744430374	65
0	152	98.057885606192	66
0	155	99.80322003679	67
0	158	101.567461649306	68
0	159	103.320217207657	69
0	161	104.386753690081	70
0	162	106.191508255551	71
0	172	107.38494253636	72
0	177	108.941595726066	73
0	181	110.491143645371	74
0	183	111.665099311039	75
0	185	112.800178466482	76
0	188	113.821703274619	77
0	189	115.293786700234	78
0	191	116.399177950459	79
0	196	118.284867811367	80
0	200	120.190260123346	81
0	204	121.68051364564	82
0	206	123.487874170417	83
0	210	125.380762874965	84
0	211	126.434672149482	85
0	212	127.854865830044	86
0	216	129.533934667359	87
0	217	131.507718209994	88
0	218	133.112434310724	89
0	219	134.941280120403	90
0	223	136.515991628288	91
0	224	138.374305466308	92
0	229	140.129387649127	93
0	232	141.369605281741	94
0	234	142.991524650368	95
0	238	144.965326731677	96
0	239	146.762965538657	97
0	242	148.64296382561	98
0	243	149.65942659008	99
0	246	150.958226814053	100
0	247	152.530715334813	101
0	248	154.26385786629	102
0	250	155.782869495104	103
0	251	157.35172749113	104
0	255	158.817437366933	105
0	256	160.800254483592	106
0	257	161.981867339812	107
0	259	163.79372603295	108
0	261	165.482139280882	109
0	264	166.6431107166	110
0	268	168.490132999258	111
0	269	169.708815902589	112
0	270	171.149644224556	113
0	275	172.629922407564	114
0	279	174.246607476497	115
0	280	175.399279125851	116
0	282	177.021085353453	117
0	285	178.675222700812	118
0	291	179.723522712827	119
0	301	181.3481531929	120
0	306	183.020487752395	121
0	310	184.163493585192	122
0	313	186.157406604035	123
0	315	187.615557482351	124
0	316	189.149491815713	125
0	318	190.72677126236	126
0	322	192.040917787819	127
0	326	193.882327849862	128
0	327	195.107718325804	129
0	331	196.754472239993	130
0	333	198.479452361006	131
0	334	199.968459661936	132
0	339	201.172133990449	133
0	341	203.131568307641	134
0	343	204.163891376347	135
0	345	205.628892858631	136
0	353	206.850325594309	137
0	356	208.279094368804	138
0	357	210.0144480638	139
0	358	211.617942711225	140
0	359	213.297961857522	141
0	361	214.881921645839	142
0	362	216.242939116553	143
0	367	218.20163902047	144
0	368	219.675642947321	145
0	371	221.478806282048	146
0	373	223.13249603764	147
0	375	224.851585397849	148
0	377	226.460398486702	149
0	381	227.741083278207	150
0	382	228.818862151939	151
0	383	230.434166383816	152
0	388	232.271970251462	153
0	391	233.672843980955	154
0	393	235.562218729293	155
0	394	237.410008709764	156
0	401	239.057732564516	157
0	402	240.570025262076	158
0	406	242.508911740154	159
0	410	244.030962990949	160
0	413	245.483816490628	161
0	420	247.378513099279	162
0	423	249.22284305061	163
0	424	250.629545924373	164
0	426	251.985956012623	165
0	429	253.842429075975	166
0	431	255.027559472367	167
0	434	256.267915090898	168
0	435	257.54338527832	169
0	438	258.595026513215	170
0	442	259.769746659908	171
0	445	261.745735728766	172
0	446	263.456831048128	173
0	447	264.650291619242	174
0	452	265.718722679538	175
0	453	267.542960520952	176
0	455	269.175576339827	177
0	460	270.652458676954	178
0	461	272.266012850336	179
0	462	273.585984287902	180
0	465	274.697884046358	181
0	474	275.918118275587	182
0	476	277.850375449636	183
0	481	279.825366759325	184
0	486	281.309795203271	185
0	489	282.732560933686	186
0	490	284.588389305982	187
0	491	285.783426797136	188
0	492	287.530747609564	189
0	494	288.820350355354	190
0	497	290.248087685673	191
0	500	292.091694175616	192
0	501	293.836167328643	193
0	502	295.057564028191	194
0	504	296.271676168196	195
0	507	297.414194504382	196
0	510	299.334891848849	197
0	514	300.566594158184	198
0	518	301.871112143738	199
0	519	303.349143455388	200
0	522	304.475353559364	201
0	526	306.410308186083	202
0	532	307.457772139811	203
0	536	308.502699955485	204
0	538	310.293680116886	205
0	541	311.759510564737	206
0	545	313.664141566612	207
0	548	314.87059562479	208
0	550	316.477037398264	209
0	552	318.370353737034	210
0	554	320.154378558861	211
0	556	322.135137330394	212
0	558	324.05508455809	213
0	561	325.586542880282	214
0	565	327.137630055079	215
0	572	328.999596612181	216
0	581	330.0911548686	217
0	584	331.094267727693	218
0	585	332.621242316093	219
0	586	333.716184384308	220
0	589	335.072638245185	221
0	590	336.35934989399	222
0	591	337.497704585667	223
0	595	338.787849046408	224
0	604	340.61598440807	225
0	605	342.566016123282	226
0	611	343.691512207618	227
0	614	345.361400210416	228
0	615	346.555866020849	229
0	622	348.403805408977	230
0	625	349.466314542457	231
0	626	351.289044551901	232
0	631	353.150256192428	233
0	637	354.894317441736	234
0	639	356.787218334735	235
0	640	358.005318521638	236
0	641	359.567150426446	237
0	642	360.701303951325	238
0	645	362.410121251246	239
0	646	363.917201175936	240
0	648	365.709022214985	241
0	649	367.486870694789	242
0	650	368.893353568739	243
0	652	370.541124197305	244
0	655	371.862944162567	245
0	658	373.711491468712	246
0	664	375.693982411758	247
0	666	377.051493576379	248
0	667	378.748862452456	249
0	668	380.017512579565	250
0	670	381.82579059375	251
0	672	383.369911976275	252
0	678	385.225268393406	253
0	681	386.834099562024	254
0	685	388.089807787794	255
0	687	389.996599672246	256
0	692	391.561467281194	257
0	694	392.986116396613	258
0	696	394.341424305342	259
0	697	395.973070932669	260
0	700	397.680387533154	261
0	701	399.237325179973	262
0	711	401.047772126389	263
0	713	402.75983765244	264
0	719	403.950377077213	265
0	720	404.951559148612	266
0	728	406.422563665197	267
0	729	407.485279245651	268
0	730	408.598575864802	269
0	732	410.547412748099	270
0	734	411.648819274152	271
0	735	413.556352726765	272
0	736	415.199646863271	273
0	739	416.864189613261	274
0	740	418.052383876289	275
0	742	419.799388704239	276
0	745	421.594689868507	277
0	748	422.682237989153	278
0	750	424.11612136534	279
0	757	425.585910401191	280
0	761	427.55763042497	281
0	763	429.323633509106	282
0	765	431.138721712283	283
0	770	432.391593699693	284
0	772	433.88643678336	285
0	777	435.037221186213	286
0	780	436.739644155722	287
0	783	437.811656189734	288
0	786	439.210850150674	289
0	787	440.883891209145	290
0	788	442.383823580691	291
0	795	444.160921809147	292
0	799	445.549019234837	293
0	800	446.973574410076	294
0	801	448.316131850588	295
0	813	449.733180945623	296
0	815	450.83891516889	297
0	818	452.11272487056	298
0	820	453.608278907486	299
0	821	455.599759101984	300
0	823	456.647277054028	301
0	829	457.873002921581	302
0	832	459.361803389271	303
0	836	461.336206854438	304
0	838	462.662016824238	305
0	840	464.413724545507	306
0	845	465.883203570616	307
0	849	467.134403545527	308
0	850	468.177121891292	309
0	852	469.810845674599	310
0	855	471.626669508523	311
0	858	473.05902510381	312
0	861	474.488699766227	313
0	862	476.44047546189	314
0	866	477.491387846532	315
0	870	478.573011825678	316
0	876	479.616302766723	317
0	880	481.51415348321	318
0	884	482.57906506921	319
0	886	483.832504109133	320
0	891	485.647123287085	321
0	892	487.176577587731	322
0	896	489.128041957624	323
0	899	490.428433923635	324
0	901	492.026898614017	325
0	903	493.651719911376	326
0	906	494.933859360058	327
0	907	496.578328060804	328
0	909	498.22679209628	329
0	910	500.122288059563	330
0	911	501.503245280943	331
0	914	502.974939947602	332
0	918	504.320619158334	333
0	921	506.070936339096	334
0	923	507.716246025291	335
0	930	509.150733595368	336
0	931	510.872036944263	337
0	934	512.312384027642	338
0	935	513.546739932037	339
0	937	515.397654120931	340
0	939	517.043076700186	341
0	945	518.974133973596	342
0	948	520.459348986511	343
0	950	522.043896250081	344
0	958	523.115843471027	345
0	961	524.797488806657	346
0	965	526.790056861592	347
0	970	528.403781477948	348
0	973	529.503222044445	349
0	977	531.43622031494	350
0	978	532.601942079262	351
0	980	533.901569316982	352
0	981	535.241572362956	353
0	988	536.725797936207	354
0	990	538.25534454326	355
0	995	539.560338517771	356
0	997	541.0466226436	357
0	1002	542.797484777056	358
0	1007	544.61933414976	359
0	1011	546.478095787697	360
0	1012	547.590873818499	361
0	1014	549.001957563803	362
0	1018	550.958641116394	363
0	1026	552.150990364727	364
0	1030	553.554013020246	365
0	1033	555.382302901362	366
0	1034	556.383067287159	367
0	1042	557.610665029733	368
0	1045	559.535405836653	369
0	1048	560.544679126821	370
0	1050	562.262274092415	371
0	1051	563.380466723235	372
0	1054	565.217464500459	373
0	1059	566.559591123954	374
0	1063	568.323463836805	375
0	1067	569.450177220049	376
0	1068	571.065192948448	377
0	1073	572.737604045429	378
0	1081	574.092538693574	379
0	1092	575.156731994244	380
0	1095	576.846371394236	381
0	1100	578.388342453286	382
0	1102	579.396466573121	383
0	1104	581.053990027288	384
0	1105	582.823086016232	385
0	1107	584.798425259421	386
0	1110	586.706933761368	387
0	1115	588.262833974211	388
0	1121	589.310745992119	389
0	1132	590.467083036786	390
0	1137	592.300051174944	391
0	1138	594.274024825662	392
0	1139	595.706001877438	393
0	1141	596.822699844025	394
0	1144	598.03915496066	395
0	1145	599.385849842222	396
0	1147	600.739497626785	397
0	1155	602.650515601624	398
0	1156	603.958398048885	399
0	1168	605.886507126156	400
0	1169	607.687166785242	401
0	1174	609.620369120853	402
0	1175	610.913373465769	403
0	1177	612.819108986881	404
0	1178	614.22653400095	405
0	1181	615.370823461216	406
0	1184	616.649061903244	407
0	1187	618.070894959269	408
0	1190	619.961401790034	409
0	1191	621.869782873316	410
0	1193	622.965175500026	411
0	1198	624.414501681345	412
0	1203	625.625129856289	413
0	1208	627.217787034929	414
0	1210	628.733985497736	415
0	1213	630.718112042992	416
0	1214	631.88302152057	417
0	1215	633.77485746227	418
0	1217	635.74249237648	419
0	1218	636.998924298098	420
0	1220	638.359682201992	421
0	1221	639.637668354322	422
0	1226	640.97175521881	423
0	1227	642.258799164907	424
0	1228	643.392006278855	425
0	1229	645.329086669141	426
0	1234	647.13392251346	427
0	1236	648.988360993915	428
0	1238	650.719256245882	429
0	1246	652.115320683342	430
0	1249	654.040699591978	431
0	1253	655.297360579601	432
0	1255	656.474790119684	433
0	1264	657.705778678531	434
0	1265	658.803401325714	435
0	1266	660.545241266839	436
0	1270	661.73666685971	437
0	1271	663.089814518928	438
0	1272	665.055623277673	439
0	1273	666.059668586939	440
0	1274	667.761380878161	441
0	1276	669.100381741184	442
0	1278	670.744387095678	443
0	1279	671.885438513127	444
0	1283	673.779314429615	445
0	1290	675.146571441204	446
0	1292	676.838555343332	447
0	1293	678.358868979965	448
0	1295	680.187337127165	449
0	1296	682.012195688323	450
0	1302	683.294040774344	451
0	1307	684.377574979909	452
0	1308	686.18904258043	453
0	1313	687.86176438129	454
0	1315	689.757493487675	455
0	1317	691.719066023011	456
0	1321	693.125354446586	457
0	1327	694.720201581133	458
0	1332	696.563524792551	459
0	1337	698.030240679507	460
0	1341	699.341854590804	461
0	1351	701.269435529479	462
0	1353	702.961849991813	463
0	1355	704.862592203425	464
0	1356	706.809268888201	465
0	1365	708.36270259146	466
0	1370	710.359612917643	467
0	1371	711.617742572794	468
0	1372	713.268750184797	469
0	1377	714.639897366869	470
0	1381	716.133247388876	471
0	1384	717.228574756882	472
0	1389	718.618839458679	473
0	1390	719.791058152332	474
0	1391	721.481458447524	475
0	1393	723.325157243642	476
0	1394	724.94759768073	477
0	1398	726.902364258538	478
0	1403	728.109445680282	479
0	1410	730.040090066963	480
0	1412	731.92135051114	481
0	1413	733.526677159243	482
0	1418	735.273814564221	483
0	1420	736.78920825629	484
0	1424	738.775455037714	485
0	1428	739.989919908927	486
0	1435	741.280726068071	487
0	1441	742.504723779275	488
0	1446	743.98831557238	489
0	1449	745.28894785943	490
0	1450	746.62877364771	491
0	1451	748.145671215956	492
0	1454	749.219354562112	493
0	1456	750.86690754618	494
0	1457	752.220149950939	495
0	1458	753.418349183514	496
0	1463	754.638943263446	497
0	1470	755.795144787175	498
0	1475	757.3496632803	499
0	1483	758.577069398598	500
0	1484	760.229590297793	501
0	1488	761.561628706404	502
0	1490	762.920677700895	503
0	1491	764.830968949827	504
0	1496	766.130859414697	505
0	1498	767.681438976782	506
0	1499	769.077087254147	507
0	1504	770.848805736634	508
0	1507	772.666125434567	509
0	1512	774.579969310551	510
0	1514	776.528669130639	511
0	1517	778.487156723509	512
0	1519	780.144678129698	513
0	1521	781.952190398821	514
0	1529	783.403292861185	515
0	1530	784.440876717097	516
0	1531	785.58837922744	517
0	1536	787.511017924058	518
0	1539	788.91437661706	519
0	1540	790.380685611744	520
0	1541	791.871694145375	521
0	1545	793.638556522667	522
0	1547	795.164268113324	523
0	1552	796.34546349349	524
0	1557	798.192185719149	525
0	1559	799.999550981797	526
0	1560	801.014119716711	527
0	1563	802.229329299997	528
0	1568	803.870479702601	529
0	1573	805.465749479715	530
0	1574	807.038591438091	531
0	1575	808.86036172684	532
0	1580	810.769259495779	533
0	1582	812.194662961994	534
0	1586	814.136549203775	535
0	1587	815.149967515028	536
0	1592	817.132445629339	537
0	1597	819.02373812895	538
0	1602	821.004437164755	539
0	1603	822.1811057037	540
0	1609	823.725061596024	541
0	1610	825.548623065117	542
0	1618	826.888311502177	543
0	1622	828.24173005007	544
0	1623	830.180484403742	545
0	1625	832.00189621316	546
0	1627	833.113796749503	547
0	1628	834.883633996711	548
0	1634	836.65400587686	549
0	1636	837.700959695155	550
0	1637	839.395644190606	551
0	1638	840.42184425064	552
0	1648	841.835677701864	553
0	1649	843.450027395622	554
0	1654	844.974461512524	555
0	1657	846.777327997494	556
0	1658	848.715413100203	557
0	1659	850.437084109174	558
0	1662	851.646718306351	559
0	1669	853.604907048285	560
0	1670	854.944756477956	561
0	1674	856.177747675102	562
0	1677	857.778713134467	563
0	1678	859.682044310146	564
0	1680	861.102413880522	565
0	1682	862.843665615772	566
0	1685	863.916181142558	567
0	1689	865.838732789852	568
0	1690	867.718815303291	569
0	1692	869.627387370798	570
0	1695	871.493965374422	571
0	1700	872.668466561823	572
0	1702	874.594013789086	573
0	1704	875.811871058889	574
0	1707	877.534680426702	575
0	1710	878.957522240816	576
0	1712	880.013898233068	577
0	1718	881.543022811762	578
0	1722	882.925219621626	579
0	1725	883.971593024559	580
0	1728	885.255055458169	581
0	1733	886.530784026837	582
0	1734	887.767766090926	583
0	1735	889.693486631733	584
0	1739	891.474682030619	585
0	1746	893.108142863612	586
0	1751	894.641408695259	587
0	1752	896.348596307567	588
0	1754	897.939496906825	589
0	1755	899.847141555628	590
0	1757	900.84964911535	591
0	1758	902.411058799947	592
0	1761	904.144981932246	593
0	1766	905.551420941369	594
0	1767	906.979753341644	595
0	1769	907.984729704332	596
0	1771	909.304936358823	597
0	1772	910.903600243737	598
0	1774	912.515099723709	599
0	1777	913.835948624999	600
0	1781	915.803856788787	601
0	1786	917.353947827245	602
0	1787	919.104072074291	603
0	1788	920.213807094262	604
0	1790	921.838430700709	605
0	1793	923.508521069192	606
0	1794	925.481381508174	607
0	1796	926.662969383529	608
0	1799	928.38106411358	609
0	1807	929.77402401541	610
0	1810	931.236553072348	611
0	1812	932.86501902144	612
0	1816	934.114425527515	613
0	1818	935.45368793083	614
0	1820	936.805492011948	615
0	1825	938.179701552146	616
0	1828	940.099655124943	617
0	1834	941.153521306	618
0	1835	942.24774182949	619
0	1836	944.149186852507	620
0	1837	945.461369973028	621
0	1847	946.668410035435	622
0	1848	948.347373840984	623
0	1849	950.071358392134	624
0	1856	951.073901630591	625
0	1859	952.487592363616	626
0	1866	953.906102778276	627
0	1869	955.618414976753	628
0	1874	957.051892567545	629
0	1875	958.805761642407	630
0	1876	960.664373345792	631
0	1877	962.611914896758	632
0	1879	964.266452430634	633
0	1884	966.009040486885	634
0	1888	967.287277680941	635
0	1890	968.846127150932	636
0	1894	970.817224935515	637
0	1897	972.184477361504	638
0	1903	973.847626255479	639
0	1907	975.122680301199	640
0	1912	976.393525213588	641
0	1921	977.735484344538	642
0	1923	979.501976491537	643
0	1927	980.562256869979	644
0	1930	982.514905549938	645
0	1931	984.086540888649	646
0	1932	985.920445568979	647
0	1935	987.618727369586	648
0	1937	989.44934892061	649
0	1938	991.057592405359	650
0	1939	992.918451189183	651
0	1946	994.147991813606	652
0	1949	995.426351143632	653
0	1950	997.081208775638	654
0	1951	998.253654659845	655
1	8	5.994464885683	1
1	14	7.428776662486	2
1	18	8.925572182502	3
1	21	10.73444095869	4
1	28	16.549760454438	5
1	33	21.181183318398	6
1	40	24.244395185457	7
1	52	32.661902953993	8
1	62	38.969136184993	9
1	65	40.455785885939	10
1	80	45.164262222485	11
1	83	46.650883379372	12
1	88	48.335081651912	13
1	92	50.284412907272	14
1	96	53.591526422774	15
1	114	70.275279745424	16
1	119	73.606270930452	17
1	128	80.849600949845	18
1	137	89.808243654324	19
1	142	92.544491021566	20
1	146	95.812697437185	21
1	153	98.205039855913	22
1	156	99.863639438805	23
1	163	106.333005823075	24
1	178	109.13757019719	25
1	186	113.000292806535	26
1	192	116.520709644439	27
1	197	118.392245061396	28
1	201	120.32409108193	29
1	207	123.617667041613	30
1	213	128.049400167884	31
1	220	135.080614598828	32
1	225	138.52693634361	33
1	230	140.153789707887	34
1	235	143.140306819169	35
1	240	146.95469550929	36
1	244	149.782163302476	37
1	252	157.436838383669	38
1	262	165.590846485078	39
1	265	166.822478804256	40
1	271	171.232968242584	41
1	276	172.694318973745	42
1	283	177.068549005872	43
1	286	178.866044860767	44
1	292	179.781574279919	45
1	302	181.516148418857	46
1	307	183.211736355225	47
1	311	184.287247038285	48
1	319	190.884737565377	49
1	323	192.166468019874	50
1	328	195.302733705812	51
1	335	200.005296751177	52
1	346	205.699636541609	53
1	354	207.026887468758	54
1	363	216.450458251162	55
1	369	219.772097525344	56
1	378	226.627879265671	57
1	384	230.586407408673	58
1	389	232.339441880287	59
1	395	237.541268654946	60
1	403	240.595905572835	61
1	407	242.590849803489	62
1	411	244.170341708744	63
1	414	245.54266826945	64
1	421	247.573352337152	65
1	427	252.025337465119	66
1	432	255.156661098968	67
1	436	257.589741056148	68
1	439	258.723462524137	69
1	443	259.961043550842	70
1	448	264.837426258236	71
1	456	269.198072247228	72
1	463	273.665457069371	73
1	466	274.782238571052	74
1	477	278.002983502743	75
1	482	280.008637143056	76
1	487	281.482861354527	77
1	495	288.993813053166	78
1	498	290.353581298961	79
1	505	296.36332186198	80
1	508	297.559606468795	81
1	511	299.394340724094	82
1	515	300.74521642699	83
1	520	303.554591730166	84
1	523	304.596562242037	85
1	527	306.515543614169	86
1	533	307.546197344728	87
1	539	310.329322075306	88
1	542	311.849839857805	89
1	546	313.6986174405	90
1	559	324.186063524797	91
1	562	325.647700149709	92
1	566	327.161387323912	93
1	573	329.069243263036	94
1	582	330.258385231767	95
1	587	333.909081251768	96
1	592	337.634340091417	97
1	596	338.888855195219	98
1	606	342.610946766437	99
1	612	343.865943773415	100
1	616	346.623677457728	101
1	623	348.507238105592	102
1	627	351.392612407008	103
1	632	353.232550984695	104
1	643	360.750414500496	105
1	653	370.593919075059	106
1	656	371.982745798882	107
1	659	373.852389632899	108
1	673	383.558705398238	109
1	679	385.374934597842	110
1	682	386.936284504142	111
1	688	390.0491726733	112
1	698	396.109652784223	113
1	702	399.283230751208	114
1	714	402.943445069983	115
1	721	405.073966368506	116
1	737	415.262397570475	117
1	743	419.912089882309	118
1	746	421.617162621478	119
1	751	424.32222320329	120
1	758	425.60639664409	121
1	766	431.221472747792	122
1	773	433.976622769198	123
1	778	435.222484532721	124
1	781	436.839090020925	125
1	784	437.914922816414	126
1	789	442.431108909564	127
1	796	444.232107340158	128
1	802	448.480691307944	129
1	816	450.921303832799	130
1	824	456.735361604356	131
1	830	458.027338954635	132
1	833	459.441026943519	133
1	841	464.473769800699	134
1	846	466.026350201086	135
1	853	469.916998109211	136
1	856	471.80773259683	137
1	859	473.131035024821	138
1	863	476.505139115382	139
1	867	477.601279117138	140
1	871	478.685435566378	141
1	877	479.71887581168	142
1	881	481.699534205667	143
1	887	483.86278570511	144
1	893	487.255957051681	145
1	897	489.266759302989	146
1	904	493.839633458138	147
1	912	501.684220780618	148
1	915	503.108108716992	149
1	919	504.520778963278	150
1	924	507.818732685194	151
1	932	510.916116728735	152
1	940	517.146314352553	153
1	946	519.169579286931	154
1	951	522.248402080567	155
1	959	523.268301691868	156
1	962	524.844502600813	157
1	966	526.948031434074	158
1	971	528.445638130076	159
1	974	529.581955965496	160
1	982	535.426562733523	161
1	991	538.44082420887	162
1	998	541.14787483212	163
1	1003	542.936850301319	164
1	1008	544.791168511329	165
1	1015	549.112049403166	166
1	1019	550.998627005341	167
1	1027	552.354770597295	168
1	1031	553.620285258634	169
1	1035	556.430693978249	170
1	1043	557.704192983223	171
1	1046	559.653163509113	172
1	1052	563.541852547452	173
1	1055	565.391281598437	174
1	1060	566.627829961722	175
1	1064	568.389874502727	176
1	1069	571.086785733186	177
1	1074	572.894869201967	178
1	1082	574.139550598819	179
1	1096	576.999472678624	180
1	1108	584.930395108357	181
1	1111	586.828919741773	182
1	1116	588.378071781128	183
1	1122	589.336013066772	184
1	1142	596.915773017307	185
1	1148	600.89736970939	186
1	1157	604.164012119191	187
1	1170	607.740961087372	188
1	1179	614.414807423414	189
1	1182	615.486394448123	190
1	1185	616.752384229589	191
1	1188	618.163445013622	192
1	1194	623.100610284887	193
1	1199	624.500073703857	194
1	1204	625.79135781407	195
1	1211	628.755861363174	196
1	1222	639.751496633316	197
1	1230	645.527312091121	198
1	1239	650.790498263814	199
1	1247	652.147244161271	200
1	1250	654.135071359765	201
1	1256	656.505805523853	202
1	1267	660.641637277569	203
1	1280	672.043613390443	204
1	1284	673.817003087911	205
1	1297	682.066109706273	206
1	1303	683.43167639259	207
1	1309	686.306492752248	208
1	1318	691.880378370948	209
1	1322	693.312300031973	210
1	1328	694.775112069567	211
1	1333	696.763823162609	212
1	1338	698.111701726271	213
1	1342	699.487341558631	214
1	1357	706.845381234464	215
1	1366	708.571461921871	216
1	1373	713.344766151299	217
1	1378	714.661939185941	218
1	1382	716.226424615311	219
1	1385	717.392941582454	220
1	1395	724.996376859637	221
1	1399	727.077042877045	222
1	1404	728.178445347191	223
1	1414	733.695477753069	224
1	1421	736.814574354344	225
1	1425	738.91310556415	226
1	1429	740.183943909074	227
1	1436	741.438106989372	228
1	1442	742.602991362782	229
1	1447	744.163993665473	230
1	1452	748.233396124733	231
1	1459	753.446675269869	232
1	1464	754.788070311018	233
1	1471	755.981471521571	234
1	1476	757.375500833965	235
1	1485	760.430760027536	236
1	1492	765.003264531614	237
1	1500	769.144815858358	238
1	1505	770.991533875226	239
1	1508	772.804364814725	240
1	1515	776.619937823685	241
1	1522	782.049700897166	242
1	1532	785.616768638247	243
1	1537	787.611466745275	244
1	1542	792.012207488506	245
1	1548	795.333997528405	246
1	1553	796.516145750918	247
1	1561	801.056421332055	248
1	1564	802.332637933188	249
1	1569	803.978289741199	250
1	1576	808.990591119967	251
1	1583	812.379946009285	252
1	1588	815.202662208669	253
1	1593	817.298319022169	254
1	1598	819.165996007325	255
1	1604	822.337440237443	256
1	1611	825.573437420071	257
1	1619	827.029616454065	258
1	1629	834.934719175798	259
1	1639	840.45397468363	260
1	1650	843.483930527954	261
1	1655	845.075127896015	262
1	1660	850.47862113034	263
1	1663	851.796520767261	264
1	1671	855.052823675351	265
1	1675	856.218650122004	266
1	1683	862.896478822716	267
1	1686	864.056584460253	268
1	1693	869.77219026122	269
1	1696	871.521515154813	270
1	1705	875.889923461517	271
1	1708	877.574204173471	272
1	1713	880.07762452139	273
1	1719	881.749828726284	274
1	1723	883.064488267049	275
1	1726	884.14371484801	276
1	1729	885.446434112809	277
1	1736	889.771889112137	278
1	1740	891.547447448566	279
1	1747	893.211038268031	280
1	1759	902.447678625564	281
1	1762	904.186439963595	282
1	1775	912.659218753625	283
1	1778	914.038252650284	284
1	1782	915.91036529978	285
1	1791	921.897107173181	286
1	1797	926.766001076362	287
1	1800	928.58906001716	288
1	1808	929.846174096662	289
1	1813	932.912913125521	290
1	1821	936.870219975334	291
1	1826	938.283558384058	292
1	1829	940.140869955811	293
1	1838	945.537194843861	294
1	1850	950.16881637784	295
1	1857	951.134697612245	296
1	1860	952.534396100179	297
1	1867	953.984112349357	298
1	1870	955.738731283855	299
1	1880	964.424601655985	300
1	1885	966.162033730566	301
1	1891	968.996754167469	302
1	1895	970.91786353031	303
1	1898	972.288339415337	304
1	1904	973.888159077548	305
1	1908	975.261688473572	306
1	1913	976.573845240565	307
1	1924	979.643104002555	308
1	1928	980.585844301938	309
1	1933	985.968301221103	310
1	1940	993.093236851674	311
1	1947	994.260611360905	312
2	8	5.994464885683	1
2	14	7.428776662486	2
2	18	8.925572182502	3
2	21	10.73444095869	4
2	28	16.549760454438	5
2	33	21.181183318398	6
2	40	24.244395185457	7
2	52	32.661902953993	8
2	62	38.969136184993	9
2	65	40.455785885939	10
2	80	45.164262222485	11
2	83	46.650883379372	12
2	88	48.335081651912	13
2	92	50.284412907272	14
2	96	53.591526422774	15
2	114	70.275279745424	16
2	119	73.606270930452	17
2	128	80.849600949845	18
2	137	89.808243654324	19
2	142	92.544491021566	20
2	146	95.812697437185	21
2	153	98.205039855913	22
2	156	99.863639438805	23
2	163	106.333005823075	24
2	178	109.13757019719	25
2	186	113.000292806535	26
2	192	116.520709644439	27
2	197	118.392245061396	28
2	201	120.32409108193	29
2	207	123.617667041613	30
2	213	128.049400167884	31
2	220	135.080614598828	32
2	225	138.52693634361	33
2	230	140.153789707887	34
2	235	143.140306819169	35
2	240	146.95469550929	36
2	244	149.782163302476	37
2	252	157.436838383669	38
2	262	165.590846485078	39
2	265	166.822478804256	40
2	271	171.232968242584	41
2	276	172.694318973745	42
2	283	177.068549005872	43
2	286	178.866044860767	44
2	292	179.781574279919	45
2	302	181.516148418857	46
2	307	183.211736355225	47
2	311	184.287247038285	48
2	319	190.884737565377	49
2	323	192.166468019874	50
2	328	195.302733705812	51
2	335	200.005296751177	52
2	346	205.699636541609	53
2	354	207.026887468758	54
2	363	216.450458251162	55
2	369	219.772097525344	56
2	378	226.627879265671	57
2	384	230.586407408673	58
2	389	232.339441880287	59
2	395	237.541268654946	60
2	403	240.595905572835	61
2	407	242.590849803489	62
2	411	244.170341708744	63
2	414	245.54266826945	64
2	421	247.573352337152	65
2	427	252.025337465119	66
2	432	255.156661098968	67
2	436	257.589741056148	68
2	439	258.723462524137	69
2	443	259.961043550842	70
2	448	264.837426258236	71
2	456	269.198072247228	72
2	463	273.665457069371	73
2	466	274.782238571052	74
2	477	278.002983502743	75
2	482	280.008637143056	76
2	487	281.482861354527	77
2	495	288.993813053166	78
2	498	290.353581298961	79
2	505	296.36332186198	80
2	508	297.559606468795	81
2	511	299.394340724094	82
2	515	300.74521642699	83
2	520	303.554591730166	84
2	523	304.596562242037	85
2	527	306.515543614169	86
2	533	307.546197344728	87
2	539	310.329322075306	88
2	542	311.849839857805	89
2	546	313.6986174405	90
2	559	324.186063524797	91
2	562	325.647700149709	92
2	566	327.161387323912	93
2	573	329.069243263036	94
2	582	330.258385231767	95
2	587	333.909081251768	96
2	592	337.634340091417	97
2	596	338.888855195219	98
2	606	342.610946766437	99
2	612	343.865943773415	100
2	616	346.623677457728	101
2	623	348.507238105592	102
2	627	351.392612407008	103
2	632	353.232550984695	104
2	643	360.750414500496	105
2	653	370.593919075059	106
2	656	371.982745798882	107
2	659	373.852389632899	108
2	673	383.558705398238	109
2	679	385.374934597842	110
2	682	386.936284504142	111
2	688	390.0491726733	112
2	698	396.109652784223	113
2	702	399.283230751208	114
2	714	402.943445069983	115
2	721	405.073966368506	116
2	737	415.262397570475	117
2	743	419.912089882309	118
2	746	421.617162621478	119
2	751	424.32222320329	120
2	758	425.60639664409	121
2	766	431.221472747792	122
2	773	433.976622769198	123
2	778	435.222484532721	124
2	781	436.839090020925	125
2	784	437.914922816414	126
2	789	442.431108909564	127
2	796	444.232107340158	128
2	802	448.480691307944	129
2	816	450.921303832799	130
2	824	456.735361604356	131
2	830	458.027338954635	132
2	833	459.441026943519	133
2	841	464.473769800699	134
2	846	466.026350201086	135
2	853	469.916998109211	136
2	856	471.80773259683	137
2	859	473.131035024821	138
2	863	476.505139115382	139
2	867	477.601279117138	140
2	871	478.685435566378	141
2	877	479.71887581168	142
2	881	481.699534205667	143
2	887	483.86278570511	144
2	893	487.255957051681	145
2	897	489.266759302989	146
2	904	493.839633458138	147
2	912	501.684220780618	148
2	915	503.108108716992	149
2	919	504.520778963278	150
2	924	507.818732685194	151
2	932	510.916116728735	152
2	940	517.146314352553	153
2	946	519.169579286931	154
2	951	522.248402080567	155
2	959	523.268301691868	156
2	962	524.844502600813	157
2	966	526.948031434074	158
2	971	528.445638130076	159
2	974	529.581955965496	160
2	982	535.426562733523	161
2	991	538.44082420887	162
2	998	541.14787483212	163
2	1003	542.936850301319	164
2	1008	544.791168511329	165
2	1015	549.112049403166	166
2	1019	550.998627005341	167
2	1027	552.354770597295	168
2	1031	553.620285258634	169
2	1035	556.430693978249	170
2	1043	557.704192983223	171
2	1046	559.653163509113	172
2	1052	563.541852547452	173
2	1055	565.391281598437	174
2	1060	566.627829961722	175
2	1064	568.389874502727	176
2	1069	571.086785733186	177
2	1074	572.894869201967	178
2	1082	574.139550598819	179
2	1096	576.999472678624	180
2	1108	584.930395108357	181
2	1111	586.828919741773	182
2	1116	588.378071781128	183
2	1122	589.336013066772	184
2	1142	596.915773017307	185
2	1148	600.89736970939	186
2	1157	604.164012119191	187
2	1170	607.740961087372	188
2	1179	614.414807423414	189
2	1182	615.486394448123	190
2	1185	616.752384229589	191
2	1188	618.163445013622	192
2	1194	623.100610284887	193
2	1199	624.500073703857	194
2	1204	625.79135781407	195
2	1211	628.755861363174	196
2	1222	639.751496633316	197
2	1230	645.527312091121	198
2	1239	650.790498263814	199
2	1247	652.147244161271	200
2	1250	654.135071359765	201
2	1256	656.505805523853	202
2	1267	660.641637277569	203
2	1280	672.043613390443	204
2	1284	673.817003087911	205
2	1297	682.066109706273	206
2	1303	683.43167639259	207
2	1309	686.306492752248	208
2	1318	691.880378370948	209
2	1322	693.312300031973	210
2	1328	694.775112069567	211
2	1333	696.763823162609	212
2	1338	698.111701726271	213
2	1342	699.487341558631	214
2	1357	706.845381234464	215
2	1366	708.571461921871	216
2	1373	713.344766151299	217
2	1378	714.661939185941	218
2	1382	716.226424615311	219
2	1385	717.392941582454	220
2	1395	724.996376859637	221
2	1399	727.077042877045	222
2	1404	728.178445347191	223
2	1414	733.695477753069	224
2	1421	736.814574354344	225
2	1425	738.91310556415	226
2	1429	740.183943909074	227
2	1436	741.438106989372	228
2	1442	742.602991362782	229
2	1447	744.163993665473	230
2	1452	748.233396124733	231
2	1459	753.446675269869	232
2	1464	754.788070311018	233
2	1471	755.981471521571	234
2	1476	757.375500833965	235
2	1485	760.430760027536	236
2	1492	765.003264531614	237
2	1500	769.144815858358	238
2	1505	770.991533875226	239
2	1508	772.804364814725	240
2	1515	776.619937823685	241
2	1522	782.049700897166	242
2	1532	785.616768638247	243
2	1537	787.611466745275	244
2	1542	792.012207488506	245
2	1548	795.333997528405	246
2	1553	796.516145750918	247
2	1561	801.056421332055	248
2	1564	802.332637933188	249
2	1569	803.978289741199	250
2	1576	808.990591119967	251
2	1583	812.379946009285	252
2	1588	815.202662208669	253
2	1593	817.298319022169	254
2	1598	819.165996007325	255
2	1604	822.337440237443	256
2	1611	825.573437420071	257
2	1619	827.029616454065	258
2	1629	834.934719175798	259
2	1639	840.45397468363	260
2	1650	843.483930527954	261
2	1655	845.075127896015	262
2	1660	850.47862113034	263
2	1663	851.796520767261	264
2	1671	855.052823675351	265
2	1675	856.218650122004	266
2	1683	862.896478822716	267
2	1686	864.056584460253	268
2	1693	869.77219026122	269
2	1696	871.521515154813	270
2	1705	875.889923461517	271
2	1708	877.574204173471	272
2	1713	880.07762452139	273
2	1719	881.749828726284	274
2	1723	883.064488267049	275
2	1726	884.14371484801	276
2	1729	885.446434112809	277
2	1736	889.771889112137	278
2	1740	891.547447448566	279
2	1747	893.211038268031	280
2	1759	902.447678625564	281
2	1762	904.186439963595	282
2	1775	912.659218753625	283
2	1778	914.038252650284	284
2	1782	915.91036529978	285
2	1791	921.897107173181	286
2	1797	926.766001076362	287
2	1800	928.58906001716	288
2	1808	929.846174096662	289
2	1813	932.912913125521	290
2	1821	936.870219975334	291
2	1826	938.283558384058	292
2	1829	940.140869955811	293
2	1838	945.537194843861	294
2	1850	950.16881637784	295
2	1857	951.134697612245	296
2	1860	952.534396100179	297
2	1867	953.984112349357	298
2	1870	955.738731283855	299
2	1880	964.424601655985	300
2	1885	966.162033730566	301
2	1891	968.996754167469	302
2	1895	970.91786353031	303
2	1898	972.288339415337	304
2	1904	973.888159077548	305
2	1908	975.261688473572	306
2	1913	976.573845240565	307
2	1924	979.643104002555	308
2	1928	980.585844301938	309
2	1933	985.968301221103	310
2	1940	993.093236851674	311
2	1947	994.260611360905	312
3	9	6.116840064742	1
3	11	6.255207959518	2
3	15	7.554927729679	3
3	34	21.207675867302	4
3	41	24.320181872679	5
3	66	40.507203182777	6
3	68	40.75849707672	7
3	70	40.940994623246	8
3	72	41.0995293505	9
3	89	48.500354240304	10
3	120	73.790343882462	11
3	138	89.837747090373	12
3	147	95.940779210339	13
3	165	106.582564800404	14
3	167	106.90760083764	15
3	169	106.981678797464	16
3	171	107.340417803864	17
3	175	107.754060597509	18
3	193	116.719330066908	19
3	202	120.52512899557	20
3	221	135.233592564579	21
3	253	157.603679965522	22
3	266	167.016576859093	23
3	272	171.292525186007	24
3	287	178.890287641779	25
3	294	179.992846677919	26
3	296	180.243712722932	27
3	298	180.474498511362	28
3	308	183.309893692682	29
3	320	191.036346332262	30
3	329	195.333550298263	31
3	347	205.806462344003	32
3	350	206.028272191745	33
3	397	237.919863596072	34
3	399	238.043225534777	35
3	404	240.707926668308	36
3	416	245.780280359477	37
3	468	274.917418262963	38
3	471	275.265311620875	39
3	479	278.15391555493	40
3	484	280.29493167194	41
3	516	300.882617131782	42
3	524	304.644445023271	43
3	529	306.75004436061	44
3	534	307.647054008054	45
3	563	325.828425542981	46
3	567	327.245165077737	47
3	569	327.401447207649	48
3	574	329.227724929074	49
3	576	329.516120222026	50
3	579	329.912723423817	51
3	593	337.661958211502	52
3	597	338.97544149615	53
3	599	339.229456003955	54
3	601	339.493161024029	55
3	608	342.953537089141	56
3	617	346.751432415343	57
3	619	347.105376179298	58
3	633	353.415324458815	59
3	635	353.646611409173	60
3	660	373.925976654925	61
3	662	374.158938746469	62
3	674	383.756003632711	63
3	683	387.021459844862	64
3	704	399.5372654442	65
3	706	399.797561165772	66
3	708	399.992777117971	67
3	716	403.115268113466	68
3	723	405.326683990005	69
3	725	405.621604636108	70
3	753	424.607440168674	71
3	755	424.822181378762	72
3	767	431.407704232627	73
3	774	434.084163836086	74
3	792	442.835427318906	75
3	797	444.377382878223	76
3	804	448.637042471287	77
3	807	449.052725692636	78
3	809	449.298918228136	79
3	811	449.506468658245	80
3	825	456.85526397758	81
3	827	457.14674819001	82
3	842	464.674151410722	83
3	847	466.148191815914	84
3	864	476.53737633153	85
3	872	478.781868258225	86
3	874	479.180191873807	87
3	878	479.896021713461	88
3	882	481.835369290664	89
3	888	484.032298795028	90
3	916	503.240481531216	91
3	925	507.950522477921	92
3	927	508.320337049452	93
3	941	517.22205584531	94
3	943	517.386849515863	95
3	952	522.354713020491	96
3	955	522.731655019706	97
3	963	525.036282168326	98
3	975	529.732836564688	99
3	985	535.748133323782	100
3	992	538.623044864601	101
3	999	541.233299278761	102
3	1009	544.999781676967	103
3	1020	551.125207268815	104
3	1023	551.305677602565	105
3	1037	556.770589783823	106
3	1039	557.017441894768	107
3	1061	566.83256088199	108
3	1065	568.409986431982	109
3	1070	571.285973062993	110
3	1075	573.088479730388	111
3	1077	573.304338116689	112
3	1079	573.578566699117	113
3	1084	574.341770608191	114
3	1086	574.637381317298	115
3	1088	574.803062285229	116
3	1091	575.055674701252	117
3	1097	577.153955605446	118
3	1118	588.726490441565	119
3	1124	589.427426845437	120
3	1126	589.715039391885	121
3	1128	590.054115222527	122
3	1130	590.204448062794	123
3	1133	590.470545706854	124
3	1149	600.918149375438	125
3	1152	601.310635916302	126
3	1158	604.275487438052	127
3	1160	604.569178875746	128
3	1162	604.788529428607	129
3	1164	605.155679695008	130
3	1171	607.934868528289	131
3	1201	624.645094471112	132
3	1205	625.977289208894	133
3	1223	639.904976009479	134
3	1232	645.903503646571	135
3	1240	650.993642639796	136
3	1242	651.403155469819	137
3	1244	651.601929821932	138
3	1257	656.651388175435	139
3	1259	656.955946559546	140
3	1261	657.333108861673	141
3	1268	660.722750425933	142
3	1286	674.059677467661	143
3	1288	674.432295311159	144
3	1299	682.232559151312	145
3	1310	686.343070731672	146
3	1319	692.020091185695	147
3	1323	693.516950729693	148
3	1325	693.901897898059	149
3	1339	698.291214577246	150
3	1343	699.643695319591	151
3	1345	699.938689209815	152
3	1348	700.187787751556	153
3	1359	707.143429066558	154
3	1361	707.301293116708	155
3	1363	707.506388771611	156
3	1367	708.604110374452	157
3	1386	717.472298778102	158
3	1401	727.366758537164	159
3	1407	728.704941410147	160
3	1422	736.92718878983	161
3	1431	740.57064232427	162
3	1433	740.77493699974	163
3	1437	741.597678142153	164
3	1443	742.676372914766	165
3	1461	753.603094554106	166
3	1465	754.933287086347	167
3	1467	755.208035198557	168
3	1478	757.583771290991	169
3	1480	757.799602317128	170
3	1493	765.111006419945	171
3	1501	769.23692563198	172
3	1509	772.83741387308	173
3	1524	782.147063088107	174
3	1526	782.287351277915	175
3	1533	785.657617354067	176
3	1543	792.193462260624	177
3	1549	795.523925323017	178
3	1554	796.614743081825	179
3	1565	802.524626459072	180
3	1570	804.049497723568	181
3	1577	809.078823794228	182
3	1584	812.432676652792	183
3	1589	815.28391009991	184
3	1595	817.505121631048	185
3	1605	822.52219670371	186
3	1607	822.775377842077	187
3	1612	825.684150630831	188
3	1615	826.113738573801	189
3	1620	827.179045248309	190
3	1631	835.16568631665	191
3	1641	840.778236463997	192
3	1643	840.951163535771	193
3	1645	841.069281804904	194
3	1664	852.000822427678	195
3	1666	852.12651512665	196
3	1698	871.604136643647	197
3	1715	880.223155398911	198
3	1720	881.864946444854	199
3	1730	885.580963597799	200
3	1737	889.894348497006	201
3	1742	891.772588209032	202
3	1744	891.980069339531	203
3	1748	893.284274868597	204
3	1779	914.190842564512	205
3	1801	928.789765951646	206
3	1803	929.081962093084	207
3	1822	937.02637170415	208
3	1830	940.330946120142	209
3	1840	945.755088021481	210
3	1843	946.095312819433	211
3	1852	950.383646308207	212
3	1854	950.677965099313	213
3	1862	952.905351292598	214
3	1892	969.138686511079	215
3	1901	972.597229542528	216
3	1909	975.286750617929	217
3	1914	976.719929740513	218
3	1916	976.878209587131	219
3	1918	977.163348375214	220
3	1920	977.5371313589	221
3	1943	993.522192059611	222
4	9	6.116840064742	1
4	11	6.255207959518	2
4	15	7.554927729679	3
4	34	21.207675867302	4
4	41	24.320181872679	5
4	66	40.507203182777	6
4	68	40.75849707672	7
4	70	40.940994623246	8
4	72	41.0995293505	9
4	89	48.500354240304	10
4	120	73.790343882462	11
4	138	89.837747090373	12
4	147	95.940779210339	13
4	165	106.582564800404	14
4	167	106.90760083764	15
4	169	106.981678797464	16
4	171	107.340417803864	17
4	175	107.754060597509	18
4	193	116.719330066908	19
4	202	120.52512899557	20
4	221	135.233592564579	21
4	253	157.603679965522	22
4	266	167.016576859093	23
4	272	171.292525186007	24
4	287	178.890287641779	25
4	294	179.992846677919	26
4	296	180.243712722932	27
4	298	180.474498511362	28
4	308	183.309893692682	29
4	320	191.036346332262	30
4	329	195.333550298263	31
4	347	205.806462344003	32
4	350	206.028272191745	33
4	397	237.919863596072	34
4	399	238.043225534777	35
4	404	240.707926668308	36
4	416	245.780280359477	37
4	468	274.917418262963	38
4	471	275.265311620875	39
4	479	278.15391555493	40
4	484	280.29493167194	41
4	516	300.882617131782	42
4	524	304.644445023271	43
4	529	306.75004436061	44
4	534	307.647054008054	45
4	563	325.828425542981	46
4	567	327.245165077737	47
4	569	327.401447207649	48
4	574	329.227724929074	49
4	576	329.516120222026	50
4	579	329.912723423817	51
4	593	337.661958211502	52
4	597	338.97544149615	53
4	599	339.229456003955	54
4	601	339.493161024029	55
4	608	342.953537089141	56
4	617	346.751432415343	57
4	619	347.105376179298	58
4	633	353.415324458815	59
4	635	353.646611409173	60
4	660	373.925976654925	61
4	662	374.158938746469	62
4	674	383.756003632711	63
4	683	387.021459844862	64
4	704	399.5372654442	65
4	706	399.797561165772	66
4	708	399.992777117971	67
4	716	403.115268113466	68
4	723	405.326683990005	69
4	725	405.621604636108	70
4	753	424.607440168674	71
4	755	424.822181378762	72
4	767	431.407704232627	73
4	774	434.084163836086	74
4	792	442.835427318906	75
4	797	444.377382878223	76
4	804	448.637042471287	77
4	807	449.052725692636	78
4	809	449.298918228136	79
4	811	449.506468658245	80
4	825	456.85526397758	81
4	827	457.14674819001	82
4	842	464.674151410722	83
4	847	466.148191815914	84
4	864	476.53737633153	85
4	872	478.781868258225	86
4	874	479.180191873807	87
4	878	479.896021713461	88
4	882	481.835369290664	89
4	888	484.032298795028	90
4	916	503.240481531216	91
4	925	507.950522477921	92
4	927	508.320337049452	93
4	941	517.22205584531	94
4	943	517.386849515863	95
4	952	522.354713020491	96
4	955	522.731655019706	97
4	963	525.036282168326	98
4	975	529.732836564688	99
4	985	535.748133323782	100
4	992	538.623044864601	101
4	999	541.233299278761	102
4	1009	544.999781676967	103
4	1020	551.125207268815	104
4	1023	551.305677602565	105
4	1037	556.770589783823	106
4	1039	557.017441894768	107
4	1061	566.83256088199	108
4	1065	568.409986431982	109
4	1070	571.285973062993	110
4	1075	573.088479730388	111
4	1077	573.304338116689	112
4	1079	573.578566699117	113
4	1084	574.341770608191	114
4	1086	574.637381317298	115
4	1088	574.803062285229	116
4	1091	575.055674701252	117
4	1097	577.153955605446	118
4	1118	588.726490441565	119
4	1124	589.427426845437	120
4	1126	589.715039391885	121
4	1128	590.054115222527	122
4	1130	590.204448062794	123
4	1133	590.470545706854	124
4	1149	600.918149375438	125
4	1152	601.310635916302	126
4	1158	604.275487438052	127
4	1160	604.569178875746	128
4	1162	604.788529428607	129
4	1164	605.155679695008	130
4	1171	607.934868528289	131
4	1201	624.645094471112	132
4	1205	625.977289208894	133
4	1223	639.904976009479	134
4	1232	645.903503646571	135
4	1240	650.993642639796	136
4	1242	651.403155469819	137
4	1244	651.601929821932	138
4	1257	656.651388175435	139
4	1259	656.955946559546	140
4	1261	657.333108861673	141
4	1268	660.722750425933	142
4	1286	674.059677467661	143
4	1288	674.432295311159	144
4	1299	682.232559151312	145
4	1310	686.343070731672	146
4	1319	692.020091185695	147
4	1323	693.516950729693	148
4	1325	693.901897898059	149
4	1339	698.291214577246	150
4	1343	699.643695319591	151
4	1345	699.938689209815	152
4	1348	700.187787751556	153
4	1359	707.143429066558	154
4	1361	707.301293116708	155
4	1363	707.506388771611	156
4	1367	708.604110374452	157
4	1386	717.472298778102	158
4	1401	727.366758537164	159
4	1407	728.704941410147	160
4	1422	736.92718878983	161
4	1431	740.57064232427	162
4	1433	740.77493699974	163
4	1437	741.597678142153	164
4	1443	742.676372914766	165
4	1461	753.603094554106	166
4	1465	754.933287086347	167
4	1467	755.208035198557	168
4	1478	757.583771290991	169
4	1480	757.799602317128	170
4	1493	765.111006419945	171
4	1501	769.23692563198	172
4	1509	772.83741387308	173
4	1524	782.147063088107	174
4	1526	782.287351277915	175
4	1533	785.657617354067	176
4	1543	792.193462260624	177
4	1549	795.523925323017	178
4	1554	796.614743081825	179
4	1565	802.524626459072	180
4	1570	804.049497723568	181
4	1577	809.078823794228	182
4	1584	812.432676652792	183
4	1589	815.28391009991	184
4	1595	817.505121631048	185
4	1605	822.52219670371	186
4	1607	822.775377842077	187
4	1612	825.684150630831	188
4	1615	826.113738573801	189
4	1620	827.179045248309	190
4	1631	835.16568631665	191
4	1641	840.778236463997	192
4	1643	840.951163535771	193
4	1645	841.069281804904	194
4	1664	852.000822427678	195
4	1666	852.12651512665	196
4	1698	871.604136643647	197
4	1715	880.223155398911	198
4	1720	881.864946444854	199
4	1730	885.580963597799	200
4	1737	889.894348497006	201
4	1742	891.772588209032	202
4	1744	891.980069339531	203
4	1748	893.284274868597	204
4	1779	914.190842564512	205
4	1801	928.789765951646	206
4	1803	929.081962093084	207
4	1822	937.02637170415	208
4	1830	940.330946120142	209
4	1840	945.755088021481	210
4	1843	946.095312819433	211
4	1852	950.383646308207	212
4	1854	950.677965099313	213
4	1862	952.905351292598	214
4	1892	969.138686511079	215
4	1901	972.597229542528	216
4	1909	975.286750617929	217
4	1914	976.719929740513	218
4	1916	976.878209587131	219
4	1918	977.163348375214	220
4	1920	977.5371313589	221
4	1943	993.522192059611	222
5	10	6.19636203221	1
5	35	21.415559473923	2
5	53	32.701346495777	3
5	67	40.595842777231	4
5	73	41.262559137042	5
5	84	46.671428741078	6
5	121	73.89162828315	7
5	148	96.061826235136	8
5	164	106.512538413232	9
5	170	107.140104702833	10
5	173	107.536205824379	11
5	179	109.227561799426	12
5	194	116.909623314151	13
5	198	118.478039878542	14
5	208	123.674006492927	15
5	214	128.234228484293	16
5	226	138.547822373043	17
5	236	143.212347880908	18
5	277	172.883517226239	19
5	288	178.984946292595	20
5	293	179.963856214412	21
5	295	180.146514905743	22
5	297	180.270281255073	23
5	303	181.620916202553	24
5	324	192.374520844482	25
5	336	200.097689814877	26
5	348	205.847175908985	27
5	351	206.188061294102	28
5	364	216.612376565117	29
5	379	226.799112984227	30
5	385	230.794498892227	31
5	396	237.747927969394	32
5	398	237.999612327104	33
5	408	242.779349769124	34
5	415	245.660949113128	35
5	417	245.847285606194	36
5	440	258.763918660118	37
5	449	265.042742764201	38
5	457	269.364675749261	39
5	467	274.809285284988	40
5	469	274.963948201381	41
5	478	278.108340385947	42
5	483	280.146928972329	43
5	512	299.538783341515	44
5	528	306.575582768435	45
5	530	306.891305915504	46
5	543	311.954900430546	47
5	570	327.609039179877	48
5	575	329.347819606943	49
5	577	329.616561197577	50
5	600	339.368558568295	51
5	607	342.745987776374	52
5	609	343.068167657893	53
5	618	346.951711309213	54
5	620	347.126883426093	55
5	628	351.575927243424	56
5	634	353.550993188056	57
5	675	383.946662591731	58
5	689	390.199987163446	59
5	703	399.33818190411	60
5	705	399.651750389473	61
5	715	403.083805131714	62
5	722	405.183012877064	63
5	724	405.508178269497	64
5	752	424.482414326501	65
5	759	425.697905654682	66
5	790	442.608055226615	67
5	793	442.910583938813	68
5	803	448.561686307702	69
5	805	448.815594907904	70
5	808	449.212576420005	71
5	810	449.383935327246	72
5	834	459.639831938923	73
5	868	477.804549583477	74
5	894	487.288198799905	75
5	926	508.14404720076	76
5	928	508.40267941034	77
5	953	522.517524697006	78
5	956	522.807817898291	79
5	967	527.122972050465	80
5	983	535.509337164823	81
5	993	538.77282899411	82
5	1000	541.268335588348	83
5	1004	543.132090548459	84
5	1016	549.320323372293	85
5	1021	551.166099804189	86
5	1028	552.559870996765	87
5	1036	556.584701852438	88
5	1038	556.840286055226	89
5	1040	557.132290471268	90
5	1056	565.47351979341	91
5	1071	571.349845668974	92
5	1076	573.180511744536	93
5	1083	574.274368898749	94
5	1085	574.436435476722	95
5	1087	574.732219278209	96
5	1089	574.848923785065	97
5	1098	577.205769558108	98
5	1112	586.976868472214	99
5	1117	588.57586167175	100
5	1119	588.830281698824	101
5	1123	589.357023206655	102
5	1127	589.887228357999	103
5	1134	590.631005957492	104
5	1150	600.991596616297	105
5	1159	604.464206770731	106
5	1161	604.724146244899	107
5	1163	604.996706606043	108
5	1165	605.192589356795	109
5	1172	608.137167943241	110
5	1195	623.295886139758	111
5	1200	624.609177229881	112
5	1231	645.705710536763	113
5	1251	654.341651065067	114
5	1258	656.840211174806	115
5	1260	657.137433361563	116
5	1281	672.227100156669	117
5	1285	674.002015829722	118
5	1287	674.250202141842	119
5	1298	682.163198730182	120
5	1300	682.266927594135	121
5	1304	683.580910275476	122
5	1311	686.485200799281	123
5	1324	693.715743249633	124
5	1329	694.933598573852	125
5	1334	696.863173308534	126
5	1346	700.017781692483	127
5	1358	706.989302866723	128
5	1362	707.442410813433	129
5	1374	713.487845857066	130
5	1379	714.722166239251	131
5	1396	725.131407041792	132
5	1400	727.248847717035	133
5	1405	728.378406095162	134
5	1408	728.832396714424	135
5	1415	733.73128383089	136
5	1426	739.030700955777	137
5	1430	740.386702918327	138
5	1438	741.690736081123	139
5	1460	753.498778293829	140
5	1472	756.110174940353	141
5	1477	757.560350003243	142
5	1486	760.604415943416	143
5	1494	765.184138069418	144
5	1510	772.877460217789	145
5	1523	782.091925434519	146
5	1525	782.238720179898	147
5	1571	804.153158372152	148
5	1590	815.455936639339	149
5	1594	817.403891154761	150
5	1599	819.221150377369	151
5	1613	825.8260270366	152
5	1630	834.983423334569	153
5	1632	835.350166658658	154
5	1640	840.580714072895	155
5	1651	843.538984691721	156
5	1667	852.24396140408	157
5	1672	855.225076508759	158
5	1687	864.238839219452	159
5	1697	871.564255819572	160
5	1714	880.196003999309	161
5	1731	885.790722988284	162
5	1741	891.613248651337	163
5	1743	891.807386360897	164
5	1763	904.331842855759	165
5	1783	915.949900789391	166
5	1802	928.952160020111	167
5	1804	929.194918602486	168
5	1814	933.0165773126	169
5	1831	940.435416523572	170
5	1839	945.661118821593	171
5	1841	945.832502506173	172
5	1844	946.161427976127	173
5	1851	950.356058173094	174
5	1861	952.729785230241	175
5	1863	953.068729515648	176
5	1871	955.877544203044	177
5	1881	964.469976873815	178
5	1886	966.285028199234	179
5	1899	972.417292135393	180
5	1905	973.948932755111	181
5	1915	976.855279441576	182
5	1925	979.781856965162	183
5	1941	993.222213458119	184
6	10	6.19636203221	1
6	35	21.415559473923	2
6	53	32.701346495777	3
6	67	40.595842777231	4
6	73	41.262559137042	5
6	84	46.671428741078	6
6	121	73.89162828315	7
6	148	96.061826235136	8
6	164	106.512538413232	9
6	170	107.140104702833	10
6	173	107.536205824379	11
6	179	109.227561799426	12
6	194	116.909623314151	13
6	198	118.478039878542	14
6	208	123.674006492927	15
6	214	128.234228484293	16
6	226	138.547822373043	17
6	236	143.212347880908	18
6	277	172.883517226239	19
6	288	178.984946292595	20
6	293	179.963856214412	21
6	295	180.146514905743	22
6	297	180.270281255073	23
6	303	181.620916202553	24
6	324	192.374520844482	25
6	336	200.097689814877	26
6	348	205.847175908985	27
6	351	206.188061294102	28
6	364	216.612376565117	29
6	379	226.799112984227	30
6	385	230.794498892227	31
6	396	237.747927969394	32
6	398	237.999612327104	33
6	408	242.779349769124	34
6	415	245.660949113128	35
6	417	245.847285606194	36
6	440	258.763918660118	37
6	449	265.042742764201	38
6	457	269.364675749261	39
6	467	274.809285284988	40
6	469	274.963948201381	41
6	478	278.108340385947	42
6	483	280.146928972329	43
6	512	299.538783341515	44
6	528	306.575582768435	45
6	530	306.891305915504	46
6	543	311.954900430546	47
6	570	327.609039179877	48
6	575	329.347819606943	49
6	577	329.616561197577	50
6	600	339.368558568295	51
6	607	342.745987776374	52
6	609	343.068167657893	53
6	618	346.951711309213	54
6	620	347.126883426093	55
6	628	351.575927243424	56
6	634	353.550993188056	57
6	675	383.946662591731	58
6	689	390.199987163446	59
6	703	399.33818190411	60
6	705	399.651750389473	61
6	715	403.083805131714	62
6	722	405.183012877064	63
6	724	405.508178269497	64
6	752	424.482414326501	65
6	759	425.697905654682	66
6	790	442.608055226615	67
6	793	442.910583938813	68
6	803	448.561686307702	69
6	805	448.815594907904	70
6	808	449.212576420005	71
6	810	449.383935327246	72
6	834	459.639831938923	73
6	868	477.804549583477	74
6	894	487.288198799905	75
6	926	508.14404720076	76
6	928	508.40267941034	77
6	953	522.517524697006	78
6	956	522.807817898291	79
6	967	527.122972050465	80
6	983	535.509337164823	81
6	993	538.77282899411	82
6	1000	541.268335588348	83
6	1004	543.132090548459	84
6	1016	549.320323372293	85
6	1021	551.166099804189	86
6	1028	552.559870996765	87
6	1036	556.584701852438	88
6	1038	556.840286055226	89
6	1040	557.132290471268	90
6	1056	565.47351979341	91
6	1071	571.349845668974	92
6	1076	573.180511744536	93
6	1083	574.274368898749	94
6	1085	574.436435476722	95
6	1087	574.732219278209	96
6	1089	574.848923785065	97
6	1098	577.205769558108	98
6	1112	586.976868472214	99
6	1117	588.57586167175	100
6	1119	588.830281698824	101
6	1123	589.357023206655	102
6	1127	589.887228357999	103
6	1134	590.631005957492	104
6	1150	600.991596616297	105
6	1159	604.464206770731	106
6	1161	604.724146244899	107
6	1163	604.996706606043	108
6	1165	605.192589356795	109
6	1172	608.137167943241	110
6	1195	623.295886139758	111
6	1200	624.609177229881	112
6	1231	645.705710536763	113
6	1251	654.341651065067	114
6	1258	656.840211174806	115
6	1260	657.137433361563	116
6	1281	672.227100156669	117
6	1285	674.002015829722	118
6	1287	674.250202141842	119
6	1298	682.163198730182	120
6	1300	682.266927594135	121
6	1304	683.580910275476	122
6	1311	686.485200799281	123
6	1324	693.715743249633	124
6	1329	694.933598573852	125
6	1334	696.863173308534	126
6	1346	700.017781692483	127
6	1358	706.989302866723	128
6	1362	707.442410813433	129
6	1374	713.487845857066	130
6	1379	714.722166239251	131
6	1396	725.131407041792	132
6	1400	727.248847717035	133
6	1405	728.378406095162	134
6	1408	728.832396714424	135
6	1415	733.73128383089	136
6	1426	739.030700955777	137
6	1430	740.386702918327	138
6	1438	741.690736081123	139
6	1460	753.498778293829	140
6	1472	756.110174940353	141
6	1477	757.560350003243	142
6	1486	760.604415943416	143
6	1494	765.184138069418	144
6	1510	772.877460217789	145
6	1523	782.091925434519	146
6	1525	782.238720179898	147
6	1571	804.153158372152	148
6	1590	815.455936639339	149
6	1594	817.403891154761	150
6	1599	819.221150377369	151
6	1613	825.8260270366	152
6	1630	834.983423334569	153
6	1632	835.350166658658	154
6	1640	840.580714072895	155
6	1651	843.538984691721	156
6	1667	852.24396140408	157
6	1672	855.225076508759	158
6	1687	864.238839219452	159
6	1697	871.564255819572	160
6	1714	880.196003999309	161
6	1731	885.790722988284	162
6	1741	891.613248651337	163
6	1743	891.807386360897	164
6	1763	904.331842855759	165
6	1783	915.949900789391	166
6	1802	928.952160020111	167
6	1804	929.194918602486	168
6	1814	933.0165773126	169
6	1831	940.435416523572	170
6	1839	945.661118821593	171
6	1841	945.832502506173	172
6	1844	946.161427976127	173
6	1851	950.356058173094	174
6	1861	952.729785230241	175
6	1863	953.068729515648	176
6	1871	955.877544203044	177
6	1881	964.469976873815	178
6	1886	966.285028199234	179
6	1899	972.417292135393	180
6	1905	973.948932755111	181
6	1915	976.855279441576	182
6	1925	979.781856965162	183
6	1941	993.222213458119	184
7	54	32.901834741159	1
7	69	40.80249690407	2
7	71	41.028243050685	3
7	85	46.720485407343	4
7	122	73.937554776309	5
7	166	106.740887012052	6
7	168	106.95902799907	7
7	174	107.678103403652	8
7	227	138.695272243339	9
7	273	171.44042316903	10
7	289	179.165441118381	11
7	299	180.543841205954	12
7	304	181.649591824285	13
7	337	200.267330206251	14
7	349	205.875880097556	15
7	365	216.818983613817	16
7	386	230.956109979461	17
7	418	245.878580930581	18
7	450	265.244232696857	19
7	458	269.523393078672	20
7	470	275.079806843488	21
7	472	275.310075419624	22
7	568	327.341776966872	23
7	578	329.779179818334	24
7	598	339.037523086429	25
7	602	339.662207933652	26
7	629	351.686721023689	27
7	661	374.063698135687	28
7	676	384.073153698209	29
7	690	390.226249714869	30
7	707	399.867318442548	31
7	709	400.093838558663	32
7	717	403.32271694055	33
7	726	405.817298431167	34
7	754	424.755532828817	35
7	768	431.58451324167	36
7	775	434.1947963053	37
7	791	442.779478054297	38
7	806	449.025177239203	39
7	812	449.575278426959	40
7	826	456.946032422297	41
7	843	464.701202817539	42
7	873	478.981207856253	43
7	889	484.169784509476	44
7	942	517.280457992543	45
7	954	522.626977158143	46
7	968	527.204276092818	47
7	984	535.563842956014	48
7	986	535.851778827503	49
7	1005	543.189678776386	50
7	1022	551.265898579805	51
7	1024	551.32990918924	52
7	1057	565.548760029304	53
7	1078	573.446475953123	54
7	1090	574.994260604945	55
7	1093	575.17358049592	56
7	1113	587.12578013857	57
7	1125	589.59333979241	58
7	1129	590.088314196225	59
7	1131	590.369799040209	60
7	1151	601.144144898576	61
7	1153	601.364468203238	62
7	1166	605.254706060093	63
7	1196	623.461698421752	64
7	1206	626.09081382271	65
7	1224	640.028172443625	66
7	1241	651.199293372816	67
7	1243	651.456171032285	68
7	1262	657.472780936128	69
7	1305	683.708859258366	70
7	1330	695.123130620047	71
7	1335	696.962015618857	72
7	1344	699.847351692848	73
7	1347	700.122858517094	74
7	1349	700.354030567052	75
7	1360	707.180972851294	76
7	1368	708.708923000082	77
7	1375	713.624420361646	78
7	1387	717.50947662337	79
7	1406	728.585640629369	80
7	1416	733.930991666896	81
7	1432	740.672535948605	82
7	1439	741.720447153407	83
7	1444	742.737627662721	84
7	1466	755.096425953361	85
7	1468	755.350696790679	86
7	1473	756.27239380072	87
7	1479	757.628602927511	88
7	1481	757.966060364626	89
7	1502	769.257601035232	90
7	1527	782.382130076666	91
7	1534	785.715037481144	92
7	1550	795.586178128532	93
7	1555	796.765983483461	94
7	1566	802.638369309744	95
7	1578	809.140410394551	96
7	1600	819.304753131545	97
7	1606	822.598291782258	98
7	1614	826.011346485824	99
7	1616	826.242230238514	100
7	1642	840.883263009978	101
7	1644	840.977053147399	102
7	1646	841.255605664593	103
7	1652	843.715782752965	104
7	1665	852.099881575394	105
7	1716	880.307668163755	106
7	1749	893.403163074041	107
7	1764	904.375418652877	108
7	1784	916.142511720643	109
7	1805	929.397680469281	110
7	1823	937.205238277922	111
7	1832	940.559056044498	112
7	1842	945.921561667794	113
7	1845	946.322583013704	114
7	1853	950.54678852221	115
7	1864	953.229745044829	116
7	1872	956.057481987499	117
7	1882	964.661371314456	118
7	1900	972.504723612527	119
7	1910	975.316314292532	120
7	1917	977.070366672522	121
7	1919	977.345027759734	122
7	1942	993.417161667594	123
7	1944	993.551498599572	124
8	54	32.901834741159	1
8	69	40.80249690407	2
8	71	41.028243050685	3
8	85	46.720485407343	4
8	122	73.937554776309	5
8	166	106.740887012052	6
8	168	106.95902799907	7
8	174	107.678103403652	8
8	227	138.695272243339	9
8	273	171.44042316903	10
8	289	179.165441118381	11
8	299	180.543841205954	12
8	304	181.649591824285	13
8	337	200.267330206251	14
8	349	205.875880097556	15
8	365	216.818983613817	16
8	386	230.956109979461	17
8	418	245.878580930581	18
8	450	265.244232696857	19
8	458	269.523393078672	20
8	470	275.079806843488	21
8	472	275.310075419624	22
8	568	327.341776966872	23
8	578	329.779179818334	24
8	598	339.037523086429	25
8	602	339.662207933652	26
8	629	351.686721023689	27
8	661	374.063698135687	28
8	676	384.073153698209	29
8	690	390.226249714869	30
8	707	399.867318442548	31
8	709	400.093838558663	32
8	717	403.32271694055	33
8	726	405.817298431167	34
8	754	424.755532828817	35
8	768	431.58451324167	36
8	775	434.1947963053	37
8	791	442.779478054297	38
8	806	449.025177239203	39
8	812	449.575278426959	40
8	826	456.946032422297	41
8	843	464.701202817539	42
8	873	478.981207856253	43
8	889	484.169784509476	44
8	942	517.280457992543	45
8	954	522.626977158143	46
8	968	527.204276092818	47
8	984	535.563842956014	48
8	986	535.851778827503	49
8	1005	543.189678776386	50
8	1022	551.265898579805	51
8	1024	551.32990918924	52
8	1057	565.548760029304	53
8	1078	573.446475953123	54
8	1090	574.994260604945	55
8	1093	575.17358049592	56
8	1113	587.12578013857	57
8	1125	589.59333979241	58
8	1129	590.088314196225	59
8	1131	590.369799040209	60
8	1151	601.144144898576	61
8	1153	601.364468203238	62
8	1166	605.254706060093	63
8	1196	623.461698421752	64
8	1206	626.09081382271	65
8	1224	640.028172443625	66
8	1241	651.199293372816	67
8	1243	651.456171032285	68
8	1262	657.472780936128	69
8	1305	683.708859258366	70
8	1330	695.123130620047	71
8	1335	696.962015618857	72
8	1344	699.847351692848	73
8	1347	700.122858517094	74
8	1349	700.354030567052	75
8	1360	707.180972851294	76
8	1368	708.708923000082	77
8	1375	713.624420361646	78
8	1387	717.50947662337	79
8	1406	728.585640629369	80
8	1416	733.930991666896	81
8	1432	740.672535948605	82
8	1439	741.720447153407	83
8	1444	742.737627662721	84
8	1466	755.096425953361	85
8	1468	755.350696790679	86
8	1473	756.27239380072	87
8	1479	757.628602927511	88
8	1481	757.966060364626	89
8	1502	769.257601035232	90
8	1527	782.382130076666	91
8	1534	785.715037481144	92
8	1550	795.586178128532	93
8	1555	796.765983483461	94
8	1566	802.638369309744	95
8	1578	809.140410394551	96
8	1600	819.304753131545	97
8	1606	822.598291782258	98
8	1614	826.011346485824	99
8	1616	826.242230238514	100
8	1642	840.883263009978	101
8	1644	840.977053147399	102
8	1646	841.255605664593	103
8	1652	843.715782752965	104
8	1665	852.099881575394	105
8	1716	880.307668163755	106
8	1749	893.403163074041	107
8	1764	904.375418652877	108
8	1784	916.142511720643	109
8	1805	929.397680469281	110
8	1823	937.205238277922	111
8	1832	940.559056044498	112
8	1842	945.921561667794	113
8	1845	946.322583013704	114
8	1853	950.54678852221	115
8	1864	953.229745044829	116
8	1872	956.057481987499	117
8	1882	964.661371314456	118
8	1900	972.504723612527	119
8	1910	975.316314292532	120
8	1917	977.070366672522	121
8	1919	977.345027759734	122
8	1942	993.417161667594	123
8	1944	993.551498599572	124
9	55	33.000528801737	1
9	228	138.783637320208	2
9	290	179.185633641561	3
9	300	180.606868912573	4
9	305	181.726639008399	5
9	366	216.929817390028	6
9	387	231.148875687661	7
9	419	246.076585922615	8
9	459	269.626952811316	9
9	473	275.49402864679	10
9	603	339.701834862886	11
9	630	351.865646272253	12
9	677	384.146161967865	13
9	691	390.289436247701	14
9	718	403.458295768804	15
9	727	405.930072071984	16
9	776	434.330708671029	17
9	844	464.887473753531	18
9	987	535.909917050384	19
9	1006	543.238213703191	20
9	1058	565.656151808494	21
9	1094	575.335445415222	22
9	1114	587.175472433861	23
9	1167	605.353955519584	24
9	1197	623.601777461921	25
9	1225	640.115317369999	26
9	1336	696.989040881254	27
9	1369	708.847755722509	28
9	1376	713.696156890571	29
9	1417	734.091475346416	30
9	1440	741.924923985072	31
9	1474	756.29997696014	32
9	1482	758.121487247832	33
9	1551	795.759167684874	34
9	1556	796.824018834825	35
9	1567	802.818883554342	36
9	1579	809.274791884472	37
9	1617	826.362298794922	38
9	1653	843.882030568087	39
9	1765	904.506082225587	40
9	1785	916.280530066478	41
9	1806	929.423373202959	42
9	1824	937.368531533299	43
9	1865	953.348860313326	44
9	1873	956.177594003674	45
9	1945	993.695757257371	46
10	55	33.000528801737	1.97412388275
10	228	138.783637320208	2.26764569192
10	290	179.185633641561	2.164548288108
10	300	180.606868912573	1.931646211761
10	305	181.726639008399	2.003116295572
10	366	216.929817390028	2.047895744189
10	387	231.148875687661	2.330013535722
10	419	246.076585922615	2.045622931666
10	459	269.626952811316	2.083992290364
10	473	275.49402864679	1.908044358888
10	603	339.701834862886	2.204130277219
10	630	351.865646272253	2.399331729796
10	677	384.146161967865	2.320371374115
10	691	390.289436247701	2.199628459907
10	718	403.458295768804	2.4105236424149
10	727	405.930072071984	1.979694994771
10	776	434.330708671029	1.939114971336
10	844	464.887473753531	2.225456929293
10	987	535.909917050384	2.008347733402
10	1006	543.238213703191	2.191591059591
10	1058	565.656151808494	2.2756850852589
10	1094	575.335445415222	2.5978413697931
10	1114	587.175472433861	2.3770471744399
10	1167	605.353955519584	2.7034399179601
10	1197	623.601777461921	1.7319945886049
10	1225	640.115317369999	1.755635168007
10	1336	696.989040881254	2.268839300121
10	1369	708.847755722509	2.0384868343079
10	1376	713.696156890571	2.0784143177769
10	1417	734.091475346416	2.1701248352761
10	1440	741.924923985072	1.9350040761451
10	1474	756.29997696014	1.6610336966939
10	1482	758.121487247832	2.326342460657
10	1551	795.759167684874	2.1206111622071
10	1556	796.824018834825	1.659750721501
10	1567	802.818883554342	1.804763837631
10	1579	809.274791884472	2.236200446381
10	1617	826.362298794922	2.637237198898
10	1653	843.882030568087	2.0463528662229
10	1765	904.506082225587	2.09502342564
10	1785	916.280530066478	2.444581441479
10	1806	929.423373202959	2.7604038194299
10	1824	937.368531533299	1.914843602469
10	1865	953.348860313326	2.274958682735
10	1873	956.177594003674	2.271491225398
10	1945	993.695757257371	2.638164852012

