version 3
run General-4-20231019-19:32:40-60750
attr configname General
attr datetime 20231019-19:32:40
attr datetimef 20231019-193240
attr experiment General
attr inifile omnetpp.ini
attr iterationvars ""
attr iterationvarsd ""
attr iterationvarsf ""
attr measurement ""
attr network Multihop
attr processid 60750
attr repetition 4
attr replication #4
attr resultdir results
attr runnumber 4
attr seedset 4
config network Multihop
config Multihop.node[*].transmissionTime "uniform(1s, 2s)"
config Multihop.node[*].delayTime "uniform(0.01s, 0.2s)"
config Multihop.node[*].lossProbability 0.3
config record-eventlog true
config sim-time-limit 1000s
config repeat 5

vector 0 Multihop.node[0] txVector ETV
vector 1 Multihop.node[1] rxVector ETV
vector 2 Multihop.node[1] txVector ETV
vector 3 Multihop.node[2] rxVector ETV
vector 4 Multihop.node[2] txVector ETV
vector 5 Multihop.node[3] rxVector ETV
vector 6 Multihop.node[3] txVector ETV
vector 7 Multihop.node[4] rxVector ETV
vector 8 Multihop.node[4] txVector ETV
vector 9 Multihop.node[5] rxVector ETV
vector 10 Multihop.node[5] e2eVector ETV
0	0	0	1
0	1	0.193735669288	2
0	5	2.094357123985	3
0	7	3.235821296847	4
0	8	4.934241536227	5
0	14	6.837420062548	6
0	16	8.449945405744	7
0	19	10.093859668974	8
0	22	11.880165653223	9
0	24	12.945875191981	10
0	29	14.811757947005	11
0	30	15.969981354581	12
0	31	17.515184008436	13
0	32	19.039588092513	14
0	34	20.677198341269	15
0	39	22.327003454477	16
0	41	23.794753807517	17
0	46	24.87792290227	18
0	47	26.375717023075	19
0	53	27.558162424168	20
0	57	29.130301195117	21
0	58	30.727567802104	22
0	59	31.973021512539	23
0	60	33.705614964631	24
0	62	35.60026625792	25
0	63	37.203829768034	26
0	65	38.268897575945	27
0	70	39.398084358232	28
0	76	41.231232909406	29
0	77	42.467384575554	30
0	80	43.948844518899	31
0	86	45.137870272775	32
0	87	47.040292131635	33
0	88	49.019908394818	34
0	93	50.643477233513	35
0	95	52.105806595799	36
0	99	53.414601160367	37
0	102	54.504742882834	38
0	103	56.257563082888	39
0	104	58.238773007565	40
0	105	60.212051005023	41
0	108	61.252142126592	42
0	112	63.156518748416	43
0	123	64.291264394451	44
0	133	65.364916770406	45
0	138	66.687491750497	46
0	144	68.377277044499	47
0	145	70.261319431396	48
0	147	71.281261791162	49
0	149	72.375342433726	50
0	152	73.570290121402	51
0	159	75.194443364081	52
0	163	76.575277628995	53
0	164	77.61920013713	54
0	168	78.90444473076	55
0	170	80.155943196885	56
0	172	81.74357760317	57
0	175	82.768979304622	58
0	176	84.723198398401	59
0	177	85.780404318741	60
0	178	87.329209441238	61
0	180	88.929006930825	62
0	181	90.854192060104	63
0	183	92.365098182962	64
0	185	94.341003465851	65
0	189	96.294959440048	66
0	192	97.731982913952	67
0	193	99.567857451424	68
0	194	101.096929834144	69
0	195	102.509970877472	70
0	196	103.57253778322	71
0	198	104.76856217665	72
0	202	106.118293274346	73
0	203	107.409133127577	74
0	204	109.154960691615	75
0	206	111.106629283785	76
0	213	112.426993936452	77
0	215	113.464739117923	78
0	218	115.074845514645	79
0	219	116.805060845952	80
0	222	118.401564122796	81
0	224	119.600619774232	82
0	228	121.26807430332	83
0	229	122.632051624511	84
0	234	124.209415320693	85
0	241	125.242474788255	86
0	245	126.561899979287	87
0	248	127.713389228252	88
0	251	129.372424755399	89
0	253	131.32048256245	90
0	256	132.593578742505	91
0	259	134.133026935547	92
0	266	135.84022677938	93
0	272	136.997320246804	94
0	278	138.865564824702	95
0	282	140.153982542144	96
0	289	141.211563881175	97
0	290	142.662371615335	98
0	292	143.736354059461	99
0	293	145.342498278632	100
0	302	147.325010148264	101
0	309	148.631955362079	102
0	314	150.012595250425	103
0	315	151.6810328324	104
0	316	153.533846378946	105
0	323	155.365797774554	106
0	328	157.167511864253	107
0	331	158.286656760531	108
0	337	159.394540983638	109
0	339	160.727332587507	110
0	342	162.408021622491	111
0	345	164.215759575753	112
0	348	165.487552990592	113
0	349	166.744388412605	114
0	351	168.605711745019	115
0	353	169.790978024867	116
0	361	170.887828447311	117
0	364	171.99274991468	118
0	368	173.187148823323	119
0	374	174.363162305592	120
0	378	175.394119209297	121
0	379	176.723881342834	122
0	380	178.214553254809	123
0	388	180.198518965546	124
0	390	181.911936396187	125
0	391	183.870055188112	126
0	396	185.755513091492	127
0	397	186.869592889365	128
0	402	188.799512172504	129
0	409	190.157730220272	130
0	412	191.684158366327	131
0	417	193.468445853717	132
0	418	195.375007686359	133
0	420	196.756412672498	134
0	421	198.449245017641	135
0	423	200.221560359853	136
0	428	201.2865590308	137
0	435	202.293948127576	138
0	439	203.996379265948	139
0	440	205.984565686355	140
0	443	207.200907060564	141
0	454	208.348892640476	142
0	456	209.395958234244	143
0	457	210.616887094141	144
0	458	212.607554910858	145
0	466	214.527205125815	146
0	471	215.673516731863	147
0	472	216.996893011187	148
0	473	218.026793258884	149
0	474	219.122838404882	150
0	477	220.569172026045	151
0	478	222.178435576768	152
0	482	223.29969611174	153
0	485	225.272742629438	154
0	487	226.754503057492	155
0	490	228.349774244628	156
0	493	229.647787344796	157
0	498	231.445635779682	158
0	499	233.145270161019	159
0	501	234.325200268221	160
0	502	236.00627353244	161
0	507	237.083704677797	162
0	508	238.625556133841	163
0	509	239.756228457591	164
0	512	241.560695455097	165
0	515	242.914737171414	166
0	516	244.068894785982	167
0	518	245.9640383999	168
0	519	247.500518630645	169
0	520	249.148611500314	170
0	521	250.173677787105	171
0	523	251.400540067502	172
0	524	253.014394405451	173
0	527	254.146761265969	174
0	532	255.685782345863	175
0	533	257.443405084232	176
0	541	258.503592128087	177
0	544	259.728827418214	178
0	553	261.336411243458	179
0	555	262.436255621877	180
0	557	264.057495111054	181
0	558	265.916337302573	182
0	562	267.469031833265	183
0	568	268.595536812594	184
0	569	269.613385273296	185
0	570	271.045011741262	186
0	574	272.888412086679	187
0	575	274.811445823558	188
0	579	276.736998641784	189
0	585	278.419180184058	190
0	589	280.222870839448	191
0	592	282.130644991915	192
0	594	283.66385575702	193
0	598	285.230048933686	194
0	599	286.894318993124	195
0	604	288.258948346521	196
0	607	290.035034725364	197
0	609	291.107404625198	198
0	613	293.00169554019	199
0	616	294.004741519146	200
0	622	295.747803771558	201
0	623	297.541613732154	202
0	628	299.457943573749	203
0	631	300.874070823348	204
0	632	302.535964628837	205
0	633	304.518004151449	206
0	635	306.196908451306	207
0	637	307.588059526557	208
0	641	308.793829252632	209
0	642	310.532990064626	210
0	644	312.36018493461	211
0	649	313.530208971971	212
0	651	315.201205404862	213
0	654	316.468265865152	214
0	655	317.952196811014	215
0	656	319.75616515094	216
0	657	320.92106556349	217
0	660	322.490111155357	218
0	663	323.90106765173	219
0	666	325.01416370195	220
0	668	326.736893264499	221
0	669	328.143986474645	222
0	670	329.500975059733	223
0	675	331.28162212662	224
0	677	332.632458030401	225
0	679	334.464706167035	226
0	680	336.118083779156	227
0	683	338.016040850352	228
0	688	339.241244000071	229
0	693	341.207838671902	230
0	694	343.152878067145	231
0	695	344.901053446965	232
0	698	346.463980903538	233
0	703	347.490764240423	234
0	704	348.807608476529	235
0	707	350.262633093787	236
0	708	351.742435064321	237
0	711	353.47564112946	238
0	713	354.998139499375	239
0	719	356.981955362871	240
0	724	358.630829617535	241
0	726	359.906547043626	242
0	731	361.663415809315	243
0	735	362.896871538055	244
0	736	364.694450439573	245
0	741	366.209092224636	246
0	744	367.840176752689	247
0	749	369.673389328331	248
0	751	371.288713684924	249
0	756	373.255082802767	250
0	758	375.180431130495	251
0	761	376.898637890503	252
0	766	378.417133241346	253
0	767	380.278004634114	254
0	768	381.572264562281	255
0	772	383.390346759152	256
0	773	384.981013133809	257
0	776	386.775453349728	258
0	778	388.386285759428	259
0	779	390.22009027229	260
0	782	391.860881661916	261
0	784	393.115514121637	262
0	785	394.603133734701	263
0	791	395.639483146755	264
0	793	396.671708012152	265
0	798	398.017206238037	266
0	800	399.080219095493	267
0	805	400.256855959924	268
0	809	401.540674826283	269
0	815	402.657961975005	270
0	817	404.147669641454	271
0	818	406.016867997045	272
0	823	407.232012544679	273
0	824	408.810776309031	274
0	829	410.626114959517	275
0	832	412.013531541373	276
0	834	413.173689133176	277
0	835	414.919916398744	278
0	837	416.261676466945	279
0	839	417.541207464799	280
0	844	418.5490289034	281
0	845	419.68936607583	282
0	846	420.944733118792	283
0	854	422.504846103177	284
0	858	424.236068974169	285
0	862	425.785435845297	286
0	863	427.332449284069	287
0	865	428.39393028539	288
0	868	429.864214203473	289
0	869	431.75472818144	290
0	870	433.668846258813	291
0	872	434.705750944711	292
0	873	436.646509203281	293
0	875	438.43610323748	294
0	877	440.31216224112	295
0	878	441.403817053571	296
0	881	442.49163974441	297
0	883	443.506268817851	298
0	884	445.062067460188	299
0	892	446.739160367673	300
0	893	447.928974417656	301
0	895	449.492326204351	302
0	897	451.461700438673	303
0	898	453.272228157532	304
0	904	454.903369030834	305
0	905	456.561754320201	306
0	910	458.4123970274	307
0	911	460.02878494343	308
0	914	461.669998739764	309
0	918	463.632048912497	310
0	922	465.41200300228	311
0	923	467.081296063412	312
0	924	468.852247581735	313
0	925	470.546131579589	314
0	927	472.516395704739	315
0	932	474.452536852716	316
0	938	476.030253032607	317
0	939	477.31198738158	318
0	940	479.10842826349	319
0	945	480.648760678166	320
0	956	482.122816897848	321
0	961	483.486643834192	322
0	966	485.247744864238	323
0	967	487.090676894797	324
0	969	489.003549980385	325
0	970	490.216546412011	326
0	972	492.051124629251	327
0	973	493.116826336052	328
0	975	494.176607607783	329
0	977	496.168816154742	330
0	978	497.914322733333	331
0	980	499.861083820847	332
0	986	501.291471465177	333
0	987	502.331406353193	334
0	988	503.934889763512	335
0	993	505.052091577707	336
0	995	506.617084463045	337
0	997	508.381231718149	338
0	1000	510.36499289578	339
0	1007	512.332006965682	340
0	1009	514.135232584935	341
0	1010	515.560655116255	342
0	1011	516.561094120063	343
0	1013	518.203073801624	344
0	1014	519.695360229036	345
0	1016	520.849574179307	346
0	1022	522.045171036071	347
0	1023	523.921532601735	348
0	1027	525.742288366577	349
0	1028	527.735150158557	350
0	1029	528.834239964059	351
0	1034	530.362111854984	352
0	1035	532.303942200879	353
0	1038	533.848218463745	354
0	1045	535.695968825754	355
0	1046	537.301564935979	356
0	1049	538.531262246112	357
0	1052	539.923024534865	358
0	1055	540.995964831126	359
0	1059	542.474203911296	360
0	1060	543.585293665447	361
0	1061	545.130336547888	362
0	1062	546.506195682253	363
0	1063	547.960983435543	364
0	1072	549.61058040677	365
0	1073	551.194375588944	366
0	1078	552.820481292357	367
0	1082	554.423616084888	368
0	1084	555.936040366221	369
0	1088	557.438942845365	370
0	1089	559.298876481749	371
0	1095	560.721305509018	372
0	1099	561.880503792934	373
0	1100	563.212589370938	374
0	1105	564.605221941289	375
0	1107	565.746640610662	376
0	1110	566.772797982362	377
0	1113	568.113739503701	378
0	1117	569.341598241976	379
0	1118	570.850404806123	380
0	1122	572.534506293167	381
0	1123	573.77639942259	382
0	1127	575.674045516564	383
0	1129	576.678316524405	384
0	1133	577.870285004297	385
0	1134	579.695608235815	386
0	1135	581.298746555497	387
0	1142	582.774031234126	388
0	1147	583.988481575077	389
0	1148	585.552271693864	390
0	1149	587.077501266182	391
0	1155	588.252996298403	392
0	1168	589.640826247318	393
0	1175	591.50975694732	394
0	1177	592.571996527642	395
0	1178	594.252364497084	396
0	1180	596.077790785033	397
0	1181	597.889342239277	398
0	1187	599.64833141436	399
0	1191	601.356925671139	400
0	1195	602.599331043345	401
0	1199	603.930342601762	402
0	1200	605.032748888862	403
0	1205	606.900387394159	404
0	1207	608.450158251599	405
0	1210	610.330422776435	406
0	1213	611.716960907598	407
0	1219	613.157893442466	408
0	1222	614.93382944042	409
0	1224	616.035190177999	410
0	1229	617.495804512558	411
0	1232	619.375548440182	412
0	1234	621.351095864234	413
0	1237	622.891360736835	414
0	1241	624.637048436712	415
0	1246	625.751226982252	416
0	1249	627.145742702914	417
0	1251	629.095519340282	418
0	1252	630.639783872908	419
0	1255	632.12974556178	420
0	1257	633.897012176841	421
0	1258	635.706835439113	422
0	1259	637.399429169168	423
0	1260	638.686955789021	424
0	1270	640.329320639056	425
0	1271	641.885984495432	426
0	1277	643.214240187696	427
0	1278	644.329044908202	428
0	1285	645.472307875436	429
0	1290	647.300826192051	430
0	1292	648.469909910261	431
0	1294	650.114053293745	432
0	1298	651.276261011287	433
0	1300	652.935236246241	434
0	1301	654.574782437328	435
0	1302	656.305593379922	436
0	1305	657.930192144271	437
0	1306	659.434215348829	438
0	1308	660.690082582562	439
0	1309	662.13494667938	440
0	1313	663.96871892564	441
0	1315	665.856023125034	442
0	1321	667.200960731981	443
0	1327	669.04525301597	444
0	1332	670.617067176764	445
0	1340	671.956558704757	446
0	1342	673.156251398529	447
0	1343	675.074845365397	448
0	1344	676.315325462175	449
0	1348	677.906293488955	450
0	1349	679.547264361204	451
0	1353	680.893032743977	452
0	1358	682.031858174512	453
0	1363	683.717174290595	454
0	1368	685.663188679758	455
0	1370	687.289366502463	456
0	1374	688.713681335011	457
0	1376	690.548195131039	458
0	1378	692.515436752382	459
0	1381	694.023914267457	460
0	1383	695.588596141579	461
0	1391	696.818715421165	462
0	1393	698.794345852135	463
0	1396	700.235619660614	464
0	1399	702.085602805398	465
0	1411	703.388700063953	466
0	1412	704.64600113794	467
0	1414	706.561413538556	468
0	1415	708.431486633986	469
0	1416	709.687551151642	470
0	1421	710.820257330926	471
0	1422	711.822434736563	472
0	1431	713.664966416925	473
0	1432	715.226170440351	474
0	1433	716.258020554583	475
0	1438	718.005983227545	476
0	1439	719.247844113649	477
0	1443	720.741059225897	478
0	1444	722.386153269472	479
0	1446	724.18938801685	480
0	1453	725.542437801982	481
0	1455	727.210145519494	482
0	1457	728.517952868395	483
0	1462	730.055600322929	484
0	1466	731.813005497825	485
0	1470	733.478679984488	486
0	1475	734.538937220263	487
0	1477	735.782965881896	488
0	1479	737.551116842457	489
0	1481	738.821282633959	490
0	1482	739.854562477122	491
0	1484	741.770195736929	492
0	1490	743.385387489951	493
0	1491	744.756108931645	494
0	1494	745.877550656588	495
0	1495	747.645904126491	496
0	1496	749.528356538301	497
0	1497	750.844358840406	498
0	1498	752.593737812627	499
0	1500	754.273556119909	500
0	1501	756.180224563375	501
0	1502	757.922367666529	502
0	1503	759.096232814395	503
0	1506	760.903282615735	504
0	1511	762.451067704155	505
0	1516	764.388063975989	506
0	1517	765.776413465065	507
0	1520	767.2254813138	508
0	1526	768.26134333099	509
0	1528	770.199482100464	510
0	1529	771.969481713984	511
0	1530	773.349995655387	512
0	1531	775.044999054547	513
0	1534	776.455250786066	514
0	1539	777.794633349551	515
0	1540	779.729006238429	516
0	1545	781.688026791586	517
0	1546	782.722797675206	518
0	1547	784.140988029687	519
0	1549	785.872580733996	520
0	1550	787.314585294722	521
0	1551	788.515922622903	522
0	1552	789.693285193908	523
0	1554	791.582154023143	524
0	1558	793.027335290945	525
0	1559	794.874110146574	526
0	1561	796.776486539197	527
0	1562	798.217696357899	528
0	1563	799.28240113627	529
0	1564	800.393301874779	530
0	1567	801.521771622503	531
0	1572	803.389296449868	532
0	1574	804.97452340476	533
0	1576	806.433037619952	534
0	1579	808.147863496009	535
0	1584	810.01446532659	536
0	1585	811.178230338411	537
0	1590	812.504263921089	538
0	1591	814.053882494483	539
0	1596	815.102786645906	540
0	1602	816.590454147344	541
0	1604	818.357404760232	542
0	1605	819.920092263173	543
0	1606	821.249513172691	544
0	1615	822.291450989346	545
0	1616	823.562792947196	546
0	1618	825.312292351766	547
0	1619	827.185798219551	548
0	1620	828.27259077286	549
0	1621	830.253348654049	550
0	1625	832.147201946151	551
0	1626	833.305923720269	552
0	1631	834.917979330203	553
0	1634	836.692179684207	554
0	1635	838.152033500984	555
0	1638	839.881655542325	556
0	1639	840.948741553031	557
0	1644	842.311294282466	558
0	1645	844.25689528897	559
0	1646	845.448695472819	560
0	1649	846.992795840516	561
0	1652	848.878256538329	562
0	1653	850.529328055592	563
0	1658	852.375249006465	564
0	1660	853.571514297655	565
0	1661	854.625716518756	566
0	1664	856.156896375498	567
0	1666	857.201735296898	568
0	1669	858.777389241295	569
0	1673	860.362849863624	570
0	1679	862.327997187298	571
0	1683	863.853301993717	572
0	1688	865.504503305449	573
0	1689	866.871151636501	574
0	1690	868.559501933546	575
0	1693	870.067485525652	576
0	1696	871.91632908574	577
0	1699	873.196784928354	578
0	1704	874.32609517235	579
0	1706	876.292375320016	580
0	1708	877.558028515807	581
0	1713	879.16092991471	582
0	1715	880.246491109866	583
0	1717	882.19988792218	584
0	1722	883.331400775264	585
0	1723	885.0126057569	586
0	1725	886.040029727068	587
0	1726	887.682842565613	588
0	1728	888.951613652665	589
0	1734	890.161942539416	590
0	1736	892.010591305472	591
0	1737	893.408037945075	592
0	1739	894.611672714032	593
0	1741	896.176268784474	594
0	1745	897.568432288389	595
0	1746	898.708617974217	596
0	1747	899.858520873501	597
0	1751	900.9879111209	598
0	1757	902.095549284159	599
0	1758	903.438859427259	600
0	1761	905.382712534307	601
0	1766	906.612017872189	602
0	1770	908.084978177124	603
0	1771	909.534666112303	604
0	1778	911.084009125042	605
0	1788	912.778981830138	606
0	1790	914.28652049406	607
0	1793	915.698401273373	608
0	1796	917.35183608267	609
0	1797	918.899701915127	610
0	1799	920.269822687055	611
0	1805	922.165541915833	612
0	1810	924.104136671317	613
0	1813	925.883453248446	614
0	1814	927.554650024423	615
0	1820	929.216038610233	616
0	1825	930.777976323763	617
0	1828	931.908194813557	618
0	1830	932.986638412956	619
0	1836	934.542977783508	620
0	1841	935.662583596218	621
0	1846	937.286221300397	622
0	1853	938.593280189117	623
0	1859	939.637150847731	624
0	1862	940.710957482369	625
0	1865	942.025249888334	626
0	1872	943.443275341676	627
0	1873	944.53238757365	628
0	1877	946.141221559053	629
0	1880	947.479800842149	630
0	1886	949.303175371053	631
0	1889	950.578445239371	632
0	1891	952.403361476638	633
0	1892	954.221152458951	634
0	1894	956.139527664665	635
0	1899	957.759403648466	636
0	1904	959.527572864579	637
0	1905	960.826393285911	638
0	1906	962.506116550095	639
0	1907	963.507911950029	640
0	1908	964.844025073718	641
0	1918	966.647629544051	642
0	1920	968.607157045655	643
0	1921	970.146445135266	644
0	1925	971.388513687212	645
0	1928	972.512750423193	646
0	1929	973.584579777584	647
0	1930	974.59533456518	648
0	1935	976.003929095489	649
0	1939	977.624718789856	650
0	1941	979.568118268072	651
0	1947	980.869301672939	652
0	1948	982.098613840209	653
0	1949	984.087366612542	654
0	1952	986.062066260872	655
0	1953	987.806467045478	656
0	1960	988.893295519433	657
0	1965	990.799585432193	658
0	1967	992.435249423987	659
0	1969	993.841210873012	660
0	1970	995.493460664904	661
0	1975	996.973790314427	662
0	1980	998.653852805874	663
0	1981	999.684567780613	664
1	2	0.246547781036	1
1	9	5.074504525135	2
1	17	8.624047205606	3
1	20	10.278454635427	4
1	25	13.126145534531	5
1	35	20.772609341942	6
1	42	23.862806633249	7
1	48	26.570209800498	8
1	54	27.738796717652	9
1	66	38.405664515849	10
1	71	39.594664392279	11
1	78	42.663592211543	12
1	81	44.05864256816	13
1	89	49.05571337709	14
1	96	52.268916891417	15
1	100	53.471709055302	16
1	106	60.235085547459	17
1	109	61.275318482259	18
1	113	63.266192680371	19
1	124	64.336867389555	20
1	134	65.562622033012	21
1	139	66.793299682051	22
1	150	72.470228337023	23
1	153	73.706534468409	24
1	160	75.394456419384	25
1	165	77.690588311209	26
1	173	81.789485089107	27
1	186	94.539393320922	28
1	190	96.479523035337	29
1	199	104.823430974298	30
1	207	111.22255265578	31
1	216	113.528209962549	32
1	220	116.97994245997	33
1	225	119.6336033534	34
1	230	122.729844386219	35
1	235	124.268738295272	36
1	242	125.401173456781	37
1	246	126.650676581462	38
1	249	127.785153686372	39
1	254	131.416534185228	40
1	257	132.681642988955	41
1	260	134.250859499676	42
1	267	135.883492269365	43
1	273	137.158674449781	44
1	279	139.028708752478	45
1	283	140.229389263455	46
1	294	145.366577556741	47
1	303	147.495205973101	48
1	310	148.800517214863	49
1	317	153.595042008183	50
1	324	155.52856063012	51
1	329	157.19132356463	52
1	332	158.405000783649	53
1	340	160.849866401362	54
1	343	162.482696166835	55
1	346	164.356837476841	56
1	354	169.902954745912	57
1	362	170.951285965382	58
1	365	172.070574805107	59
1	369	173.337285304167	60
1	375	174.509449789107	61
1	381	178.316357091494	62
1	392	183.977937151526	63
1	398	186.978053098802	64
1	403	188.929269575849	65
1	410	190.188333900331	66
1	413	191.873828182062	67
1	424	200.386059614708	68
1	429	201.390645365747	69
1	436	202.472372392004	70
1	441	206.078190412603	71
1	444	207.24678016867	72
1	459	212.74691166223	73
1	467	214.711074638918	74
1	475	219.281700670095	75
1	479	222.272305612578	76
1	483	223.327515225353	77
1	488	226.925078905395	78
1	491	228.511382721565	79
1	494	229.722978891437	80
1	503	236.063640473755	81
1	510	239.900359974605	82
1	513	241.753158968186	83
1	525	253.157803508166	84
1	528	254.301562078306	85
1	534	257.627050790362	86
1	542	258.549916774388	87
1	545	259.900421869712	88
1	559	266.059095265597	89
1	563	267.625418857174	90
1	571	271.091062781409	91
1	576	274.938507033602	92
1	580	276.872398988031	93
1	586	278.514045761137	94
1	590	280.341519002859	95
1	595	283.698035412415	96
1	600	286.982246902543	97
1	605	288.347177508874	98
1	610	291.244429882177	99
1	614	293.124030570107	100
1	617	294.103664545844	101
1	624	297.747102786108	102
1	629	299.594941351033	103
1	638	307.626998932791	104
1	645	312.398778104592	105
1	652	315.343777788319	106
1	658	321.101446658348	107
1	661	322.657418149315	108
1	664	323.960089525155	109
1	671	329.547067635922	110
1	681	336.150092122304	111
1	684	338.170696930159	112
1	689	339.306441042037	113
1	696	344.971535031994	114
1	699	346.667418501874	115
1	705	348.835527003632	116
1	709	351.948579305064	117
1	714	355.086353121379	118
1	720	357.138459550122	119
1	727	360.010089577003	120
1	732	361.738448934475	121
1	737	364.81300148495	122
1	742	366.23749120665	123
1	745	367.989836510922	124
1	752	371.443375873399	125
1	759	375.219194091166	126
1	762	377.003648807881	127
1	769	381.711015000058	128
1	774	385.184102697139	129
1	780	390.359349861788	130
1	786	394.629604211807	131
1	794	396.876403313143	132
1	801	399.102636434663	133
1	806	400.456206493498	134
1	810	401.627026793055	135
1	819	406.116541029261	136
1	825	408.835150393916	137
1	830	410.82956282731	138
1	840	417.724085032903	139
1	847	421.109408191342	140
1	855	422.640358814245	141
1	859	424.393568838852	142
1	866	428.447204012134	143
1	879	441.56175339325	144
1	885	445.204527960928	145
1	899	453.309491739194	146
1	906	456.745136281718	147
1	912	460.152814128392	148
1	915	461.868386926716	149
1	919	463.728588772504	150
1	928	472.545162824974	151
1	933	474.609233567305	152
1	941	479.148986710937	153
1	946	480.846462796126	154
1	957	482.168526568081	155
1	962	483.604641994469	156
1	981	500.04184292303	157
1	989	503.961774805682	158
1	998	508.413316830066	159
1	1001	510.514643506561	160
1	1017	520.957003316409	161
1	1024	523.959445888544	162
1	1030	528.950297518039	163
1	1036	532.513096437817	164
1	1039	533.890331805881	165
1	1047	537.401772878096	166
1	1050	538.710758065924	167
1	1053	540.122693514049	168
1	1056	541.063505754341	169
1	1064	548.076935328768	170
1	1074	551.379614326261	171
1	1079	552.971338935437	172
1	1085	556.109997129949	173
1	1090	559.331858480919	174
1	1096	560.924342142634	175
1	1101	563.404023036504	176
1	1108	565.818368821991	177
1	1111	566.807724180117	178
1	1114	568.252147458629	179
1	1119	570.900542944432	180
1	1124	573.911352585193	181
1	1130	576.704624551645	182
1	1136	581.356356208774	183
1	1143	582.961873541582	184
1	1150	587.275313613382	185
1	1156	588.298970935319	186
1	1169	589.661014347821	187
1	1182	597.965197704059	188
1	1188	599.700674866637	189
1	1192	601.434663485828	190
1	1196	602.64379902674	191
1	1201	605.061523213315	192
1	1208	608.549315620508	193
1	1211	610.384317177786	194
1	1214	611.847163353433	195
1	1220	613.359700609102	196
1	1225	616.238177623226	197
1	1230	617.541424195363	198
1	1235	621.406095414154	199
1	1238	623.014447403318	200
1	1242	624.70603571044	201
1	1247	625.868867736094	202
1	1253	630.684020228127	203
1	1261	638.713218973885	204
1	1272	642.036233568744	205
1	1279	644.452524980002	206
1	1286	645.659556764048	207
1	1295	650.148753405173	208
1	1303	656.40403620997	209
1	1310	662.269817660894	210
1	1316	666.044377200171	211
1	1322	667.226467921305	212
1	1328	669.251108234873	213
1	1333	670.803873710245	214
1	1345	676.510120174945	215
1	1350	679.691781899447	216
1	1354	681.029459120687	217
1	1359	682.125264413606	218
1	1364	683.848050348979	219
1	1371	687.480549841588	220
1	1379	692.684369739703	221
1	1384	695.718843590285	222
1	1394	698.908496954072	223
1	1397	700.441735355	224
1	1400	702.120092895508	225
1	1417	709.867131691927	226
1	1423	711.859350454861	227
1	1434	716.362915911355	228
1	1440	719.308531257652	229
1	1447	724.365927049321	230
1	1458	728.59022464157	231
1	1463	730.1055845767	232
1	1467	731.880801928306	233
1	1471	733.567525276985	234
1	1485	741.975525787321	235
1	1492	744.938641119455	236
1	1504	759.27206744112	237
1	1507	761.015359428745	238
1	1512	762.472073340671	239
1	1518	765.908333698983	240
1	1521	767.283670569521	241
1	1532	775.138316461926	242
1	1535	776.630452324786	243
1	1541	779.837176226916	244
1	1555	791.767484333593	245
1	1565	800.5086126676	246
1	1568	801.667437490251	247
1	1577	806.534365478461	248
1	1580	808.206450363621	249
1	1586	811.277384294372	250
1	1592	814.25335172477	251
1	1597	815.149080120998	252
1	1607	821.419378491582	253
1	1622	830.340115177877	254
1	1627	833.410966038361	255
1	1632	835.093081997346	256
1	1636	838.250647948743	257
1	1640	841.075139101735	258
1	1647	845.617288110084	259
1	1650	847.043134827917	260
1	1654	850.670743156295	261
1	1662	854.833926594489	262
1	1667	857.409395087256	263
1	1670	858.824696875984	264
1	1674	860.389270465195	265
1	1680	862.379053361592	266
1	1684	863.990098338413	267
1	1691	868.75780049029	268
1	1694	870.094664704792	269
1	1697	871.988722153051	270
1	1700	873.250459184916	271
1	1709	877.650438784127	272
1	1718	882.26004453388	273
1	1729	889.073293873894	274
1	1742	896.384225527186	275
1	1748	899.935951920701	276
1	1752	901.041716419491	277
1	1759	903.48503750985	278
1	1762	905.57531609222	279
1	1767	906.703540216812	280
1	1772	909.701646954024	281
1	1779	911.203606719622	282
1	1791	914.41915473572	283
1	1794	915.900928806495	284
1	1800	920.372910942987	285
1	1806	922.259577455821	286
1	1811	924.31380752909	287
1	1815	927.591719249026	288
1	1821	929.412838018358	289
1	1826	930.876609743753	290
1	1831	933.078770482441	291
1	1837	934.695548525153	292
1	1842	935.762910607397	293
1	1847	937.318805326916	294
1	1854	938.744324674444	295
1	1860	939.694863740186	296
1	1863	940.8037527003	297
1	1866	942.079554219067	298
1	1874	944.617607277651	299
1	1878	946.19879155852	300
1	1881	947.637211162844	301
1	1887	949.399586987515	302
1	1895	956.198318119557	303
1	1900	957.968833758127	304
1	1909	965.027144610058	305
1	1922	970.230896546276	306
1	1926	971.439520029766	307
1	1931	974.772509059768	308
1	1936	976.174843210775	309
1	1942	979.656659431823	310
1	1950	984.120499213804	311
1	1954	988.00063280524	312
1	1961	989.071503150272	313
1	1971	995.513886464561	314
1	1976	997.123258534923	315
2	2	0.246547781036	1
2	9	5.074504525135	2
2	17	8.624047205606	3
2	20	10.278454635427	4
2	25	13.126145534531	5
2	35	20.772609341942	6
2	42	23.862806633249	7
2	48	26.570209800498	8
2	54	27.738796717652	9
2	66	38.405664515849	10
2	71	39.594664392279	11
2	78	42.663592211543	12
2	81	44.05864256816	13
2	89	49.05571337709	14
2	96	52.268916891417	15
2	100	53.471709055302	16
2	106	60.235085547459	17
2	109	61.275318482259	18
2	113	63.266192680371	19
2	124	64.336867389555	20
2	134	65.562622033012	21
2	139	66.793299682051	22
2	150	72.470228337023	23
2	153	73.706534468409	24
2	160	75.394456419384	25
2	165	77.690588311209	26
2	173	81.789485089107	27
2	186	94.539393320922	28
2	190	96.479523035337	29
2	199	104.823430974298	30
2	207	111.22255265578	31
2	216	113.528209962549	32
2	220	116.97994245997	33
2	225	119.6336033534	34
2	230	122.729844386219	35
2	235	124.268738295272	36
2	242	125.401173456781	37
2	246	126.650676581462	38
2	249	127.785153686372	39
2	254	131.416534185228	40
2	257	132.681642988955	41
2	260	134.250859499676	42
2	267	135.883492269365	43
2	273	137.158674449781	44
2	279	139.028708752478	45
2	283	140.229389263455	46
2	294	145.366577556741	47
2	303	147.495205973101	48
2	310	148.800517214863	49
2	317	153.595042008183	50
2	324	155.52856063012	51
2	329	157.19132356463	52
2	332	158.405000783649	53
2	340	160.849866401362	54
2	343	162.482696166835	55
2	346	164.356837476841	56
2	354	169.902954745912	57
2	362	170.951285965382	58
2	365	172.070574805107	59
2	369	173.337285304167	60
2	375	174.509449789107	61
2	381	178.316357091494	62
2	392	183.977937151526	63
2	398	186.978053098802	64
2	403	188.929269575849	65
2	410	190.188333900331	66
2	413	191.873828182062	67
2	424	200.386059614708	68
2	429	201.390645365747	69
2	436	202.472372392004	70
2	441	206.078190412603	71
2	444	207.24678016867	72
2	459	212.74691166223	73
2	467	214.711074638918	74
2	475	219.281700670095	75
2	479	222.272305612578	76
2	483	223.327515225353	77
2	488	226.925078905395	78
2	491	228.511382721565	79
2	494	229.722978891437	80
2	503	236.063640473755	81
2	510	239.900359974605	82
2	513	241.753158968186	83
2	525	253.157803508166	84
2	528	254.301562078306	85
2	534	257.627050790362	86
2	542	258.549916774388	87
2	545	259.900421869712	88
2	559	266.059095265597	89
2	563	267.625418857174	90
2	571	271.091062781409	91
2	576	274.938507033602	92
2	580	276.872398988031	93
2	586	278.514045761137	94
2	590	280.341519002859	95
2	595	283.698035412415	96
2	600	286.982246902543	97
2	605	288.347177508874	98
2	610	291.244429882177	99
2	614	293.124030570107	100
2	617	294.103664545844	101
2	624	297.747102786108	102
2	629	299.594941351033	103
2	638	307.626998932791	104
2	645	312.398778104592	105
2	652	315.343777788319	106
2	658	321.101446658348	107
2	661	322.657418149315	108
2	664	323.960089525155	109
2	671	329.547067635922	110
2	681	336.150092122304	111
2	684	338.170696930159	112
2	689	339.306441042037	113
2	696	344.971535031994	114
2	699	346.667418501874	115
2	705	348.835527003632	116
2	709	351.948579305064	117
2	714	355.086353121379	118
2	720	357.138459550122	119
2	727	360.010089577003	120
2	732	361.738448934475	121
2	737	364.81300148495	122
2	742	366.23749120665	123
2	745	367.989836510922	124
2	752	371.443375873399	125
2	759	375.219194091166	126
2	762	377.003648807881	127
2	769	381.711015000058	128
2	774	385.184102697139	129
2	780	390.359349861788	130
2	786	394.629604211807	131
2	794	396.876403313143	132
2	801	399.102636434663	133
2	806	400.456206493498	134
2	810	401.627026793055	135
2	819	406.116541029261	136
2	825	408.835150393916	137
2	830	410.82956282731	138
2	840	417.724085032903	139
2	847	421.109408191342	140
2	855	422.640358814245	141
2	859	424.393568838852	142
2	866	428.447204012134	143
2	879	441.56175339325	144
2	885	445.204527960928	145
2	899	453.309491739194	146
2	906	456.745136281718	147
2	912	460.152814128392	148
2	915	461.868386926716	149
2	919	463.728588772504	150
2	928	472.545162824974	151
2	933	474.609233567305	152
2	941	479.148986710937	153
2	946	480.846462796126	154
2	957	482.168526568081	155
2	962	483.604641994469	156
2	981	500.04184292303	157
2	989	503.961774805682	158
2	998	508.413316830066	159
2	1001	510.514643506561	160
2	1017	520.957003316409	161
2	1024	523.959445888544	162
2	1030	528.950297518039	163
2	1036	532.513096437817	164
2	1039	533.890331805881	165
2	1047	537.401772878096	166
2	1050	538.710758065924	167
2	1053	540.122693514049	168
2	1056	541.063505754341	169
2	1064	548.076935328768	170
2	1074	551.379614326261	171
2	1079	552.971338935437	172
2	1085	556.109997129949	173
2	1090	559.331858480919	174
2	1096	560.924342142634	175
2	1101	563.404023036504	176
2	1108	565.818368821991	177
2	1111	566.807724180117	178
2	1114	568.252147458629	179
2	1119	570.900542944432	180
2	1124	573.911352585193	181
2	1130	576.704624551645	182
2	1136	581.356356208774	183
2	1143	582.961873541582	184
2	1150	587.275313613382	185
2	1156	588.298970935319	186
2	1169	589.661014347821	187
2	1182	597.965197704059	188
2	1188	599.700674866637	189
2	1192	601.434663485828	190
2	1196	602.64379902674	191
2	1201	605.061523213315	192
2	1208	608.549315620508	193
2	1211	610.384317177786	194
2	1214	611.847163353433	195
2	1220	613.359700609102	196
2	1225	616.238177623226	197
2	1230	617.541424195363	198
2	1235	621.406095414154	199
2	1238	623.014447403318	200
2	1242	624.70603571044	201
2	1247	625.868867736094	202
2	1253	630.684020228127	203
2	1261	638.713218973885	204
2	1272	642.036233568744	205
2	1279	644.452524980002	206
2	1286	645.659556764048	207
2	1295	650.148753405173	208
2	1303	656.40403620997	209
2	1310	662.269817660894	210
2	1316	666.044377200171	211
2	1322	667.226467921305	212
2	1328	669.251108234873	213
2	1333	670.803873710245	214
2	1345	676.510120174945	215
2	1350	679.691781899447	216
2	1354	681.029459120687	217
2	1359	682.125264413606	218
2	1364	683.848050348979	219
2	1371	687.480549841588	220
2	1379	692.684369739703	221
2	1384	695.718843590285	222
2	1394	698.908496954072	223
2	1397	700.441735355	224
2	1400	702.120092895508	225
2	1417	709.867131691927	226
2	1423	711.859350454861	227
2	1434	716.362915911355	228
2	1440	719.308531257652	229
2	1447	724.365927049321	230
2	1458	728.59022464157	231
2	1463	730.1055845767	232
2	1467	731.880801928306	233
2	1471	733.567525276985	234
2	1485	741.975525787321	235
2	1492	744.938641119455	236
2	1504	759.27206744112	237
2	1507	761.015359428745	238
2	1512	762.472073340671	239
2	1518	765.908333698983	240
2	1521	767.283670569521	241
2	1532	775.138316461926	242
2	1535	776.630452324786	243
2	1541	779.837176226916	244
2	1555	791.767484333593	245
2	1565	800.5086126676	246
2	1568	801.667437490251	247
2	1577	806.534365478461	248
2	1580	808.206450363621	249
2	1586	811.277384294372	250
2	1592	814.25335172477	251
2	1597	815.149080120998	252
2	1607	821.419378491582	253
2	1622	830.340115177877	254
2	1627	833.410966038361	255
2	1632	835.093081997346	256
2	1636	838.250647948743	257
2	1640	841.075139101735	258
2	1647	845.617288110084	259
2	1650	847.043134827917	260
2	1654	850.670743156295	261
2	1662	854.833926594489	262
2	1667	857.409395087256	263
2	1670	858.824696875984	264
2	1674	860.389270465195	265
2	1680	862.379053361592	266
2	1684	863.990098338413	267
2	1691	868.75780049029	268
2	1694	870.094664704792	269
2	1697	871.988722153051	270
2	1700	873.250459184916	271
2	1709	877.650438784127	272
2	1718	882.26004453388	273
2	1729	889.073293873894	274
2	1742	896.384225527186	275
2	1748	899.935951920701	276
2	1752	901.041716419491	277
2	1759	903.48503750985	278
2	1762	905.57531609222	279
2	1767	906.703540216812	280
2	1772	909.701646954024	281
2	1779	911.203606719622	282
2	1791	914.41915473572	283
2	1794	915.900928806495	284
2	1800	920.372910942987	285
2	1806	922.259577455821	286
2	1811	924.31380752909	287
2	1815	927.591719249026	288
2	1821	929.412838018358	289
2	1826	930.876609743753	290
2	1831	933.078770482441	291
2	1837	934.695548525153	292
2	1842	935.762910607397	293
2	1847	937.318805326916	294
2	1854	938.744324674444	295
2	1860	939.694863740186	296
2	1863	940.8037527003	297
2	1866	942.079554219067	298
2	1874	944.617607277651	299
2	1878	946.19879155852	300
2	1881	947.637211162844	301
2	1887	949.399586987515	302
2	1895	956.198318119557	303
2	1900	957.968833758127	304
2	1909	965.027144610058	305
2	1922	970.230896546276	306
2	1926	971.439520029766	307
2	1931	974.772509059768	308
2	1936	976.174843210775	309
2	1942	979.656659431823	310
2	1950	984.120499213804	311
2	1954	988.00063280524	312
2	1961	989.071503150272	313
2	1971	995.513886464561	314
2	1976	997.123258534923	315
3	3	0.402362819989	1
3	10	5.132064688764	2
3	12	5.271879019963	3
3	26	13.24644821112	4
3	36	20.834985520859	5
3	44	24.11781870523	6
3	49	26.65018776321	7
3	55	27.891603112583	8
3	72	39.774968720005	9
3	83	44.349929610848	10
3	91	49.348160856246	11
3	110	61.421964577911	12
3	115	63.484362939822	13
3	121	64.028559832797	14
3	127	64.419661886956	15
3	129	64.732778791877	16
3	136	65.869440331933	17
3	141	67.182171655891	18
3	154	73.783984265058	19
3	161	75.577981033766	20
3	166	77.785305189395	21
3	208	111.353565029253	22
3	210	111.56820691698	23
3	226	119.654339154551	24
3	236	124.384841637743	25
3	239	124.891286483503	26
3	261	134.317371361828	27
3	268	135.96140725401	28
3	275	137.394813279826	29
3	285	140.374065644616	30
3	295	145.500488678461	31
3	304	147.667870213346	32
3	306	147.891412362201	33
3	311	148.878235537571	34
3	326	155.658207747894	35
3	334	158.598556448837	36
3	355	169.967105863269	37
3	357	170.102833864141	38
3	366	172.215406714567	39
3	370	173.405042700299	40
3	385	178.850010121233	41
3	399	187.052365885169	42
3	404	189.006374503062	43
3	414	192.048556912423	44
3	430	201.549192763792	45
3	432	201.752644044428	46
3	437	202.49993619167	47
3	445	207.353466413077	48
3	451	207.98488057066	49
3	453	208.205804867018	50
3	463	213.285563315148	51
3	468	214.868671195271	52
3	495	229.756419108801	53
3	504	236.094507090512	54
3	529	254.456000669009	55
3	536	257.959002895964	56
3	538	258.123392903068	57
3	577	275.074660887012	58
3	602	287.12022839538	59
3	611	291.370477048439	60
3	619	294.257953734656	61
3	690	339.445796040795	62
3	700	346.828648950119	63
3	715	355.195456820992	64
3	728	360.207139470561	65
3	738	364.947824191586	66
3	746	368.144924523208	67
3	763	377.060537203722	68
3	787	394.741965922542	69
3	796	397.075403150568	70
3	802	399.157106746457	71
3	811	401.657712726532	72
3	813	401.800843954393	73
3	820	406.317609883055	74
3	826	408.856319706438	75
3	841	417.862034472004	76
3	849	421.416166110236	77
3	851	421.572690677481	78
3	886	445.345097944619	79
3	888	445.67180841935	80
3	901	453.449818260588	81
3	908	456.988607474626	82
3	916	462.067827322436	83
3	935	474.906317939179	84
3	942	479.194250907892	85
3	948	481.003293087864	86
3	951	481.334314603966	87
3	958	482.203871866426	88
3	963	483.811626797056	89
3	982	500.247589096232	90
3	1003	510.70707839272	91
3	1019	521.084104091374	92
3	1025	524.103398429062	93
3	1031	529.158247620256	94
3	1041	534.055282433023	95
3	1065	548.261788162397	96
3	1067	548.427653527771	97
3	1069	548.657597825894	98
3	1075	551.440860314817	99
3	1080	553.080432976872	100
3	1086	556.155504433379	101
3	1091	559.49373202549	102
3	1097	561.001288674112	103
3	1115	568.305230196317	104
3	1125	574.082212070529	105
3	1138	581.565213734791	106
3	1144	582.990408017631	107
3	1151	587.479730867848	108
3	1157	588.333013987283	109
3	1161	588.915052941082	110
3	1164	589.210059411509	111
3	1171	589.966662019561	112
3	1183	598.099802524158	113
3	1185	598.314225756804	114
3	1189	599.8617877699	115
3	1197	602.716734743271	116
3	1202	605.236683707962	117
3	1215	612.013019951152	118
3	1217	612.287423936856	119
3	1226	616.441830610343	120
3	1243	624.89934758397	121
3	1262	638.813054139577	122
3	1265	639.066294814959	123
3	1274	642.386850086289	124
3	1281	644.521494144341	125
3	1287	645.793041437939	126
3	1296	650.209936471886	127
3	1311	662.467554309925	128
3	1324	667.380086450972	129
3	1329	669.415615608386	130
3	1335	670.964099968622	131
3	1337	671.254055180087	132
3	1346	676.585487512252	133
3	1355	681.140048398701	134
3	1360	682.209728971433	135
3	1365	683.966425149279	136
3	1372	687.576328759293	137
3	1385	695.808963799259	138
3	1388	696.057281285885	139
3	1401	702.295174699917	140
3	1403	702.466538458632	141
3	1405	702.697715450973	142
3	1407	702.826031203349	143
3	1419	709.953751417923	144
3	1424	712.063393865931	145
3	1429	712.537766449177	146
3	1435	716.509224677907	147
3	1448	724.491048368217	148
3	1450	724.776165558025	149
3	1459	728.645194995102	150
3	1486	742.070628344866	151
3	1488	742.217420529672	152
3	1509	761.210408124284	153
3	1513	762.681972833976	154
3	1522	767.474761530163	155
3	1542	779.986863809059	156
3	1587	811.371694212286	157
3	1599	815.387979996195	158
3	1623	830.42765191099	159
3	1628	833.497784096156	160
3	1656	850.785392582065	161
3	1671	859.001692248842	162
3	1676	860.747087195372	163
3	1681	862.453717077225	164
3	1685	864.145269165097	165
3	1711	877.926728705744	166
3	1731	889.134776458074	167
3	1743	896.526181667736	168
3	1754	901.243882166971	169
3	1763	905.682632730062	170
3	1774	909.958883229389	171
3	1776	910.223980810102	172
3	1781	911.436946364744	173
3	1783	911.541853218202	174
3	1802	920.57754317976	175
3	1808	922.608460008085	176
3	1817	927.811234888682	177
3	1833	933.349643005835	178
3	1838	934.88551905244	179
3	1844	936.081355705282	180
3	1849	937.56992679939	181
3	1855	938.765954188873	182
3	1867	942.140529956555	183
3	1870	942.474701046746	184
3	1875	944.820839408865	185
3	1882	947.693922223677	186
3	1896	956.255155082383	187
3	1910	965.053821503586	188
3	1913	965.515230264795	189
3	1915	965.800527215259	190
3	1932	974.855117596757	191
3	1944	979.773164195709	192
3	1955	988.103646321062	193
3	1963	989.323729849306	194
3	1972	995.628801896532	195
3	1977	997.302391633568	196
4	3	0.402362819989	1
4	10	5.132064688764	2
4	12	5.271879019963	3
4	26	13.24644821112	4
4	36	20.834985520859	5
4	44	24.11781870523	6
4	49	26.65018776321	7
4	55	27.891603112583	8
4	72	39.774968720005	9
4	83	44.349929610848	10
4	91	49.348160856246	11
4	110	61.421964577911	12
4	115	63.484362939822	13
4	121	64.028559832797	14
4	127	64.419661886956	15
4	129	64.732778791877	16
4	136	65.869440331933	17
4	141	67.182171655891	18
4	154	73.783984265058	19
4	161	75.577981033766	20
4	166	77.785305189395	21
4	208	111.353565029253	22
4	210	111.56820691698	23
4	226	119.654339154551	24
4	236	124.384841637743	25
4	239	124.891286483503	26
4	261	134.317371361828	27
4	268	135.96140725401	28
4	275	137.394813279826	29
4	285	140.374065644616	30
4	295	145.500488678461	31
4	304	147.667870213346	32
4	306	147.891412362201	33
4	311	148.878235537571	34
4	326	155.658207747894	35
4	334	158.598556448837	36
4	355	169.967105863269	37
4	357	170.102833864141	38
4	366	172.215406714567	39
4	370	173.405042700299	40
4	385	178.850010121233	41
4	399	187.052365885169	42
4	404	189.006374503062	43
4	414	192.048556912423	44
4	430	201.549192763792	45
4	432	201.752644044428	46
4	437	202.49993619167	47
4	445	207.353466413077	48
4	451	207.98488057066	49
4	453	208.205804867018	50
4	463	213.285563315148	51
4	468	214.868671195271	52
4	495	229.756419108801	53
4	504	236.094507090512	54
4	529	254.456000669009	55
4	536	257.959002895964	56
4	538	258.123392903068	57
4	577	275.074660887012	58
4	602	287.12022839538	59
4	611	291.370477048439	60
4	619	294.257953734656	61
4	690	339.445796040795	62
4	700	346.828648950119	63
4	715	355.195456820992	64
4	728	360.207139470561	65
4	738	364.947824191586	66
4	746	368.144924523208	67
4	763	377.060537203722	68
4	787	394.741965922542	69
4	796	397.075403150568	70
4	802	399.157106746457	71
4	811	401.657712726532	72
4	813	401.800843954393	73
4	820	406.317609883055	74
4	826	408.856319706438	75
4	841	417.862034472004	76
4	849	421.416166110236	77
4	851	421.572690677481	78
4	886	445.345097944619	79
4	888	445.67180841935	80
4	901	453.449818260588	81
4	908	456.988607474626	82
4	916	462.067827322436	83
4	935	474.906317939179	84
4	942	479.194250907892	85
4	948	481.003293087864	86
4	951	481.334314603966	87
4	958	482.203871866426	88
4	963	483.811626797056	89
4	982	500.247589096232	90
4	1003	510.70707839272	91
4	1019	521.084104091374	92
4	1025	524.103398429062	93
4	1031	529.158247620256	94
4	1041	534.055282433023	95
4	1065	548.261788162397	96
4	1067	548.427653527771	97
4	1069	548.657597825894	98
4	1075	551.440860314817	99
4	1080	553.080432976872	100
4	1086	556.155504433379	101
4	1091	559.49373202549	102
4	1097	561.001288674112	103
4	1115	568.305230196317	104
4	1125	574.082212070529	105
4	1138	581.565213734791	106
4	1144	582.990408017631	107
4	1151	587.479730867848	108
4	1157	588.333013987283	109
4	1161	588.915052941082	110
4	1164	589.210059411509	111
4	1171	589.966662019561	112
4	1183	598.099802524158	113
4	1185	598.314225756804	114
4	1189	599.8617877699	115
4	1197	602.716734743271	116
4	1202	605.236683707962	117
4	1215	612.013019951152	118
4	1217	612.287423936856	119
4	1226	616.441830610343	120
4	1243	624.89934758397	121
4	1262	638.813054139577	122
4	1265	639.066294814959	123
4	1274	642.386850086289	124
4	1281	644.521494144341	125
4	1287	645.793041437939	126
4	1296	650.209936471886	127
4	1311	662.467554309925	128
4	1324	667.380086450972	129
4	1329	669.415615608386	130
4	1335	670.964099968622	131
4	1337	671.254055180087	132
4	1346	676.585487512252	133
4	1355	681.140048398701	134
4	1360	682.209728971433	135
4	1365	683.966425149279	136
4	1372	687.576328759293	137
4	1385	695.808963799259	138
4	1388	696.057281285885	139
4	1401	702.295174699917	140
4	1403	702.466538458632	141
4	1405	702.697715450973	142
4	1407	702.826031203349	143
4	1419	709.953751417923	144
4	1424	712.063393865931	145
4	1429	712.537766449177	146
4	1435	716.509224677907	147
4	1448	724.491048368217	148
4	1450	724.776165558025	149
4	1459	728.645194995102	150
4	1486	742.070628344866	151
4	1488	742.217420529672	152
4	1509	761.210408124284	153
4	1513	762.681972833976	154
4	1522	767.474761530163	155
4	1542	779.986863809059	156
4	1587	811.371694212286	157
4	1599	815.387979996195	158
4	1623	830.42765191099	159
4	1628	833.497784096156	160
4	1656	850.785392582065	161
4	1671	859.001692248842	162
4	1676	860.747087195372	163
4	1681	862.453717077225	164
4	1685	864.145269165097	165
4	1711	877.926728705744	166
4	1731	889.134776458074	167
4	1743	896.526181667736	168
4	1754	901.243882166971	169
4	1763	905.682632730062	170
4	1774	909.958883229389	171
4	1776	910.223980810102	172
4	1781	911.436946364744	173
4	1783	911.541853218202	174
4	1802	920.57754317976	175
4	1808	922.608460008085	176
4	1817	927.811234888682	177
4	1833	933.349643005835	178
4	1838	934.88551905244	179
4	1844	936.081355705282	180
4	1849	937.56992679939	181
4	1855	938.765954188873	182
4	1867	942.140529956555	183
4	1870	942.474701046746	184
4	1875	944.820839408865	185
4	1882	947.693922223677	186
4	1896	956.255155082383	187
4	1910	965.053821503586	188
4	1913	965.515230264795	189
4	1915	965.800527215259	190
4	1932	974.855117596757	191
4	1944	979.773164195709	192
4	1955	988.103646321062	193
4	1963	989.323729849306	194
4	1972	995.628801896532	195
4	1977	997.302391633568	196
5	11	5.220748993633	1
5	43	24.052951853971	2
5	50	26.749375261482	3
5	67	38.495350752936	4
5	73	39.944451817741	5
5	82	44.246944015816	6
5	84	44.395945516299	7
5	90	49.171216510919	8
5	97	52.366555980131	9
5	114	63.287394228994	10
5	116	63.559089937261	11
5	118	63.744208331937	12
5	120	63.982115290894	13
5	125	64.382795043444	14
5	128	64.589141025805	15
5	131	64.91322170359	16
5	135	65.696006031662	17
5	140	66.981297275987	18
5	156	74.122677444863	19
5	187	94.716733851382	20
5	200	104.951231078115	21
5	209	111.475218860896	22
5	231	122.795639864129	23
5	238	124.763655276993	24
5	243	125.442711268786	25
5	262	134.48257104129	26
5	264	134.640443089771	27
5	269	136.106441829763	28
5	274	137.336626642188	29
5	280	139.063484819185	30
5	284	140.353917274676	31
5	286	140.42213377622	32
5	297	145.808144543043	33
5	299	146.065798578549	34
5	305	147.762747086553	35
5	307	148.000221850612	36
5	318	153.725254072426	37
5	320	153.958366424944	38
5	325	155.576567646244	39
5	333	158.469981838473	40
5	335	158.630388260646	41
5	356	170.062229001531	42
5	358	170.289117575485	43
5	371	173.48172482948	44
5	376	174.712453070236	45
5	382	178.521225985814	46
5	384	178.660363720666	47
5	386	178.95415451496	48
5	393	184.052680485462	49
5	406	189.325346582192	50
5	415	192.189941162509	51
5	425	200.495784100894	52
5	431	201.594498502893	53
5	446	207.484571256074	54
5	448	207.771311730342	55
5	450	207.895996223863	56
5	452	208.016068754182	57
5	460	212.877361287826	58
5	462	213.144523612137	59
5	480	222.334622846765	60
5	505	236.218118548114	61
5	535	257.811237929879	62
5	537	258.046959270829	63
5	539	258.274720076219	64
5	546	260.099936025011	65
5	548	260.218998594169	66
5	550	260.415427181209	67
5	560	266.255509521679	68
5	564	267.78399607943	69
5	566	267.863352773537	70
5	572	271.190844374568	71
5	581	277.032476521476	72
5	583	277.229862333284	73
5	587	278.57904803627	74
5	596	283.763499551558	75
5	601	287.080979932085	76
5	618	294.145546610301	77
5	625	297.829493326674	78
5	639	307.82778151793	79
5	646	312.6016862679	80
5	672	329.699931068757	81
5	685	338.351324198146	82
5	716	355.302952266387	83
5	721	357.291022973238	84
5	729	360.276969897982	85
5	733	361.809640395787	86
5	747	368.339353421171	87
5	753	371.465923967495	88
5	770	381.852441037589	89
5	788	394.794474753229	90
5	795	396.907223516373	91
5	807	400.563727177278	92
5	812	401.757286351406	93
5	821	406.466035264397	94
5	842	418.029208952848	95
5	848	421.252561262131	96
5	850	421.534422773874	97
5	856	422.753686702907	98
5	860	424.539927873638	99
5	887	445.528886861232	100
5	890	446.021453387611	101
5	900	453.401821040001	102
5	907	456.887289823508	103
5	920	463.885509005945	104
5	929	472.634157821093	105
5	934	474.6990749824	106
5	936	474.974959983861	107
5	947	480.920709837745	108
5	950	481.194770603226	109
5	953	481.551299473808	110
5	984	500.522680049707	111
5	990	504.078995583025	112
5	1002	510.565763152663	113
5	1004	510.775645365198	114
5	1018	521.038467274553	115
5	1020	521.137813049234	116
5	1040	533.978961456469	117
5	1042	534.23630266532	118
5	1057	541.157312933559	119
5	1066	548.35276855375	120
5	1068	548.508006173204	121
5	1076	551.508010534275	122
5	1092	559.561458832009	123
5	1102	563.497822227433	124
5	1120	570.951896015075	125
5	1131	576.882480784385	126
5	1137	581.524552975348	127
5	1139	581.645332652078	128
5	1152	587.513701586858	129
5	1158	588.395276076149	130
5	1160	588.746846664216	131
5	1163	589.121311732376	132
5	1165	589.312423821252	133
5	1170	589.844748547424	134
5	1172	590.068059980066	135
5	1184	598.179479204208	136
5	1193	601.48222002166	137
5	1216	612.155149783372	138
5	1239	623.127034035554	139
5	1244	625.021842569403	140
5	1264	639.000628382271	141
5	1266	639.243463196366	142
5	1268	639.568045875463	143
5	1273	642.186068100793	144
5	1280	644.486066155641	145
5	1283	644.715461478387	146
5	1288	645.904089921625	147
5	1317	666.194332042861	148
5	1319	666.399106520424	149
5	1323	667.321809366408	150
5	1325	667.494909385195	151
5	1334	670.829865082844	152
5	1336	671.054398000104	153
5	1351	679.797545513241	154
5	1356	681.207403801186	155
5	1366	684.141215487797	156
5	1387	695.871737078486	157
5	1389	696.196759603766	158
5	1402	702.43795291506	159
5	1404	702.544794614476	160
5	1406	702.728693266751	161
5	1408	702.934678200355	162
5	1418	709.894149261765	163
5	1426	712.164333216101	164
5	1428	712.455883995882	165
5	1441	719.410134030161	166
5	1449	724.668418613709	167
5	1460	728.764563215998	168
5	1464	730.290854842136	169
5	1468	732.03199956201	170
5	1472	733.708931466642	171
5	1487	742.163853822423	172
5	1508	761.12977673275	173
5	1523	767.51229917292	174
5	1536	776.690057531319	175
5	1556	791.962079569219	176
5	1569	801.786662879251	177
5	1581	808.318729017535	178
5	1593	814.343192522969	179
5	1598	815.200642116789	180
5	1608	821.470012010776	181
5	1610	821.654539834462	182
5	1612	821.962946780115	183
5	1641	841.182174789725	184
5	1655	850.760507217576	185
5	1675	860.570114677409	186
5	1701	873.313089435493	187
5	1710	877.766848303113	188
5	1719	882.422306396418	189
5	1730	889.107242642229	190
5	1749	900.092056734289	191
5	1753	901.208877736309	192
5	1768	906.80764171706	193
5	1773	909.781988467672	194
5	1775	910.052948308077	195
5	1780	911.26886639217	196
5	1782	911.464609456202	197
5	1784	911.607850448806	198
5	1786	911.685989161045	199
5	1801	920.403104796472	200
5	1807	922.44801705532	201
5	1816	927.630289639405	202
5	1818	927.972760453544	203
5	1822	929.453280672597	204
5	1832	933.159880397109	205
5	1843	935.872239260804	206
5	1848	937.512443866903	207
5	1850	937.677151619907	208
5	1856	938.81285647859	209
5	1869	942.432246514345	210
5	1884	947.980166208107	211
5	1897	956.382970000297	212
5	1901	958.024299652021	213
5	1912	965.442792684015	214
5	1914	965.681652402241	215
5	1916	965.963587403669	216
5	1923	970.289593971992	217
5	1937	976.369122400781	218
5	1943	979.69071293161	219
5	1945	979.796155318147	220
5	1957	988.409841845893	221
5	1962	989.124123209796	222
6	11	5.220748993633	1
6	43	24.052951853971	2
6	50	26.749375261482	3
6	67	38.495350752936	4
6	73	39.944451817741	5
6	82	44.246944015816	6
6	84	44.395945516299	7
6	90	49.171216510919	8
6	97	52.366555980131	9
6	114	63.287394228994	10
6	116	63.559089937261	11
6	118	63.744208331937	12
6	120	63.982115290894	13
6	125	64.382795043444	14
6	128	64.589141025805	15
6	131	64.91322170359	16
6	135	65.696006031662	17
6	140	66.981297275987	18
6	156	74.122677444863	19
6	187	94.716733851382	20
6	200	104.951231078115	21
6	209	111.475218860896	22
6	231	122.795639864129	23
6	238	124.763655276993	24
6	243	125.442711268786	25
6	262	134.48257104129	26
6	264	134.640443089771	27
6	269	136.106441829763	28
6	274	137.336626642188	29
6	280	139.063484819185	30
6	284	140.353917274676	31
6	286	140.42213377622	32
6	297	145.808144543043	33
6	299	146.065798578549	34
6	305	147.762747086553	35
6	307	148.000221850612	36
6	318	153.725254072426	37
6	320	153.958366424944	38
6	325	155.576567646244	39
6	333	158.469981838473	40
6	335	158.630388260646	41
6	356	170.062229001531	42
6	358	170.289117575485	43
6	371	173.48172482948	44
6	376	174.712453070236	45
6	382	178.521225985814	46
6	384	178.660363720666	47
6	386	178.95415451496	48
6	393	184.052680485462	49
6	406	189.325346582192	50
6	415	192.189941162509	51
6	425	200.495784100894	52
6	431	201.594498502893	53
6	446	207.484571256074	54
6	448	207.771311730342	55
6	450	207.895996223863	56
6	452	208.016068754182	57
6	460	212.877361287826	58
6	462	213.144523612137	59
6	480	222.334622846765	60
6	505	236.218118548114	61
6	535	257.811237929879	62
6	537	258.046959270829	63
6	539	258.274720076219	64
6	546	260.099936025011	65
6	548	260.218998594169	66
6	550	260.415427181209	67
6	560	266.255509521679	68
6	564	267.78399607943	69
6	566	267.863352773537	70
6	572	271.190844374568	71
6	581	277.032476521476	72
6	583	277.229862333284	73
6	587	278.57904803627	74
6	596	283.763499551558	75
6	601	287.080979932085	76
6	618	294.145546610301	77
6	625	297.829493326674	78
6	639	307.82778151793	79
6	646	312.6016862679	80
6	672	329.699931068757	81
6	685	338.351324198146	82
6	716	355.302952266387	83
6	721	357.291022973238	84
6	729	360.276969897982	85
6	733	361.809640395787	86
6	747	368.339353421171	87
6	753	371.465923967495	88
6	770	381.852441037589	89
6	788	394.794474753229	90
6	795	396.907223516373	91
6	807	400.563727177278	92
6	812	401.757286351406	93
6	821	406.466035264397	94
6	842	418.029208952848	95
6	848	421.252561262131	96
6	850	421.534422773874	97
6	856	422.753686702907	98
6	860	424.539927873638	99
6	887	445.528886861232	100
6	890	446.021453387611	101
6	900	453.401821040001	102
6	907	456.887289823508	103
6	920	463.885509005945	104
6	929	472.634157821093	105
6	934	474.6990749824	106
6	936	474.974959983861	107
6	947	480.920709837745	108
6	950	481.194770603226	109
6	953	481.551299473808	110
6	984	500.522680049707	111
6	990	504.078995583025	112
6	1002	510.565763152663	113
6	1004	510.775645365198	114
6	1018	521.038467274553	115
6	1020	521.137813049234	116
6	1040	533.978961456469	117
6	1042	534.23630266532	118
6	1057	541.157312933559	119
6	1066	548.35276855375	120
6	1068	548.508006173204	121
6	1076	551.508010534275	122
6	1092	559.561458832009	123
6	1102	563.497822227433	124
6	1120	570.951896015075	125
6	1131	576.882480784385	126
6	1137	581.524552975348	127
6	1139	581.645332652078	128
6	1152	587.513701586858	129
6	1158	588.395276076149	130
6	1160	588.746846664216	131
6	1163	589.121311732376	132
6	1165	589.312423821252	133
6	1170	589.844748547424	134
6	1172	590.068059980066	135
6	1184	598.179479204208	136
6	1193	601.48222002166	137
6	1216	612.155149783372	138
6	1239	623.127034035554	139
6	1244	625.021842569403	140
6	1264	639.000628382271	141
6	1266	639.243463196366	142
6	1268	639.568045875463	143
6	1273	642.186068100793	144
6	1280	644.486066155641	145
6	1283	644.715461478387	146
6	1288	645.904089921625	147
6	1317	666.194332042861	148
6	1319	666.399106520424	149
6	1323	667.321809366408	150
6	1325	667.494909385195	151
6	1334	670.829865082844	152
6	1336	671.054398000104	153
6	1351	679.797545513241	154
6	1356	681.207403801186	155
6	1366	684.141215487797	156
6	1387	695.871737078486	157
6	1389	696.196759603766	158
6	1402	702.43795291506	159
6	1404	702.544794614476	160
6	1406	702.728693266751	161
6	1408	702.934678200355	162
6	1418	709.894149261765	163
6	1426	712.164333216101	164
6	1428	712.455883995882	165
6	1441	719.410134030161	166
6	1449	724.668418613709	167
6	1460	728.764563215998	168
6	1464	730.290854842136	169
6	1468	732.03199956201	170
6	1472	733.708931466642	171
6	1487	742.163853822423	172
6	1508	761.12977673275	173
6	1523	767.51229917292	174
6	1536	776.690057531319	175
6	1556	791.962079569219	176
6	1569	801.786662879251	177
6	1581	808.318729017535	178
6	1593	814.343192522969	179
6	1598	815.200642116789	180
6	1608	821.470012010776	181
6	1610	821.654539834462	182
6	1612	821.962946780115	183
6	1641	841.182174789725	184
6	1655	850.760507217576	185
6	1675	860.570114677409	186
6	1701	873.313089435493	187
6	1710	877.766848303113	188
6	1719	882.422306396418	189
6	1730	889.107242642229	190
6	1749	900.092056734289	191
6	1753	901.208877736309	192
6	1768	906.80764171706	193
6	1773	909.781988467672	194
6	1775	910.052948308077	195
6	1780	911.26886639217	196
6	1782	911.464609456202	197
6	1784	911.607850448806	198
6	1786	911.685989161045	199
6	1801	920.403104796472	200
6	1807	922.44801705532	201
6	1816	927.630289639405	202
6	1818	927.972760453544	203
6	1822	929.453280672597	204
6	1832	933.159880397109	205
6	1843	935.872239260804	206
6	1848	937.512443866903	207
6	1850	937.677151619907	208
6	1856	938.81285647859	209
6	1869	942.432246514345	210
6	1884	947.980166208107	211
6	1897	956.382970000297	212
6	1901	958.024299652021	213
6	1912	965.442792684015	214
6	1914	965.681652402241	215
6	1916	965.963587403669	216
6	1923	970.289593971992	217
6	1937	976.369122400781	218
6	1943	979.69071293161	219
6	1945	979.796155318147	220
6	1957	988.409841845893	221
6	1962	989.124123209796	222
7	27	13.425146985524	1
7	37	20.888990563392	2
7	51	26.83708614855	3
7	68	38.52457223949	4
7	74	40.061398107758	5
7	117	63.656920680192	6
7	119	63.857249268072	7
7	122	64.193507372952	8
7	130	64.837241517479	9
7	142	67.231029920389	10
7	155	73.960700240678	11
7	157	74.177867199458	12
7	211	111.664529743798	13
7	232	122.974095473531	14
7	237	124.59008782968	15
7	263	134.572916127482	16
7	270	136.306484607353	17
7	276	137.493785321633	18
7	287	140.625584345086	19
7	296	145.639265504675	20
7	298	145.936934964482	21
7	300	146.258116250863	22
7	312	148.960253774704	23
7	319	153.755718702923	24
7	321	154.148770971584	25
7	359	170.443475433711	26
7	372	173.623520234469	27
7	383	178.583351970826	28
7	394	184.243228967068	29
7	400	187.249371994209	30
7	405	189.156828366127	31
7	407	189.470537404562	32
7	426	200.568324221672	33
7	433	201.933049402669	34
7	447	207.615851931099	35
7	449	207.861326803486	36
7	461	212.990037576502	37
7	464	213.443948929638	38
7	469	215.021372516483	39
7	496	229.78566251148	40
7	530	254.546316522317	41
7	547	260.195737335194	42
7	549	260.361165386912	43
7	551	260.574026755819	44
7	565	267.831161122302	45
7	582	277.157297494711	46
7	620	294.392493983372	47
7	626	297.894082598028	48
7	647	312.66793552005	49
7	673	329.841598325313	50
7	686	338.468532758684	51
7	691	339.54261319608	52
7	701	346.904302271366	53
7	717	355.486387534391	54
7	722	357.391068004442	55
7	739	365.098112623377	56
7	754	371.515531886263	57
7	764	377.134952847538	58
7	789	394.999129044299	59
7	803	399.198140653214	60
7	827	408.96442708195	61
7	852	421.683947919848	62
7	889	445.852125689072	63
7	902	453.597783819716	64
7	930	472.76641309153	65
7	943	479.300578033993	66
7	949	481.098000188032	67
7	952	481.400115847303	68
7	954	481.575816897642	69
7	959	482.318701589651	70
7	964	483.968021198419	71
7	983	500.432179051291	72
7	991	504.282595399509	73
7	1005	510.968606162725	74
7	1032	529.279707824145	75
7	1043	534.320257881912	76
7	1070	548.745838589218	77
7	1093	559.704179204518	78
7	1103	563.567912373915	79
7	1140	581.76981381142	80
7	1145	583.128842092338	81
7	1153	587.573148971465	82
7	1159	588.575770042572	83
7	1162	588.998861724775	84
7	1166	589.475419986518	85
7	1173	590.119978134963	86
7	1203	605.410551196049	87
7	1227	616.561856823015	88
7	1263	638.847605116149	89
7	1267	639.427957147477	90
7	1275	642.497781790263	91
7	1282	644.646477202745	92
7	1318	666.267596247695	93
7	1330	669.536513507616	94
7	1338	671.422669760285	95
7	1361	682.417805003379	96
7	1386	695.849830929117	97
7	1409	703.047085035704	98
7	1425	712.111570113578	99
7	1427	712.321926753533	100
7	1436	716.608907892121	101
7	1451	724.941793964228	102
7	1473	733.758373389219	103
7	1514	762.72708791753	104
7	1524	767.70002524218	105
7	1537	776.780153567862	106
7	1543	780.148814878511	107
7	1570	801.814927505115	108
7	1582	808.438511099051	109
7	1588	811.453658388942	110
7	1594	814.478903854604	111
7	1600	815.463945327112	112
7	1609	821.514591254462	113
7	1611	821.837878828755	114
7	1613	822.063140815895	115
7	1629	833.602998733527	116
7	1642	841.38574851567	117
7	1677	860.950940688826	118
7	1686	864.169073216621	119
7	1702	873.413829253902	120
7	1720	882.555584725155	121
7	1732	889.274638322785	122
7	1755	901.389599208766	123
7	1764	905.737190026465	124
7	1785	911.635548221434	125
7	1803	920.740047454063	126
7	1823	929.590529610471	127
7	1834	933.382777667119	128
7	1839	935.06143519766	129
7	1851	937.801331350602	130
7	1857	938.863351759809	131
7	1868	942.299765199121	132
7	1883	947.89395036222	133
7	1902	958.185106665253	134
7	1911	965.259542145769	135
7	1933	975.043839802992	136
7	1956	988.297546702773	137
7	1958	988.596568510286	138
7	1973	995.754159369531	139
7	1978	997.486690435055	140
8	27	13.425146985524	1
8	37	20.888990563392	2
8	51	26.83708614855	3
8	68	38.52457223949	4
8	74	40.061398107758	5
8	117	63.656920680192	6
8	119	63.857249268072	7
8	122	64.193507372952	8
8	130	64.837241517479	9
8	142	67.231029920389	10
8	155	73.960700240678	11
8	157	74.177867199458	12
8	211	111.664529743798	13
8	232	122.974095473531	14
8	237	124.59008782968	15
8	263	134.572916127482	16
8	270	136.306484607353	17
8	276	137.493785321633	18
8	287	140.625584345086	19
8	296	145.639265504675	20
8	298	145.936934964482	21
8	300	146.258116250863	22
8	312	148.960253774704	23
8	319	153.755718702923	24
8	321	154.148770971584	25
8	359	170.443475433711	26
8	372	173.623520234469	27
8	383	178.583351970826	28
8	394	184.243228967068	29
8	400	187.249371994209	30
8	405	189.156828366127	31
8	407	189.470537404562	32
8	426	200.568324221672	33
8	433	201.933049402669	34
8	447	207.615851931099	35
8	449	207.861326803486	36
8	461	212.990037576502	37
8	464	213.443948929638	38
8	469	215.021372516483	39
8	496	229.78566251148	40
8	530	254.546316522317	41
8	547	260.195737335194	42
8	549	260.361165386912	43
8	551	260.574026755819	44
8	565	267.831161122302	45
8	582	277.157297494711	46
8	620	294.392493983372	47
8	626	297.894082598028	48
8	647	312.66793552005	49
8	673	329.841598325313	50
8	686	338.468532758684	51
8	691	339.54261319608	52
8	701	346.904302271366	53
8	717	355.486387534391	54
8	722	357.391068004442	55
8	739	365.098112623377	56
8	754	371.515531886263	57
8	764	377.134952847538	58
8	789	394.999129044299	59
8	803	399.198140653214	60
8	827	408.96442708195	61
8	852	421.683947919848	62
8	889	445.852125689072	63
8	902	453.597783819716	64
8	930	472.76641309153	65
8	943	479.300578033993	66
8	949	481.098000188032	67
8	952	481.400115847303	68
8	954	481.575816897642	69
8	959	482.318701589651	70
8	964	483.968021198419	71
8	983	500.432179051291	72
8	991	504.282595399509	73
8	1005	510.968606162725	74
8	1032	529.279707824145	75
8	1043	534.320257881912	76
8	1070	548.745838589218	77
8	1093	559.704179204518	78
8	1103	563.567912373915	79
8	1140	581.76981381142	80
8	1145	583.128842092338	81
8	1153	587.573148971465	82
8	1159	588.575770042572	83
8	1162	588.998861724775	84
8	1166	589.475419986518	85
8	1173	590.119978134963	86
8	1203	605.410551196049	87
8	1227	616.561856823015	88
8	1263	638.847605116149	89
8	1267	639.427957147477	90
8	1275	642.497781790263	91
8	1282	644.646477202745	92
8	1318	666.267596247695	93
8	1330	669.536513507616	94
8	1338	671.422669760285	95
8	1361	682.417805003379	96
8	1386	695.849830929117	97
8	1409	703.047085035704	98
8	1425	712.111570113578	99
8	1427	712.321926753533	100
8	1436	716.608907892121	101
8	1451	724.941793964228	102
8	1473	733.758373389219	103
8	1514	762.72708791753	104
8	1524	767.70002524218	105
8	1537	776.780153567862	106
8	1543	780.148814878511	107
8	1570	801.814927505115	108
8	1582	808.438511099051	109
8	1588	811.453658388942	110
8	1594	814.478903854604	111
8	1600	815.463945327112	112
8	1609	821.514591254462	113
8	1611	821.837878828755	114
8	1613	822.063140815895	115
8	1629	833.602998733527	116
8	1642	841.38574851567	117
8	1677	860.950940688826	118
8	1686	864.169073216621	119
8	1702	873.413829253902	120
8	1720	882.555584725155	121
8	1732	889.274638322785	122
8	1755	901.389599208766	123
8	1764	905.737190026465	124
8	1785	911.635548221434	125
8	1803	920.740047454063	126
8	1823	929.590529610471	127
8	1834	933.382777667119	128
8	1839	935.06143519766	129
8	1851	937.801331350602	130
8	1857	938.863351759809	131
8	1868	942.299765199121	132
8	1883	947.89395036222	133
8	1902	958.185106665253	134
8	1911	965.259542145769	135
8	1933	975.043839802992	136
8	1956	988.297546702773	137
8	1958	988.596568510286	138
8	1973	995.754159369531	139
8	1978	997.486690435055	140
9	38	20.975808568588	1
9	52	26.920009304533	2
9	69	38.602904647095	3
9	75	40.259483488984	4
9	143	67.439152135206	5
9	158	74.234961119488	6
9	212	111.797417889457	7
9	271	136.408518287572	8
9	277	137.641385733592	9
9	288	140.716977285408	10
9	301	146.310343638666	11
9	395	184.337704801633	12
9	401	187.418016565395	13
9	434	202.099186051682	14
9	470	215.126205107395	15
9	531	254.678462463621	16
9	552	260.729412032734	17
9	648	312.749028493401	18
9	674	329.876161973499	19
9	687	338.519849683708	20
9	692	339.655350733835	21
9	702	346.954822243572	22
9	740	365.274680592958	23
9	790	395.16542079678	24
9	804	399.340474577423	25
9	903	453.769273679819	26
9	931	472.827556499743	27
9	960	482.472409667127	28
9	965	484.035504604635	29
9	1006	511.038440160758	30
9	1044	534.447087763536	31
9	1141	581.799529833695	32
9	1146	583.207527703342	33
9	1167	589.557966395114	34
9	1204	605.450202043833	35
9	1276	642.625728962234	36
9	1339	671.505012974078	37
9	1410	703.071543993815	38
9	1437	716.779133557183	39
9	1474	733.815309784823	40
9	1515	762.816338840688	41
9	1538	776.948989807729	42
9	1571	801.953528718189	43
9	1583	808.543265400165	44
9	1601	815.559136112083	45
9	1630	833.638075749652	46
9	1703	873.59427155975	47
9	1756	901.410049102287	48
9	1804	920.762349717209	49
9	1824	929.667153486801	50
9	1840	935.133094186353	51
9	1852	938.007328555927	52
9	1974	995.951954624785	53
10	38	20.975808568588	1.936220476075
10	52	26.920009304533	2.042086402263
10	69	38.602904647095	1.399074879061
10	75	40.259483488984	1.990585913039
10	143	67.439152135206	2.0742353648
10	158	74.234961119488	1.859618685762
10	212	111.797417889457	2.642457197842
10	271	136.408518287572	2.275491352025
10	277	137.641385733592	1.801158954212
10	288	140.716977285408	1.851412460706
10	301	146.310343638666	2.573989579205
10	395	184.337704801633	2.425768405446
10	401	187.418016565395	1.662503473903
10	434	202.099186051682	1.877625691829
10	470	215.126205107395	2.518650196537
10	531	254.678462463621	1.66406805817
10	552	260.729412032734	2.225819904647
10	648	312.749028493401	2.216038428775
10	674	329.876161973499	1.732175498854
10	687	338.519849683708	2.401765904552
10	692	339.655350733835	1.639309883483
10	702	346.954822243572	2.053768796607
10	740	365.274680592958	2.377809054903
10	790	395.16542079678	2.049906675143
10	804	399.340474577423	1.323268339386
10	903	453.769273679819	2.307573241146
10	931	472.827556499743	2.281424920154
10	960	482.472409667127	1.823648988961
10	965	484.035504604635	1.912687706787
10	1006	511.038440160758	2.657208442609
10	1044	534.447087763536	2.143145562657
10	1141	581.799529833695	2.10392159788
10	1146	583.207527703342	1.9087811478449
10	1167	589.557966395114	2.480465128932
10	1204	605.450202043833	1.519859442071
10	1276	642.625728962234	2.2964083231781
10	1339	671.505012974078	2.4597599581081
10	1410	703.071543993815	2.835924333201
10	1437	716.779133557183	1.552963116832
10	1474	733.815309784823	2.002304286998
10	1515	762.816338840688	1.913056224953
10	1538	776.948989807729	1.9039907531819
10	1571	801.953528718189	1.56022684341
10	1583	808.543265400165	2.110227780213
10	1601	815.559136112083	1.5052536176
10	1630	833.638075749652	1.490873803501
10	1703	873.59427155975	1.6779424740099
10	1756	901.410049102287	1.551528228786
10	1804	920.762349717209	1.8626478020819
10	1824	929.667153486801	2.1125034623781
10	1840	935.133094186353	2.1464557733971
10	1852	938.007328555927	2.344744959709
10	1974	995.951954624785	2.110743751773

