version 3
run General-4-20231019-18:57:58-54425
attr configname General
attr datetime 20231019-18:57:58
attr datetimef 20231019-185758
attr experiment General
attr inifile omnetpp.ini
attr iterationvars ""
attr iterationvarsd ""
attr iterationvarsf ""
attr measurement ""
attr network Multihop
attr processid 54425
attr repetition 4
attr replication #4
attr resultdir results
attr runnumber 4
attr seedset 4
config network Multihop
config Multihop.node[*].transmissionTime "uniform(1s, 2s)"
config Multihop.node[*].delayTime "uniform(0.01s, 0.2s)"
config Multihop.node[0].lossProbability 0.3
config Multihop.node[1].lossProbability 0.3
config Multihop.node[2].lossProbability 0.3
config Multihop.node[3].lossProbability 0.3/2
config Multihop.node[4].lossProbability 0.3/2
config Multihop.node[5].lossProbability 0.3*2
config Multihop.node[6].lossProbability 0.3*2
config Multihop.node[7].lossProbability 0.3*3
config record-eventlog true
config sim-time-limit 1000s
config repeat 5

vector 0 Multihop.node[0] txVector ETV
vector 1 Multihop.node[2] rxVector ETV
vector 2 Multihop.node[2] txVector ETV
vector 3 Multihop.node[4] rxVector ETV
vector 4 Multihop.node[4] txVector ETV
vector 5 Multihop.node[1] rxVector ETV
vector 6 Multihop.node[1] txVector ETV
vector 7 Multihop.node[6] rxVector ETV
vector 8 Multihop.node[6] txVector ETV
vector 9 Multihop.node[3] rxVector ETV
vector 10 Multihop.node[3] txVector ETV
vector 11 Multihop.node[5] rxVector ETV
vector 12 Multihop.node[5] txVector ETV
vector 13 Multihop.node[7] rxVector ETV
vector 14 Multihop.node[7] e2eVector ETV
0	0	0	1
0	1	0.193735669288	2
0	5	2.094357123985	3
0	6	4.070631578718	4
0	9	5.076861835704	5
0	13	6.274546907437	6
0	17	7.887072250633	7
0	19	9.673378234882	8
0	20	11.114726768261	9
0	26	12.180436307019	10
0	27	13.338659714595	11
0	28	14.88386236845	12
0	29	16.408266452527	13
0	35	18.045876701283	14
0	37	19.513627054323	15
0	38	21.068367918874	16
0	39	22.693298768871	17
0	42	24.588799930564	18
0	43	26.086594051369	19
0	49	27.269039452462	20
0	52	29.115761724221	21
0	54	30.195740964184	22
0	55	31.928334416276	23
0	59	33.822985709565	24
0	62	35.414859355347	25
0	63	36.935533756776	26
0	70	38.242546428381	27
0	72	39.724006371726	28
0	73	41.074291585865	29
0	77	42.263317339741	30
0	79	43.400243157907	31
0	80	45.302665016767	32
0	81	47.28228127995	33
0	85	48.905850118645	34
0	86	49.909771015788	35
0	91	51.372100378074	36
0	95	52.462242100541	37
0	96	54.435520097999	38
0	102	55.475611219568	39
0	105	56.610356865603	40
0	113	58.541771133117	41
0	115	60.532567950118	42
0	117	62.286423399964	43
0	118	63.375196260553	44
0	122	65.204614208931	45
0	124	66.499246767409	46
0	128	67.8218217475	47
0	129	69.549550418894	48
0	133	71.239335712896	49
0	136	72.391221315519	50
0	137	73.703426349594	51
0	138	74.821871869185	52
0	139	76.197212014266	53
0	140	77.22698601234	54
0	146	78.764767681865	55
0	151	80.512016124941	56
0	152	81.917775338899	57
0	153	83.889478660106	58
0	154	84.933401168241	59
0	158	86.218645761871	60
0	161	87.675584998365	61
0	162	89.186972284374	62
0	165	91.135298165643	63
0	166	92.68410328814	64
0	171	94.283900777727	65
0	177	96.237856751924	66
0	178	98.073731289396	67
0	179	99.602803672116	68
0	180	101.015844715444	69
0	181	102.078411621192	70
0	185	103.274436014622	71
0	186	104.910570028854	72
0	187	106.043412035481	73
0	194	107.126119646394	74
0	200	108.293849856976	75
0	201	110.024065188283	76
0	205	111.620568465127	77
0	209	113.288022994215	78
0	214	114.552938717336	79
0	218	115.585998184898	80
0	221	117.394247907599	81
0	224	118.713673098631	82
0	225	120.285497792218	83
0	233	121.436987041183	84
0	234	122.438342912508	85
0	243	123.97779110555	86
0	245	125.134884572974	87
0	250	126.439700281634	88
0	252	128.174219460846	89
0	257	129.375201764205	90
0	258	130.715567926099	91
0	259	131.793439129987	92
0	261	132.851020469018	93
0	266	134.401167896497	94
0	267	135.851975630657	95
0	271	136.925958074783	96
0	275	138.525490294364	97
0	280	140.028044814397	98
0	288	141.831540815685	99
0	292	143.146124460887	100
0	297	144.648789945444	101
0	298	146.342134436745	102
0	302	148.143848526444	103
0	303	149.708705631703	104
0	306	150.827850527981	105
0	308	152.487708777342	106
0	313	154.321826118663	107
0	317	156.002515153647	108
0	321	157.861234024087	109
0	323	159.043309030509	110
0	325	160.228575310357	111
0	327	162.192324752141	112
0	329	164.086350466976	113
0	333	165.194797112294	114
0	339	166.299718579663	115
0	342	167.475732061932	116
0	345	168.774059057621	117
0	353	169.805015961326	118
0	354	171.715076628992	119
0	358	173.015138470255	120
0	362	174.728555900896	121
0	373	176.016678711087	122
0	379	177.798353532482	123
0	382	179.582641019872	124
0	384	181.22150549401	125
0	385	183.128067326652	126
0	389	184.509472312791	127
0	393	185.924190058525	128
0	394	187.167569365504	129
0	397	188.942494002555	130
0	398	190.436760694405	131
0	403	192.163842491956	132
0	404	193.796882562024	133
0	405	194.810778567485	134
0	406	196.798964987892	135
0	409	198.015306362101	136
0	410	199.353057301986	137
0	412	200.972707650076	138
0	416	202.55746998164	139
0	417	204.139990061905	140
0	418	205.64490239896	141
0	422	207.007451592629	142
0	423	208.120988786138	143
0	424	209.341917646035	144
0	425	211.332585462752	145
0	430	213.252235677709	146
0	433	214.889286746188	147
0	439	216.035598352236	148
0	440	217.131643498234	149
0	451	218.577977119397	150
0	453	220.370481582043	151
0	455	221.668494682211	152
0	456	222.891611050034	153
0	458	224.68945948492	154
0	461	225.760197471047	155
0	462	227.459831852384	156
0	466	228.639761959586	157
0	469	229.69695467936	158
0	470	231.238806135404	159
0	471	232.369478459154	160
0	478	234.17394545666	161
0	479	235.710425687405	162
0	480	237.358518557074	163
0	481	238.383584843865	164
0	485	239.610447124262	165
0	486	240.732360719154	166
0	488	242.271381799048	167
0	492	243.978953329064	168
0	496	245.663610902531	169
0	498	247.598439925732	170
0	500	249.289635573896	171
0	511	250.514870864023	172
0	515	251.614715242442	173
0	521	253.149227846796	174
0	525	254.292201756649	175
0	529	255.335407253737	176
0	530	257.258440990616	177
0	537	259.183993808842	178
0	538	260.90793710799	179
0	543	262.72835200551	180
0	547	264.636126157977	181
0	549	266.202319334643	182
0	551	267.441604277501	183
0	552	269.105874336939	184
0	556	270.470503690336	185
0	557	271.741700528804	186
0	560	273.517786907647	187
0	565	275.432785377521	188
0	567	277.27872970459	189
0	573	278.485627954276	190
0	574	280.279437914872	191
0	581	282.195767756467	192
0	582	283.857661561956	193
0	583	285.839701084568	194
0	586	287.518605384425	195
0	592	288.7243751105	196
0	593	290.721640184669	197
0	601	292.021728389345	198
0	602	293.825696729271	199
0	603	294.990597141821	200
0	607	296.559642733688	201
0	618	298.446979527509	202
0	624	299.983632575868	203
0	628	301.291310217845	204
0	633	303.18010841837	205
0	634	305.125147813613	206
0	635	306.873323193433	207
0	638	308.436250650006	208
0	642	310.20425991007	209
0	650	311.685849433214	210
0	652	313.66966529671	211
0	656	315.138632136778	212
0	661	316.787506391442	213
0	667	318.15251770025	214
0	668	319.619502238611	215
0	670	321.302376439942	216
0	671	323.185434633082	217
0	672	324.9830135346	218
0	674	326.497655319663	219
0	678	328.10198535459	220
0	684	329.893706464124	221
0	689	331.509030820717	222
0	694	333.029911114051	223
0	700	334.548406464894	224
0	704	336.366488661765	225
0	709	337.49179302846	226
0	713	339.132584418086	227
0	714	340.62020403115	228
0	716	341.656553443204	229
0	721	343.142667710231	230
0	726	344.208083397392	231
0	728	345.271096254848	232
0	729	347.214447625363	233
0	731	348.823038061764	234
0	737	349.933742834171	235
0	742	351.282963711917	236
0	747	352.772671378366	237
0	749	354.44859443806	238
0	750	356.027358202412	239
0	756	357.842696852898	240
0	757	359.178151345728	241
0	758	360.301598110385	242
0	760	361.976125885648	243
0	762	363.317885953849	244
0	766	365.309689943129	245
0	768	367.084292473886	246
0	769	368.224629646316	247
0	770	369.479996689278	248
0	773	371.040109673663	249
0	780	372.795924663692	250
0	785	374.581919124265	251
0	786	376.128932563037	252
0	790	377.190413564358	253
0	791	379.080927542325	254
0	792	380.995045619698	255
0	798	382.031950305596	256
0	805	383.748162080914	257
0	811	385.610209010456	258
0	816	387.609970143445	259
0	820	388.99065067401	260
0	821	390.649035963377	261
0	823	392.499678670576	262
0	828	394.14259204842	263
0	836	395.206866089402	264
0	837	396.876159150534	265
0	838	398.647110668857	266
0	839	400.340994666711	267
0	843	402.311258791861	268
0	845	403.98600815717	269
0	851	405.796028397892	270
0	852	407.077762746865	271
0	853	408.874203628775	272
0	855	410.414536043451	273
0	861	411.547505501107	274
0	865	413.347507462752	275
0	869	414.588566638212	276
0	871	415.952393574556	277
0	875	417.033158302689	278
0	876	418.619251293512	279
0	881	420.603381833443	280
0	882	421.816378265069	281
0	884	423.650956482309	282
0	885	424.8080679359	283
0	891	426.647911355048	284
0	896	427.990684877764	285
0	897	429.594168288083	286
0	903	430.711370102278	287
0	907	432.475517357382	288
0	910	434.442531427284	289
0	914	436.08103269074	290
0	917	437.884258309993	291
0	921	439.526237991554	292
0	924	441.493649852378	293
0	925	443.004162633242	294
0	927	444.181578200925	295
0	928	446.057939766589	296
0	930	447.878695531431	297
0	932	449.53107732363	298
0	933	451.52393911561	299
0	934	452.623028921112	300
0	938	454.150900812037	301
0	939	455.313948923638	302
0	940	457.255779269533	303
0	945	458.800055532399	304
0	946	460.761731728129	305
0	951	462.611939221304	306
0	953	464.034086285075	307
0	956	465.425848573828	308
0	958	467.16270235056	309
0	962	468.278506070291	310
0	963	469.389595824442	311
0	964	470.934638706883	312
0	965	472.310497841248	313
0	966	473.765285594538	314
0	969	475.414882565765	315
0	975	476.788463572888	316
0	976	478.372258755062	317
0	981	479.998364458475	318
0	989	481.46955933786	319
0	990	483.329492974244	320
0	992	484.751922001513	321
0	996	486.498624867676	322
0	1000	487.657823151592	323
0	1005	488.776384794535	324
0	1007	489.917803463908	325
0	1008	491.377184354151	326
0	1012	493.084787049946	327
0	1015	494.312645788221	328
0	1016	496.09924900081	329
0	1017	497.608055564957	330
0	1021	499.292157052001	331
0	1025	500.541350966701	332
0	1027	501.545621974542	333
0	1028	502.869228302417	334
0	1029	504.46132826494	335
0	1031	506.292150542521	336
0	1032	508.117473774039	337
0	1033	509.720612093721	338
0	1037	511.19589677235	339
0	1042	512.512312126494	340
0	1044	513.902232767696	341
0	1049	515.211104404562	342
0	1053	516.284634504615	343
0	1054	517.991315203168	344
0	1063	519.065226002977	345
0	1065	520.962471163048	346
0	1071	522.500599626367	347
0	1072	523.971061819614	348
0	1073	525.26137645767	349
0	1075	527.101755093233	350
0	1082	528.927181381182	351
0	1083	530.492390231843	352
0	1085	532.200984488622	353
0	1087	533.943683979482	354
0	1091	535.186089351688	355
0	1092	536.579017164799	356
0	1093	538.007569182113	357
0	1095	539.286178216485	358
0	1096	540.388584503585	359
0	1100	542.256223008882	360
0	1104	543.359648523533	361
0	1105	544.411395427219	362
0	1107	545.797933558382	363
0	1108	547.723893124059	364
0	1110	549.164825658927	365
0	1114	550.932491962713	366
0	1116	552.708427960667	367
0	1117	554.154245201647	368
0	1123	555.255605939226	369
0	1127	557.13534986685	370
0	1133	558.675614739451	371
0	1139	559.789793284991	372
0	1144	561.177060143239	373
0	1145	562.388541008727	374
0	1150	564.155807623788	375
0	1152	565.247468575518	376
0	1154	566.784693894125	377
0	1162	568.025043539851	378
0	1166	569.386394245698	379
0	1174	570.529657212932	380
0	1178	571.750484981954	381
0	1179	572.921295957554	382
0	1181	574.565439341038	383
0	1182	576.168283308072	384
0	1186	577.468813726826	385
0	1187	579.108359917913	386
0	1188	580.839170860507	387
0	1194	582.463769624856	388
0	1201	584.068353738085	389
0	1205	585.348691658265	390
0	1206	586.924555615204	391
0	1210	588.321089536798	392
0	1212	589.892903697592	393
0	1217	591.653468821346	394
0	1223	593.423151972852	395
0	1225	594.838358691809	396
0	1226	596.078838788587	397
0	1233	597.669806815367	398
0	1234	599.190508364383	399
0	1236	600.329333794918	400
0	1243	601.806119468678	401
0	1249	602.962530841967	402
0	1253	604.014393330701	403
0	1256	605.848907126729	404
0	1260	607.357384641804	405
0	1262	608.58750392139	406
0	1268	609.95655765283	407
0	1272	611.9321880838	408
0	1281	613.782171228584	409
0	1282	615.555523153544	410
0	1283	617.37620270826	411
0	1287	618.78324447983	412
0	1288	620.040545553817	413
0	1293	621.955957954433	414
0	1294	623.299089930868	415
0	1296	624.5075223317	416
0	1297	625.509699737337	417
0	1300	627.352231417699	418
0	1306	628.500527457949	419
0	1307	630.061731481375	420
0	1308	631.093581595607	421
0	1314	632.841544268569	422
0	1323	634.055687131742	423
0	1324	635.916978315134	424
0	1326	637.683443610939	425
0	1329	639.351151328451	426
0	1331	640.888798782985	427
0	1335	642.072853275259	428
0	1340	643.616625286323	429
0	1343	644.918693927499	430
0	1347	646.557673873064	431
0	1349	647.767883874626	432
0	1351	649.038049666128	433
0	1353	650.158745994708	434
0	1357	651.77393774773	435
0	1359	652.950604627989	436
0	1360	654.321326069683	437
0	1364	655.442767794626	438
0	1365	656.758770096731	439
0	1366	658.508149068952	440
0	1369	660.187967376234	441
0	1370	661.3618325241	442
0	1372	663.16888232544	443
0	1373	665.049453528048	444
0	1381	666.597238616468	445
0	1383	667.873815490547	446
0	1386	669.322883339282	447
0	1387	671.286115398081	448
0	1388	673.053721431326	449
0	1392	674.954200171549	450
0	1398	676.892338941023	451
0	1400	678.231721504508	452
0	1408	679.440169959944	453
0	1409	680.474940843564	454
0	1410	681.893131198045	455
0	1415	683.624723902354	456
0	1422	685.069905170156	457
0	1423	686.180805908665	458
0	1428	687.309275656389	459
0	1429	688.378991157897	460
0	1430	690.342791636624	461
0	1432	691.967008547541	462
0	1434	693.242911036741	463
0	1440	694.957736912798	464
0	1442	696.594150537075	465
0	1444	697.920184119753	466
0	1447	699.31128895088	467
0	1448	700.860907524274	468
0	1450	701.909811675697	469
0	1454	703.277394824111	470
0	1458	705.251905569722	471
0	1460	706.647646543252	472
0	1462	707.734218252971	473
0	1469	708.776156069626	474
0	1471	710.198229942153	475
0	1472	711.469571900003	476
0	1479	713.219071304573	477
0	1480	714.377793078691	478
0	1484	715.989848688625	479
0	1488	717.069201405075	480
0	1491	718.798823446416	481
0	1496	719.910544123881	482
0	1497	721.856145130385	483
0	1498	723.047945314234	484
0	1505	724.592045681931	485
0	1507	725.958929867165	486
0	1509	727.698474117236	487
0	1511	729.687753748994	488
0	1513	731.218933605736	489
0	1514	733.179836707802	490
0	1518	734.224675629202	491
0	1523	735.810136251531	492
0	1527	736.901734678221	493
0	1531	738.009731675644	494
0	1533	739.660932987376	495
0	1536	741.372358390975	496
0	1537	742.739006722027	497
0	1538	744.427357019072	498
0	1543	745.935340611178	499
0	1546	747.215796453792	500
0	1547	748.742668067252	501
0	1552	750.718099136751	502
0	1556	751.983752332542	503
0	1561	753.222388002936	504
0	1563	754.35390085602	505
0	1567	756.102647500958	506
0	1569	758.066519481044	507
0	1571	759.335290568096	508
0	1573	760.657863427799	509
0	1579	762.518314142858	510
0	1583	764.000614118443	511
0	1586	765.752674545773	512
0	1587	766.902577445057	513
0	1591	768.031967692456	514
0	1592	769.4353599147	515
0	1594	770.761645580322	516
0	1599	771.840616268019	517
0	1603	773.473416086665	518
0	1605	774.65529659405	519
0	1611	776.128256898985	520
0	1620	777.445843812923	521
0	1622	779.383216957708	522
0	1626	780.625307645097	523
0	1630	782.132846309019	524
0	1632	783.786281118316	525
0	1633	784.962408536493	526
0	1634	786.51027436895	527
0	1640	787.880395140878	528
0	1641	789.834215790645	529
0	1646	791.662770982279	530
0	1648	793.442087559408	531
0	1649	794.451385586668	532
0	1650	796.122582362645	533
0	1655	797.783970948455	534
0	1656	799.757705332625	535
0	1660	801.319643046155	536
0	1667	802.617663447892	537
0	1669	803.682049454802	538
0	1670	805.496656892269	539
0	1671	807.041886833876	540
0	1677	808.161492646586	541
0	1684	809.39837307032	542
0	1689	810.857451073041	543
0	1693	812.680711766852	544
0	1694	814.675609010186	545
0	1698	816.035970810249	546
0	1701	817.453996263591	547
0	1705	819.186813329726	548
0	1706	820.2759255617	549
0	1710	821.884759547103	550
0	1711	823.446500579042	551
0	1718	824.980984754774	552
0	1722	826.256254623092	553
0	1723	828.074045605405	554
0	1729	829.992420811119	555
0	1731	831.760590027232	556
0	1736	832.947252626676	557
0	1737	834.283365750365	558
0	1739	836.086970220698	559
0	1745	837.12211176558	560
0	1749	838.938945894507	561
0	1750	840.187518097838	562
0	1752	842.146881608437	563
0	1754	844.058695989805	564
0	1755	845.364104545586	565
0	1756	847.166145618217	566
0	1757	848.41069967477	567
0	1758	849.482529029161	568
0	1759	850.493283816757	569
0	1763	851.901878347066	570
0	1764	853.395062504248	571
0	1770	855.015852198615	572
0	1776	856.729775088751	573
0	1778	858.704474737081	574
0	1779	860.451739524636	575
0	1780	862.196140309242	576
0	1784	863.282968783197	577
0	1791	864.768732694355	578
0	1793	865.853858503658	579
0	1800	867.259819952683	580
0	1804	868.964559770567	581
0	1805	870.177727603499	582
0	1811	871.387348987075	583
0	1812	873.000639468577	584
0	1814	874.019678628451	585
0	1815	875.973507263611	586
0	1817	877.808245650406	587
0	1821	879.524839858205	588
0	1825	881.023629811971	589
0	1828	882.843249176542	590
0	1831	884.402745884291	591
0	1835	886.229316236598	592
0	1841	887.439777395369	593
0	1842	888.651241063753	594
0	1845	890.541994282424	595
0	1848	891.746301059292	596
0	1855	893.609255753837	597
0	1860	895.534654530843	598
0	1864	896.566200044153	599
0	1865	897.807220842603	600
0	1867	899.306330196007	601
0	1868	900.957502410428	602
0	1870	902.75612113104	603
0	1871	903.964323913826	604
0	1872	905.753964964448	605
0	1873	906.928377944891	606
0	1874	908.268026819135	607
0	1878	910.166902288477	608
0	1879	911.458672629352	609
0	1883	912.536990217082	610
0	1886	913.972331919158	611
0	1887	915.726764578289	612
0	1890	917.504059424773	613
0	1894	919.037261969326	614
0	1895	920.115490014115	615
0	1899	921.688242060979	616
0	1903	923.354791442081	617
0	1906	925.044418834997	618
0	1910	926.54942734112	619
0	1912	927.622641173107	620
0	1913	928.815277369376	621
0	1919	930.625772721283	622
0	1920	932.62097964311	623
0	1922	934.083953379104	624
0	1928	935.472357853698	625
0	1931	936.611331846249	626
0	1939	938.296359087956	627
0	1940	940.215267270022	628
0	1941	941.979025789686	629
0	1944	943.335044769953	630
0	1945	944.384645956253	631
0	1952	946.039872091181	632
0	1958	948.030465692665	633
0	1959	949.809076754294	634
0	1960	951.581998154672	635
0	1962	953.434671770932	636
0	1963	955.327831864508	637
0	1965	957.204123890877	638
0	1967	958.704749728704	639
0	1968	959.808572928107	640
0	1975	961.0500232658	641
0	1977	962.254514936742	642
0	1981	963.272874109133	643
0	1985	964.480339429726	644
0	1990	966.248360909441	645
0	1993	967.38681180185	646
0	1994	969.245851655177	647
0	2000	970.457703341649	648
0	2004	972.107500572841	649
0	2008	973.40298112986	650
0	2014	975.19018267739	651
0	2018	977.164015235532	652
0	2019	978.82408953613	653
0	2032	980.02226292264	654
0	2037	981.66037839317	655
0	2040	983.54045301365	656
0	2044	985.402266356314	657
0	2045	986.74961896186	658
0	2049	987.945967695129	659
0	2052	989.79789223118	660
0	2058	991.746258075035	661
0	2060	992.812503633939	662
0	2063	994.644890284783	663
0	2070	996.534009905916	664
0	2071	997.903892279754	665
0	2073	999.506179006689	666
1	2	0.398545696514	1
1	7	4.262235498719	2
1	10	5.165546140573	3
1	14	6.302937317621	4
1	21	11.16664148318	5
1	30	16.474063787497	6
1	40	22.75816562013	7
1	44	26.286538116461	8
1	50	27.452632170883	9
1	56	31.967406697401	10
1	60	33.912079276002	11
1	64	37.053317958791	12
1	74	41.155208558775	13
1	82	47.480336835992	14
1	87	49.953333793804	15
1	92	51.480543416645	16
1	97	54.566393369002	17
1	103	55.633982412395	18
1	106	56.685083863042	19
1	119	63.544851404046	20
1	125	66.685891569137	21
1	130	69.732225334906	22
1	134	71.447457927713	23
1	141	77.396981988922	24
1	147	78.81995743646	25
1	155	85.017853900237	26
1	159	86.350296299065	27
1	163	89.256722306368	28
1	167	92.742922449132	29
1	172	94.443951844081	30
1	182	102.106562341698	31
1	188	106.244229067993	32
1	195	107.297757514616	33
1	202	110.128683026642	34
1	206	111.789644504913	35
1	210	113.385815755923	36
1	215	114.654288163637	37
1	219	115.713629391408	38
1	222	117.486310863361	39
1	226	120.399037818447	40
1	235	122.519855784456	41
1	246	125.279919148727	42
1	253	128.273191502653	43
1	262	132.871168838958	44
1	268	135.927368944236	45
1	272	137.064734900997	46
1	276	138.598802359567	47
1	281	140.122921687604	48
1	289	141.906423251516	49
1	293	143.227631453452	50
1	299	146.520755170012	51
1	304	149.818941775373	52
1	309	152.681608512561	53
1	314	154.501471531237	54
1	318	156.074155902466	55
1	330	164.27263417832	56
1	334	165.359955601522	57
1	340	166.494633877349	58
1	343	167.617527466921	59
1	346	168.941129921541	60
1	355	171.904723029559	61
1	359	173.071871725602	62
1	363	174.919104382502	63
1	380	177.99433460734	64
1	386	183.160398204489	65
1	390	184.679639471342	66
1	395	187.349184213367	67
1	399	190.617166052646	68
1	407	197.008844154404	69
1	413	201.103988325101	70
1	419	205.676090582482	71
1	426	211.443887107904	72
1	431	213.410621292199	73
1	434	215.004703254752	74
1	441	217.253120618932	75
1	459	224.718702887599	76
1	463	227.491991389172	77
1	467	228.763373417188	78
1	472	232.44728904568	79
1	482	238.406720519094	80
1	489	242.361697652356	81
1	493	244.042800428181	82
1	501	249.453868385321	83
1	512	250.561081046993	84
1	516	251.752745226452	85
1	522	253.181419498031	86
1	526	254.338252796796	87
1	531	257.396598080418	88
1	539	260.967863756316	89
1	544	262.893750079661	90
1	553	269.305317536276	91
1	558	271.923033754576	92
1	561	273.707702181495	93
1	568	277.377652731288	94
1	575	280.429925157807	95
1	584	285.898779740866	96
1	587	287.706303049066	97
1	594	290.798918192937	98
1	604	295.162128234893	99
1	608	296.60113098323	100
1	619	298.625106673469	101
1	625	300.055003392795	102
1	629	301.356507259811	103
1	636	307.039435345487	104
1	639	308.613591455271	105
1	643	310.310714587349	106
1	653	313.777160742105	107
1	657	315.240657584736	108
1	662	316.951311456923	109
1	675	326.647943751454	110
1	679	328.142955558574	111
1	685	329.931680712201	112
1	690	331.704847002985	113
1	695	333.135766317522	114
1	701	334.638138503301	115
1	705	336.569578225095	116
1	710	337.680993735312	117
1	717	341.709062273891	118
1	722	343.347363011222	119
1	732	348.965371985973	120
1	738	349.964428767648	121
1	743	351.331405103199	122
1	751	356.136984457496	123
1	763	363.339372027183	124
1	771	369.634842549431	125
1	774	371.158366337301	126
1	781	372.870134382259	127
1	787	376.161960335258	128
1	793	381.040828419253	129
1	799	382.208780540566	130
1	806	383.891083639032	131
1	812	385.814390114977	132
1	817	387.657967364032	133
1	824	392.600996321694	134
1	829	394.345381581239	135
1	840	400.406621868369	136
1	846	404.142704871759	137
1	856	410.520863169552	138
1	862	411.753686118479	139
1	866	413.498691089257	140
1	872	416.067223297781	141
1	877	418.775645694875	142
1	886	425.016587559822	143
1	892	426.804622086214	144
1	898	429.802805410006	145
1	904	430.787725123022	146
1	908	432.63749566707	147
1	911	434.511098399762	148
1	915	436.10286116942	149
1	918	437.951527785374	150
1	922	439.649973567921	151
1	935	452.812979333328	152
1	941	457.353324351548	153
1	947	460.864208683271	154
1	954	464.142431427557	155
1	959	467.230243273775	156
1	967	473.914042931013	157
1	970	475.489767539786	158
1	977	478.558191015886	159
1	982	480.05895306786	160
1	993	484.819648808032	161
1	997	486.693669699147	162
1	1001	487.849256817158	163
1	1009	491.403583277553	164
1	1013	493.230331669343	165
1	1018	497.691733213456	166
1	1022	499.427110214604	167
1	1034	509.917016081983	168
1	1038	511.320377931692	169
1	1045	513.948029550871	170
1	1050	515.270551789169	171
1	1055	518.053577292034	172
1	1066	520.982659263551	173
1	1076	527.141431565731	174
1	1088	534.074669162576	175
1	1097	540.527174521526	176
1	1101	542.453651664374	177
1	1111	549.306955491147	178
1	1118	554.183676387202	179
1	1124	555.42759270549	180
1	1128	557.321743336655	181
1	1134	558.847183075637	182
1	1140	559.990250846091	183
1	1146	562.418212695547	184
1	1155	566.961862275532	185
1	1163	568.130194318245	186
1	1167	569.59364738766	187
1	1175	570.588709939097	188
1	1183	576.268149674037	189
1	1189	580.935172032969	190
1	1195	582.661506273887	191
1	1202	584.199864010814	192
1	1207	586.982832699768	193
1	1213	590.013801596822	194
1	1218	591.841594634894	195
1	1227	596.266884865406	196
1	1237	600.396689197403	197
1	1244	601.936995527062	198
1	1250	603.153714181092	199
1	1254	604.074216318662	200
1	1257	605.985039453307	201
1	1263	608.628371051248	202
1	1269	610.015163807469	203
1	1273	612.082015108027	204
1	1284	617.484849705266	205
1	1289	620.115536007174	206
1	1298	625.668435601732	207
1	1301	627.404994520222	208
1	1309	631.2485126782	209
1	1315	632.943147041078	210
1	1327	637.722430548191	211
1	1332	641.008167003881	212
1	1336	642.163826604885	213
1	1341	643.64807416112	214
1	1344	644.968135850076	215
1	1354	650.307071054092	216
1	1361	654.412275999712	217
1	1367	658.534529439188	218
1	1374	665.214322288206	219
1	1384	668.083681371733	220
1	1389	673.091259074083	221
1	1393	675.016436676886	222
1	1401	678.321817541051	223
1	1411	681.92860717536	224
1	1416	683.724642100758	225
1	1424	686.342499108552	226
1	1435	693.398930045189	227
1	1445	698.002148296409	228
1	1451	702.045523007332	229
1	1455	703.471798556947	230
1	1463	707.856112578846	231
1	1473	711.503191788442	232
1	1481	714.577995916419	233
1	1485	716.150073309378	234
1	1489	717.178154619782	235
1	1492	718.92522099512	236
1	1499	723.174987346474	237
1	1515	733.218189307109	238
1	1519	734.425426138691	239
1	1524	735.958442421674	240
1	1528	736.952790852515	241
1	1534	739.6847370389	242
1	1539	744.634711585708	243
1	1544	746.117572345829	244
1	1548	748.840805796073	245
1	1553	750.753110538985	246
1	1557	752.013205851517	247
1	1564	754.487179184757	248
1	1574	760.761703364845	249
1	1580	762.645587396242	250
1	1584	764.209835696937	251
1	1588	767.053104979004	252
1	1595	770.907362622117	253
1	1600	771.904184282217	254
1	1606	774.865021604934	255
1	1612	776.305151660702	256
1	1623	779.410914730336	257
1	1627	780.668622667419	258
1	1635	786.586316578832	259
1	1642	789.928251330633	260
1	1651	796.271978377548	261
1	1657	799.935537421822	262
1	1661	801.48262187453	263
1	1672	807.172677245669	264
1	1678	808.360227679785	265
1	1685	809.522552801015	266
1	1690	810.939750488603	267
1	1695	814.72573673907	268
1	1699	816.18343849432	269
1	1702	817.586477578815	270
1	1707	820.397515073142	271
1	1712	823.481196664607	272
1	1719	825.12311117847	273
1	1724	828.147245528569	274
1	1732	831.921397040464	275
1	1740	836.292690862881	276
1	1746	837.186068032406	277
1	1760	850.607456632784	278
1	1765	853.519759678424	279
1	1771	855.108836367433	280
1	1781	862.355567606022	281
1	1785	863.46969544759	282
1	1794	865.91252190664	283
1	1801	867.362349913894	284
1	1806	870.250990237404	285
1	1818	877.848864190112	286
1	1822	879.633210672338	287
1	1826	881.20808430175	288
1	1829	882.913063089851	289
1	1832	884.515673050922	290
1	1836	886.31211872295	291
1	1843	888.834973934673	292
1	1846	890.58788727605	293
1	1849	891.792621322067	294
1	1856	893.677913790978	295
1	1861	895.563612139141	296
1	1875	908.292517027153	297
1	1880	911.53783268348	298
1	1884	912.687227036694	299
1	1888	915.815171600488	300
1	1891	917.686676420558	301
1	1896	920.270172459576	302
1	1900	921.723285909443	303
1	1904	923.473035311168	304
1	1907	925.074144420959	305
1	1914	928.8406627595	306
1	1923	934.151784937512	307
1	1929	935.50086381502	308
1	1932	936.655732276233	309
1	1942	942.166465630681	310
1	1946	944.526598675716	311
1	1953	946.065129923668	312
1	1969	960.000764538641	313
1	1978	962.4629716432	314
1	1982	963.42818617608	315
1	1986	964.520490661781	316
1	1991	966.356217352365	317
1	1995	969.3286967633	318
1	2001	970.655035473973	319
1	2005	972.174092518723	320
1	2009	973.471669310919	321
1	2015	975.227071149614	322
1	2020	978.929761073763	323
1	2033	980.093782616561	324
1	2038	981.696070649684	325
1	2041	983.741290873771	326
1	2046	986.869954057119	327
1	2050	987.976576436835	328
1	2053	989.95086165996	329
1	2061	992.923010112906	330
1	2064	994.81874405596	331
1	2074	999.657215886871	332
2	2	0.398545696514	1
2	7	4.262235498719	2
2	10	5.165546140573	3
2	14	6.302937317621	4
2	21	11.16664148318	5
2	30	16.474063787497	6
2	40	22.75816562013	7
2	44	26.286538116461	8
2	50	27.452632170883	9
2	56	31.967406697401	10
2	60	33.912079276002	11
2	64	37.053317958791	12
2	74	41.155208558775	13
2	82	47.480336835992	14
2	87	49.953333793804	15
2	92	51.480543416645	16
2	97	54.566393369002	17
2	103	55.633982412395	18
2	106	56.685083863042	19
2	119	63.544851404046	20
2	125	66.685891569137	21
2	130	69.732225334906	22
2	134	71.447457927713	23
2	141	77.396981988922	24
2	147	78.81995743646	25
2	155	85.017853900237	26
2	159	86.350296299065	27
2	163	89.256722306368	28
2	167	92.742922449132	29
2	172	94.443951844081	30
2	182	102.106562341698	31
2	188	106.244229067993	32
2	195	107.297757514616	33
2	202	110.128683026642	34
2	206	111.789644504913	35
2	210	113.385815755923	36
2	215	114.654288163637	37
2	219	115.713629391408	38
2	222	117.486310863361	39
2	226	120.399037818447	40
2	235	122.519855784456	41
2	246	125.279919148727	42
2	253	128.273191502653	43
2	262	132.871168838958	44
2	268	135.927368944236	45
2	272	137.064734900997	46
2	276	138.598802359567	47
2	281	140.122921687604	48
2	289	141.906423251516	49
2	293	143.227631453452	50
2	299	146.520755170012	51
2	304	149.818941775373	52
2	309	152.681608512561	53
2	314	154.501471531237	54
2	318	156.074155902466	55
2	330	164.27263417832	56
2	334	165.359955601522	57
2	340	166.494633877349	58
2	343	167.617527466921	59
2	346	168.941129921541	60
2	355	171.904723029559	61
2	359	173.071871725602	62
2	363	174.919104382502	63
2	380	177.99433460734	64
2	386	183.160398204489	65
2	390	184.679639471342	66
2	395	187.349184213367	67
2	399	190.617166052646	68
2	407	197.008844154404	69
2	413	201.103988325101	70
2	419	205.676090582482	71
2	426	211.443887107904	72
2	431	213.410621292199	73
2	434	215.004703254752	74
2	441	217.253120618932	75
2	459	224.718702887599	76
2	463	227.491991389172	77
2	467	228.763373417188	78
2	472	232.44728904568	79
2	482	238.406720519094	80
2	489	242.361697652356	81
2	493	244.042800428181	82
2	501	249.453868385321	83
2	512	250.561081046993	84
2	516	251.752745226452	85
2	522	253.181419498031	86
2	526	254.338252796796	87
2	531	257.396598080418	88
2	539	260.967863756316	89
2	544	262.893750079661	90
2	553	269.305317536276	91
2	558	271.923033754576	92
2	561	273.707702181495	93
2	568	277.377652731288	94
2	575	280.429925157807	95
2	584	285.898779740866	96
2	587	287.706303049066	97
2	594	290.798918192937	98
2	604	295.162128234893	99
2	608	296.60113098323	100
2	619	298.625106673469	101
2	625	300.055003392795	102
2	629	301.356507259811	103
2	636	307.039435345487	104
2	639	308.613591455271	105
2	643	310.310714587349	106
2	653	313.777160742105	107
2	657	315.240657584736	108
2	662	316.951311456923	109
2	675	326.647943751454	110
2	679	328.142955558574	111
2	685	329.931680712201	112
2	690	331.704847002985	113
2	695	333.135766317522	114
2	701	334.638138503301	115
2	705	336.569578225095	116
2	710	337.680993735312	117
2	717	341.709062273891	118
2	722	343.347363011222	119
2	732	348.965371985973	120
2	738	349.964428767648	121
2	743	351.331405103199	122
2	751	356.136984457496	123
2	763	363.339372027183	124
2	771	369.634842549431	125
2	774	371.158366337301	126
2	781	372.870134382259	127
2	787	376.161960335258	128
2	793	381.040828419253	129
2	799	382.208780540566	130
2	806	383.891083639032	131
2	812	385.814390114977	132
2	817	387.657967364032	133
2	824	392.600996321694	134
2	829	394.345381581239	135
2	840	400.406621868369	136
2	846	404.142704871759	137
2	856	410.520863169552	138
2	862	411.753686118479	139
2	866	413.498691089257	140
2	872	416.067223297781	141
2	877	418.775645694875	142
2	886	425.016587559822	143
2	892	426.804622086214	144
2	898	429.802805410006	145
2	904	430.787725123022	146
2	908	432.63749566707	147
2	911	434.511098399762	148
2	915	436.10286116942	149
2	918	437.951527785374	150
2	922	439.649973567921	151
2	935	452.812979333328	152
2	941	457.353324351548	153
2	947	460.864208683271	154
2	954	464.142431427557	155
2	959	467.230243273775	156
2	967	473.914042931013	157
2	970	475.489767539786	158
2	977	478.558191015886	159
2	982	480.05895306786	160
2	993	484.819648808032	161
2	997	486.693669699147	162
2	1001	487.849256817158	163
2	1009	491.403583277553	164
2	1013	493.230331669343	165
2	1018	497.691733213456	166
2	1022	499.427110214604	167
2	1034	509.917016081983	168
2	1038	511.320377931692	169
2	1045	513.948029550871	170
2	1050	515.270551789169	171
2	1055	518.053577292034	172
2	1066	520.982659263551	173
2	1076	527.141431565731	174
2	1088	534.074669162576	175
2	1097	540.527174521526	176
2	1101	542.453651664374	177
2	1111	549.306955491147	178
2	1118	554.183676387202	179
2	1124	555.42759270549	180
2	1128	557.321743336655	181
2	1134	558.847183075637	182
2	1140	559.990250846091	183
2	1146	562.418212695547	184
2	1155	566.961862275532	185
2	1163	568.130194318245	186
2	1167	569.59364738766	187
2	1175	570.588709939097	188
2	1183	576.268149674037	189
2	1189	580.935172032969	190
2	1195	582.661506273887	191
2	1202	584.199864010814	192
2	1207	586.982832699768	193
2	1213	590.013801596822	194
2	1218	591.841594634894	195
2	1227	596.266884865406	196
2	1237	600.396689197403	197
2	1244	601.936995527062	198
2	1250	603.153714181092	199
2	1254	604.074216318662	200
2	1257	605.985039453307	201
2	1263	608.628371051248	202
2	1269	610.015163807469	203
2	1273	612.082015108027	204
2	1284	617.484849705266	205
2	1289	620.115536007174	206
2	1298	625.668435601732	207
2	1301	627.404994520222	208
2	1309	631.2485126782	209
2	1315	632.943147041078	210
2	1327	637.722430548191	211
2	1332	641.008167003881	212
2	1336	642.163826604885	213
2	1341	643.64807416112	214
2	1344	644.968135850076	215
2	1354	650.307071054092	216
2	1361	654.412275999712	217
2	1367	658.534529439188	218
2	1374	665.214322288206	219
2	1384	668.083681371733	220
2	1389	673.091259074083	221
2	1393	675.016436676886	222
2	1401	678.321817541051	223
2	1411	681.92860717536	224
2	1416	683.724642100758	225
2	1424	686.342499108552	226
2	1435	693.398930045189	227
2	1445	698.002148296409	228
2	1451	702.045523007332	229
2	1455	703.471798556947	230
2	1463	707.856112578846	231
2	1473	711.503191788442	232
2	1481	714.577995916419	233
2	1485	716.150073309378	234
2	1489	717.178154619782	235
2	1492	718.92522099512	236
2	1499	723.174987346474	237
2	1515	733.218189307109	238
2	1519	734.425426138691	239
2	1524	735.958442421674	240
2	1528	736.952790852515	241
2	1534	739.6847370389	242
2	1539	744.634711585708	243
2	1544	746.117572345829	244
2	1548	748.840805796073	245
2	1553	750.753110538985	246
2	1557	752.013205851517	247
2	1564	754.487179184757	248
2	1574	760.761703364845	249
2	1580	762.645587396242	250
2	1584	764.209835696937	251
2	1588	767.053104979004	252
2	1595	770.907362622117	253
2	1600	771.904184282217	254
2	1606	774.865021604934	255
2	1612	776.305151660702	256
2	1623	779.410914730336	257
2	1627	780.668622667419	258
2	1635	786.586316578832	259
2	1642	789.928251330633	260
2	1651	796.271978377548	261
2	1657	799.935537421822	262
2	1661	801.48262187453	263
2	1672	807.172677245669	264
2	1678	808.360227679785	265
2	1685	809.522552801015	266
2	1690	810.939750488603	267
2	1695	814.72573673907	268
2	1699	816.18343849432	269
2	1702	817.586477578815	270
2	1707	820.397515073142	271
2	1712	823.481196664607	272
2	1719	825.12311117847	273
2	1724	828.147245528569	274
2	1732	831.921397040464	275
2	1740	836.292690862881	276
2	1746	837.186068032406	277
2	1760	850.607456632784	278
2	1765	853.519759678424	279
2	1771	855.108836367433	280
2	1781	862.355567606022	281
2	1785	863.46969544759	282
2	1794	865.91252190664	283
2	1801	867.362349913894	284
2	1806	870.250990237404	285
2	1818	877.848864190112	286
2	1822	879.633210672338	287
2	1826	881.20808430175	288
2	1829	882.913063089851	289
2	1832	884.515673050922	290
2	1836	886.31211872295	291
2	1843	888.834973934673	292
2	1846	890.58788727605	293
2	1849	891.792621322067	294
2	1856	893.677913790978	295
2	1861	895.563612139141	296
2	1875	908.292517027153	297
2	1880	911.53783268348	298
2	1884	912.687227036694	299
2	1888	915.815171600488	300
2	1891	917.686676420558	301
2	1896	920.270172459576	302
2	1900	921.723285909443	303
2	1904	923.473035311168	304
2	1907	925.074144420959	305
2	1914	928.8406627595	306
2	1923	934.151784937512	307
2	1929	935.50086381502	308
2	1932	936.655732276233	309
2	1942	942.166465630681	310
2	1946	944.526598675716	311
2	1953	946.065129923668	312
2	1969	960.000764538641	313
2	1978	962.4629716432	314
2	1982	963.42818617608	315
2	1986	964.520490661781	316
2	1991	966.356217352365	317
2	1995	969.3286967633	318
2	2001	970.655035473973	319
2	2005	972.174092518723	320
2	2009	973.471669310919	321
2	2015	975.227071149614	322
2	2020	978.929761073763	323
2	2033	980.093782616561	324
2	2038	981.696070649684	325
2	2041	983.741290873771	326
2	2046	986.869954057119	327
2	2050	987.976576436835	328
2	2053	989.95086165996	329
2	2061	992.923010112906	330
2	2064	994.81874405596	331
2	2074	999.657215886871	332
3	3	0.534262460156	1
3	11	5.216676166903	2
3	15	6.477039117483	3
3	22	11.34691182573	4
3	24	11.645913276723	5
3	31	16.56947478817	6
3	33	16.68585600962	7
3	45	26.464273854973	8
3	47	26.7138421103	9
3	57	31.999769580904	10
3	65	37.097815672214	11
3	75	41.292805244198	12
3	83	47.629287062467	13
3	88	50.116444089422	14
3	93	51.502524484314	15
3	98	54.592830116273	16
3	107	56.782914605973	17
3	109	56.983243193853	18
3	120	63.629437423981	19
3	126	66.889939653844	20
3	131	69.829215912098	21
3	142	77.535571105031	22
3	144	77.789546656567	23
3	148	78.87705135649	24
3	156	85.118564428916	25
3	168	92.859994612475	26
3	173	94.589331748592	27
3	175	94.815151463988	28
3	183	102.161431139346	29
3	189	106.284086963826	30
3	196	107.324929099096	31
3	203	110.176707186116	32
3	207	111.939991401233	33
3	211	113.451611233833	34
3	216	114.835064814522	35
3	227	120.430005587551	36
3	229	120.612372090455	37
3	236	122.580461265616	38
3	238	122.764805691897	39
3	240	123.020350457551	40
3	247	125.479961926317	41
3	254	128.420791914612	42
3	263	132.919236970562	43
3	269	136.134046199466	44
3	273	137.233613939365	45
3	277	138.6801079525	46
3	282	140.251586963252	47
3	284	140.501025765661	48
3	290	142.08845782536	49
3	294	143.349301264681	50
3	300	146.60544116862	51
3	310	152.834761886719	52
3	315	154.565222105018	53
3	319	156.248089851245	54
3	331	164.426992036546	55
3	335	165.402890707568	56
3	347	169.070284924657	57
3	349	169.24948494091	58
3	356	172.008867423286	59
3	360	173.260108727244	60
3	364	175.013580217067	61
3	366	175.145654013456	62
3	368	175.416972908863	63
3	370	175.666098111474	64
3	372	175.910025869631	65
3	387	183.327138119509	66
3	391	184.703167942114	67
3	400	190.783302701659	68
3	414	201.259448124344	69
3	420	205.865826695318	70
3	427	211.613959073784	71
3	435	215.131669196257	72
3	442	217.304142723024	73
3	444	217.552892673529	74
3	446	217.725367760748	75
3	464	227.52670330679	76
3	473	232.495050270447	77
3	475	232.778316878943	78
3	483	238.451870222592	79
3	490	242.49384359366	80
3	494	244.153657308745	81
3	502	249.498830565708	82
3	504	249.869939172505	83
3	506	249.989001741663	84
3	508	250.185430328703	85
3	513	250.6740785434	86
3	517	251.800557321972	87
3	519	251.973563952328	88
3	523	253.31208334161	89
3	527	254.438034389955	90
3	532	257.518104363927	91
3	534	257.725927860443	92
3	540	261.062729333395	93
3	545	262.936066562806	94
3	554	269.384366152499	95
3	562	273.879764928564	96
3	569	277.419534795745	97
3	571	277.666482168816	98
3	576	280.589126713271	99
3	578	280.827238229157	100
3	588	287.907153086931	101
3	595	290.89728093284	102
3	599	291.530472495198	103
3	605	295.233250699226	104
3	609	296.802350703127	105
3	611	296.869659327858	106
3	613	297.094844841562	107
3	620	298.68923640644	108
3	622	298.972086845013	109
3	626	300.246194926047	110
3	630	301.495862258569	111
3	640	308.72237772931	112
3	644	310.456044332805	113
3	648	310.908480847536	114
3	654	313.960596010109	115
3	658	315.372366548857	116
3	663	317.150402589108	117
3	665	317.437615364814	118
3	676	326.824511721035	119
3	680	328.292615316807	120
3	686	330.086342900676	121
3	691	331.774966782216	122
3	696	333.341597191201	123
3	702	334.741777364934	124
3	706	336.723192521396	125
3	711	337.730945848226	126
3	718	341.913716564961	127
3	723	343.378183214452	128
3	733	349.096023316485	129
3	739	350.064002392522	130
3	744	351.392282567249	131
3	752	356.324579111404	132
3	764	363.53711158609	133
3	775	371.196634240908	134
3	777	371.506096174792	135
3	782	373.027634246942	136
3	788	376.215234062002	137
3	794	381.210851285751	138
3	800	382.23156006452	139
3	802	382.452405125541	140
3	807	384.071400908754	141
3	813	385.845140777014	142
3	818	387.80593292316	143
3	825	392.776915874952	144
3	830	394.525189062614	145
3	832	394.65065779372	146
3	834	394.904117887168	147
3	841	400.435388988604	148
3	847	404.232546286854	149
3	857	410.697058647114	150
3	863	411.904015080521	151
3	867	413.523208513091	152
3	873	416.220931375257	153
3	878	418.843129101091	154
3	887	425.09291023272	155
3	893	426.831719570572	156
3	899	430.00170196443	157
3	901	430.189631925797	158
3	905	430.819810234939	159
3	912	434.704059197289	160
3	919	438.000828435925	161
3	936	452.906652603065	162
3	942	457.430086668418	163
3	948	460.950781550281	164
3	960	467.324050452993	165
3	971	475.570120185219	166
3	973	475.807952601233	167
3	978	478.707256964478	168
3	983	480.216567744556	169
3	985	480.361175947978	170
3	987	480.580640015136	171
3	994	484.962369180541	172
3	998	486.892123334054	173
3	1002	487.943056008087	174
3	1010	491.438509475308	175
3	1019	497.779236891272	176
3	1023	499.59796969994	177
3	1035	510.042420698654	178
3	1039	511.350093953967	179
3	1046	514.001373606993	180
3	1051	515.294958219688	181
3	1056	518.234071258457	182
3	1060	518.779612948261	183
3	1067	521.166393463154	184
3	1077	527.305639508997	185
3	1079	527.538625214646	186
3	1089	534.171063192513	187
3	1098	540.667732099648	188
3	1102	542.640901924093	189
3	1112	549.439229644631	190
3	1119	554.386663832429	191
3	1121	554.710343032218	192
3	1125	555.469007054245	193
3	1129	557.382360931679	194
3	1131	557.618034230398	195
3	1135	558.983344002498	196
3	1137	559.174626828001	197
3	1141	560.012147396649	198
3	1147	562.569805504257	199
3	1156	567.146356226643	200
3	1158	567.346296537431	201
3	1164	568.186047219429	202
3	1168	569.788122709989	203
3	1170	570.032945264985	204
3	1176	570.644987914083	205
3	1184	576.334193078178	206
3	1190	580.999629674639	207
3	1196	582.868831227548	208
3	1198	583.050840993159	209
3	1203	584.346290288727	210
3	1208	587.097655633991	211
3	1214	590.076330711155	212
3	1219	591.973406995856	213
3	1228	596.421489409743	214
3	1230	596.535682895169	215
3	1238	600.540828713368	216
3	1240	600.809929720427	217
3	1245	602.055370327362	218
3	1251	603.249493098797	219
3	1258	606.045614656641	220
3	1264	608.650277200617	221
3	1270	610.129314909406	222
3	1274	612.144325167326	223
3	1276	612.353897061845	224
3	1285	617.597256540615	225
3	1290	620.184188265529	226
3	1302	627.562588057654	227
3	1310	631.329422161116	228
3	1312	631.687809938717	229
3	1316	632.982468018348	230
3	1318	633.195566313707	231
3	1320	633.447002952486	232
3	1333	641.181050520969	233
3	1337	642.196754254174	234
3	1345	645.02507224568	235
3	1355	650.408299869337	236
3	1362	654.434385907959	237
3	1375	665.298226094432	238
3	1377	665.491743086739	239
3	1379	665.72264821656	240
3	1390	673.278985143343	241
3	1394	675.108734325753	242
3	1396	675.252155792923	243
3	1402	678.490653780918	244
3	1404	678.621916896918	245
3	1406	678.933555548513	246
3	1412	681.986861267714	247
3	1417	683.909964306485	248
3	1419	684.140303003373	249
3	1425	686.390125181021	250
3	1436	693.436032617325	251
3	1438	693.606898138851	252
3	1452	702.096769817752	253
3	1456	703.576760583214	254
3	1464	707.941799444647	255
3	1466	708.227734598823	256
3	1474	711.539682373571	257
3	1476	711.688478957471	258
3	1482	714.676937055984	259
3	1486	716.238637766554	260
3	1493	719.03225668311	261
3	1500	723.241840150186	262
3	1516	733.425849097467	263
3	1520	734.548937602446	264
3	1525	736.001604929901	265
3	1529	737.027454568148	266
3	1540	744.697401489308	267
3	1549	749.048516592949	268
3	1554	750.845520807305	269
3	1558	752.049462478597	270
3	1565	754.63434440099	271
3	1575	760.86397337457	272
3	1577	760.947735739943	273
3	1581	762.699746462973	274
3	1589	767.146060724667	275
3	1596	770.927812515638	276
3	1601	772.066581725585	277
3	1607	774.999316183018	278
3	1609	775.196463245289	279
3	1613	776.39921673939	280
3	1615	776.778889293695	281
3	1617	777.17889435099	282
3	1624	779.461355669947	283
3	1628	780.801256909079	284
3	1636	786.689404834764	285
3	1638	786.894037071537	286
3	1643	790.116690930132	287
3	1652	796.40073551268	288
3	1658	800.104241441917	289
3	1662	801.657299813191	290
3	1673	807.363077605244	291
3	1679	808.518785793823	292
3	1681	808.798265044999	293
3	1686	809.72855000634	294
3	1691	811.146363186738	295
3	1696	814.818531957001	296
3	1703	817.628932111216	297
3	1708	820.57366644878	298
3	1713	823.638606985302	299
3	1715	823.895346184678	300
3	1720	825.149856638455	301
3	1725	828.206035983461	302
3	1733	831.97341669608	303
3	1741	836.475941401127	304
3	1747	837.388378257711	305
3	1761	850.752844646928	306
3	1766	853.707603684524	307
3	1772	855.238280468744	308
3	1774	855.48888508057	309
3	1782	862.470353080409	310
3	1786	863.663537322436	311
3	1788	863.937632699827	312
3	1795	866.023784540049	313
3	1802	867.548399014769	314
3	1807	870.446174158472	315
3	1809	870.565061864587	316
3	1819	878.052916708776	317
3	1823	879.819314534594	318
3	1833	884.72256952146	319
3	1837	886.42294234459	320
3	1850	891.880297438561	321
3	1857	893.887252038987	322
3	1862	895.631374529369	323
3	1876	908.458107839037	324
3	1881	911.664247380268	325
3	1892	917.802307793065	326
3	1897	920.34425439069	327
3	1901	921.833372264687	328
3	1908	925.113348568883	329
3	1915	928.881353757663	330
3	1924	934.181500292239	331
3	1926	934.435224098095	332
3	1933	936.812411018189	333
3	1935	937.053125599814	334
3	1947	944.734714965009	335
3	1954	946.2322290414	336
3	1970	960.187686477718	337
3	1979	962.669547690344	338
3	1983	963.628716058145	339
3	1987	964.602972179375	340
3	1996	969.3745689544	341
3	1998	969.686497844109	342
3	2002	970.831888530085	343
3	2006	972.292161093271	344
3	2010	973.597950298314	345
3	2012	973.868108152434	346
3	2016	975.43686751407	347
3	2021	979.123479762465	348
3	2023	979.20631712966	349
3	2025	979.389792672558	350
3	2027	979.608682295004	351
3	2029	979.761196944489	352
3	2034	980.185041678635	353
3	2042	983.810582414665	354
3	2047	986.966558449403	355
3	2054	990.055620733804	356
3	2056	990.192321315984	357
3	2065	994.9785872959	358
3	2075	999.68089549572	359
3	2077	999.780172640728	360
4	3	0.534262460156	1
4	11	5.216676166903	2
4	15	6.477039117483	3
4	22	11.34691182573	4
4	24	11.645913276723	5
4	31	16.56947478817	6
4	33	16.68585600962	7
4	45	26.464273854973	8
4	47	26.7138421103	9
4	57	31.999769580904	10
4	65	37.097815672214	11
4	75	41.292805244198	12
4	83	47.629287062467	13
4	88	50.116444089422	14
4	93	51.502524484314	15
4	98	54.592830116273	16
4	107	56.782914605973	17
4	109	56.983243193853	18
4	120	63.629437423981	19
4	126	66.889939653844	20
4	131	69.829215912098	21
4	142	77.535571105031	22
4	144	77.789546656567	23
4	148	78.87705135649	24
4	156	85.118564428916	25
4	168	92.859994612475	26
4	173	94.589331748592	27
4	175	94.815151463988	28
4	183	102.161431139346	29
4	189	106.284086963826	30
4	196	107.324929099096	31
4	203	110.176707186116	32
4	207	111.939991401233	33
4	211	113.451611233833	34
4	216	114.835064814522	35
4	227	120.430005587551	36
4	229	120.612372090455	37
4	236	122.580461265616	38
4	238	122.764805691897	39
4	240	123.020350457551	40
4	247	125.479961926317	41
4	254	128.420791914612	42
4	263	132.919236970562	43
4	269	136.134046199466	44
4	273	137.233613939365	45
4	277	138.6801079525	46
4	282	140.251586963252	47
4	284	140.501025765661	48
4	290	142.08845782536	49
4	294	143.349301264681	50
4	300	146.60544116862	51
4	310	152.834761886719	52
4	315	154.565222105018	53
4	319	156.248089851245	54
4	331	164.426992036546	55
4	335	165.402890707568	56
4	347	169.070284924657	57
4	349	169.24948494091	58
4	356	172.008867423286	59
4	360	173.260108727244	60
4	364	175.013580217067	61
4	366	175.145654013456	62
4	368	175.416972908863	63
4	370	175.666098111474	64
4	372	175.910025869631	65
4	387	183.327138119509	66
4	391	184.703167942114	67
4	400	190.783302701659	68
4	414	201.259448124344	69
4	420	205.865826695318	70
4	427	211.613959073784	71
4	435	215.131669196257	72
4	442	217.304142723024	73
4	444	217.552892673529	74
4	446	217.725367760748	75
4	464	227.52670330679	76
4	473	232.495050270447	77
4	475	232.778316878943	78
4	483	238.451870222592	79
4	490	242.49384359366	80
4	494	244.153657308745	81
4	502	249.498830565708	82
4	504	249.869939172505	83
4	506	249.989001741663	84
4	508	250.185430328703	85
4	513	250.6740785434	86
4	517	251.800557321972	87
4	519	251.973563952328	88
4	523	253.31208334161	89
4	527	254.438034389955	90
4	532	257.518104363927	91
4	534	257.725927860443	92
4	540	261.062729333395	93
4	545	262.936066562806	94
4	554	269.384366152499	95
4	562	273.879764928564	96
4	569	277.419534795745	97
4	571	277.666482168816	98
4	576	280.589126713271	99
4	578	280.827238229157	100
4	588	287.907153086931	101
4	595	290.89728093284	102
4	599	291.530472495198	103
4	605	295.233250699226	104
4	609	296.802350703127	105
4	611	296.869659327858	106
4	613	297.094844841562	107
4	620	298.68923640644	108
4	622	298.972086845013	109
4	626	300.246194926047	110
4	630	301.495862258569	111
4	640	308.72237772931	112
4	644	310.456044332805	113
4	648	310.908480847536	114
4	654	313.960596010109	115
4	658	315.372366548857	116
4	663	317.150402589108	117
4	665	317.437615364814	118
4	676	326.824511721035	119
4	680	328.292615316807	120
4	686	330.086342900676	121
4	691	331.774966782216	122
4	696	333.341597191201	123
4	702	334.741777364934	124
4	706	336.723192521396	125
4	711	337.730945848226	126
4	718	341.913716564961	127
4	723	343.378183214452	128
4	733	349.096023316485	129
4	739	350.064002392522	130
4	744	351.392282567249	131
4	752	356.324579111404	132
4	764	363.53711158609	133
4	775	371.196634240908	134
4	777	371.506096174792	135
4	782	373.027634246942	136
4	788	376.215234062002	137
4	794	381.210851285751	138
4	800	382.23156006452	139
4	802	382.452405125541	140
4	807	384.071400908754	141
4	813	385.845140777014	142
4	818	387.80593292316	143
4	825	392.776915874952	144
4	830	394.525189062614	145
4	832	394.65065779372	146
4	834	394.904117887168	147
4	841	400.435388988604	148
4	847	404.232546286854	149
4	857	410.697058647114	150
4	863	411.904015080521	151
4	867	413.523208513091	152
4	873	416.220931375257	153
4	878	418.843129101091	154
4	887	425.09291023272	155
4	893	426.831719570572	156
4	899	430.00170196443	157
4	901	430.189631925797	158
4	905	430.819810234939	159
4	912	434.704059197289	160
4	919	438.000828435925	161
4	936	452.906652603065	162
4	942	457.430086668418	163
4	948	460.950781550281	164
4	960	467.324050452993	165
4	971	475.570120185219	166
4	973	475.807952601233	167
4	978	478.707256964478	168
4	983	480.216567744556	169
4	985	480.361175947978	170
4	987	480.580640015136	171
4	994	484.962369180541	172
4	998	486.892123334054	173
4	1002	487.943056008087	174
4	1010	491.438509475308	175
4	1019	497.779236891272	176
4	1023	499.59796969994	177
4	1035	510.042420698654	178
4	1039	511.350093953967	179
4	1046	514.001373606993	180
4	1051	515.294958219688	181
4	1056	518.234071258457	182
4	1060	518.779612948261	183
4	1067	521.166393463154	184
4	1077	527.305639508997	185
4	1079	527.538625214646	186
4	1089	534.171063192513	187
4	1098	540.667732099648	188
4	1102	542.640901924093	189
4	1112	549.439229644631	190
4	1119	554.386663832429	191
4	1121	554.710343032218	192
4	1125	555.469007054245	193
4	1129	557.382360931679	194
4	1131	557.618034230398	195
4	1135	558.983344002498	196
4	1137	559.174626828001	197
4	1141	560.012147396649	198
4	1147	562.569805504257	199
4	1156	567.146356226643	200
4	1158	567.346296537431	201
4	1164	568.186047219429	202
4	1168	569.788122709989	203
4	1170	570.032945264985	204
4	1176	570.644987914083	205
4	1184	576.334193078178	206
4	1190	580.999629674639	207
4	1196	582.868831227548	208
4	1198	583.050840993159	209
4	1203	584.346290288727	210
4	1208	587.097655633991	211
4	1214	590.076330711155	212
4	1219	591.973406995856	213
4	1228	596.421489409743	214
4	1230	596.535682895169	215
4	1238	600.540828713368	216
4	1240	600.809929720427	217
4	1245	602.055370327362	218
4	1251	603.249493098797	219
4	1258	606.045614656641	220
4	1264	608.650277200617	221
4	1270	610.129314909406	222
4	1274	612.144325167326	223
4	1276	612.353897061845	224
4	1285	617.597256540615	225
4	1290	620.184188265529	226
4	1302	627.562588057654	227
4	1310	631.329422161116	228
4	1312	631.687809938717	229
4	1316	632.982468018348	230
4	1318	633.195566313707	231
4	1320	633.447002952486	232
4	1333	641.181050520969	233
4	1337	642.196754254174	234
4	1345	645.02507224568	235
4	1355	650.408299869337	236
4	1362	654.434385907959	237
4	1375	665.298226094432	238
4	1377	665.491743086739	239
4	1379	665.72264821656	240
4	1390	673.278985143343	241
4	1394	675.108734325753	242
4	1396	675.252155792923	243
4	1402	678.490653780918	244
4	1404	678.621916896918	245
4	1406	678.933555548513	246
4	1412	681.986861267714	247
4	1417	683.909964306485	248
4	1419	684.140303003373	249
4	1425	686.390125181021	250
4	1436	693.436032617325	251
4	1438	693.606898138851	252
4	1452	702.096769817752	253
4	1456	703.576760583214	254
4	1464	707.941799444647	255
4	1466	708.227734598823	256
4	1474	711.539682373571	257
4	1476	711.688478957471	258
4	1482	714.676937055984	259
4	1486	716.238637766554	260
4	1493	719.03225668311	261
4	1500	723.241840150186	262
4	1516	733.425849097467	263
4	1520	734.548937602446	264
4	1525	736.001604929901	265
4	1529	737.027454568148	266
4	1540	744.697401489308	267
4	1549	749.048516592949	268
4	1554	750.845520807305	269
4	1558	752.049462478597	270
4	1565	754.63434440099	271
4	1575	760.86397337457	272
4	1577	760.947735739943	273
4	1581	762.699746462973	274
4	1589	767.146060724667	275
4	1596	770.927812515638	276
4	1601	772.066581725585	277
4	1607	774.999316183018	278
4	1609	775.196463245289	279
4	1613	776.39921673939	280
4	1615	776.778889293695	281
4	1617	777.17889435099	282
4	1624	779.461355669947	283
4	1628	780.801256909079	284
4	1636	786.689404834764	285
4	1638	786.894037071537	286
4	1643	790.116690930132	287
4	1652	796.40073551268	288
4	1658	800.104241441917	289
4	1662	801.657299813191	290
4	1673	807.363077605244	291
4	1679	808.518785793823	292
4	1681	808.798265044999	293
4	1686	809.72855000634	294
4	1691	811.146363186738	295
4	1696	814.818531957001	296
4	1703	817.628932111216	297
4	1708	820.57366644878	298
4	1713	823.638606985302	299
4	1715	823.895346184678	300
4	1720	825.149856638455	301
4	1725	828.206035983461	302
4	1733	831.97341669608	303
4	1741	836.475941401127	304
4	1747	837.388378257711	305
4	1761	850.752844646928	306
4	1766	853.707603684524	307
4	1772	855.238280468744	308
4	1774	855.48888508057	309
4	1782	862.470353080409	310
4	1786	863.663537322436	311
4	1788	863.937632699827	312
4	1795	866.023784540049	313
4	1802	867.548399014769	314
4	1807	870.446174158472	315
4	1809	870.565061864587	316
4	1819	878.052916708776	317
4	1823	879.819314534594	318
4	1833	884.72256952146	319
4	1837	886.42294234459	320
4	1850	891.880297438561	321
4	1857	893.887252038987	322
4	1862	895.631374529369	323
4	1876	908.458107839037	324
4	1881	911.664247380268	325
4	1892	917.802307793065	326
4	1897	920.34425439069	327
4	1901	921.833372264687	328
4	1908	925.113348568883	329
4	1915	928.881353757663	330
4	1924	934.181500292239	331
4	1926	934.435224098095	332
4	1933	936.812411018189	333
4	1935	937.053125599814	334
4	1947	944.734714965009	335
4	1954	946.2322290414	336
4	1970	960.187686477718	337
4	1979	962.669547690344	338
4	1983	963.628716058145	339
4	1987	964.602972179375	340
4	1996	969.3745689544	341
4	1998	969.686497844109	342
4	2002	970.831888530085	343
4	2006	972.292161093271	344
4	2010	973.597950298314	345
4	2012	973.868108152434	346
4	2016	975.43686751407	347
4	2021	979.123479762465	348
4	2023	979.20631712966	349
4	2025	979.389792672558	350
4	2027	979.608682295004	351
4	2029	979.761196944489	352
4	2034	980.185041678635	353
4	2042	983.810582414665	354
4	2047	986.966558449403	355
4	2054	990.055620733804	356
4	2056	990.192321315984	357
4	2065	994.9785872959	358
4	2075	999.68089549572	359
4	2077	999.780172640728	360
5	23	11.467214502319	1
5	32	16.631850967087	2
5	66	37.210485822981	3
5	99	54.61600647194	4
5	108	56.870202257718	5
5	110	57.108109216675	6
5	143	77.629988036051	7
5	169	92.91428458715	8
5	174	94.630587868699	9
5	190	106.400010335821	10
5	197	107.370364800204	11
5	228	120.501770045671	12
5	230	120.754530576309	13
5	239	122.930005371359	14
5	241	123.08787741984	15
5	255	128.603715629445	16
5	283	140.360396451663	17
5	285	140.604903074554	18
5	311	152.89878479716	19
5	336	165.480715597995	20
5	348	169.136257277635	21
5	350	169.421406358444	22
5	367	175.219966799823	23
5	371	175.729402436178	24
5	374	176.074651125041	25
5	428	211.821472372186	26
5	436	215.33708671	27
5	447	217.753186874361	28
5	474	232.687513783536	29
5	503	249.670425017206	30
5	518	251.844593268045	31
5	533	257.590527514196	32
5	570	277.5319419201	33
5	577	280.755404896375	34
5	579	280.964236006441	35
5	589	287.966166492795	36
5	596	291.100895529844	37
5	612	296.926521898853	38
5	614	297.259510956263	39
5	645	310.529656092709	40
5	681	328.447703329093	41
5	692	331.813729742887	42
5	697	333.519524231221	43
5	724	343.546362848647	44
5	734	349.168940424376	45
5	740	350.107559995509	46
5	745	351.485000888211	47
5	753	356.513441018028	48
5	795	381.280154996116	49
5	801	382.303757473119	50
5	808	384.240728607293	51
5	831	394.624833747233	52
5	833	394.747197653727	53
5	848	404.439789243633	54
5	858	410.905624630151	55
5	879	418.907224360942	56
5	888	425.292794839348	57
5	972	475.719711837909	58
5	984	480.333928358009	59
5	1057	518.405147880101	60
5	1061	518.868360627394	61
5	1068	521.288306935291	62
5	1078	527.393871759017	63
5	1120	554.590316819546	64
5	1130	557.505447598162	65
5	1136	559.098112220596	66
5	1142	560.125240117535	67
5	1157	567.286444954629	68
5	1159	567.40247149089	69
5	1171	570.152373551996	70
5	1191	581.068244449048	71
5	1197	582.965302847839	72
5	1199	583.188134309134	73
5	1215	590.262217871917	74
5	1220	592.095496532358	75
5	1239	600.738184422416	76
5	1241	600.981243824591	77
5	1246	602.23016066588	78
5	1265	608.835821408016	79
5	1277	612.496675276988	80
5	1291	620.353996168814	81
5	1303	627.696545300003	82
5	1317	633.03247366814	83
5	1395	675.158838385544	84
5	1403	678.513746908431	85
5	1405	678.771604479061	86
5	1413	682.049472128987	87
5	1420	684.169845954857	88
5	1437	693.494619484937	89
5	1477	711.776015690584	90
5	1501	723.292179137587	91
5	1559	752.076807578635	92
5	1576	760.893590079307	93
5	1608	775.072088072869	94
5	1614	776.570249241415	95
5	1616	776.982165657732	96
5	1618	777.308394343206	97
5	1644	790.277133882897	98
5	1663	801.692204097077	99
5	1674	807.566458025752	100
5	1680	808.59712698268	101
5	1687	809.812908992595	102
5	1714	823.695318046135	103
5	1716	823.981562030565	104
5	1726	828.262872946287	105
5	1742	836.548378981907	106
5	1767	853.763444233888	107
5	1787	863.866452969147	108
5	1789	864.023869745982	109
5	1796	866.164492725837	110
5	1808	870.492898789669	111
5	1838	886.615948522603	112
5	1851	892.033364285618	113
5	1858	894.050728788515	114
5	1916	928.944610848361	115
5	1925	934.228588697773	116
5	1934	936.856643258671	117
5	1936	937.184240705544	118
5	1948	944.758186726609	119
5	1955	946.334241677687	120
5	1971	960.292088692791	121
5	1988	964.674786076756	122
5	2011	973.725969497688	123
5	2022	979.185073581383	124
5	2024	979.286503181957	125
5	2028	979.656498432224	126
5	2030	979.805780974442	127
5	2055	990.104960866169	128
5	2066	995.121421366204	129
5	2076	999.758220036337	130
5	2078	999.910913836395	131
6	23	11.467214502319	1
6	32	16.631850967087	2
6	66	37.210485822981	3
6	99	54.61600647194	4
6	108	56.870202257718	5
6	110	57.108109216675	6
6	143	77.629988036051	7
6	169	92.91428458715	8
6	174	94.630587868699	9
6	190	106.400010335821	10
6	197	107.370364800204	11
6	228	120.501770045671	12
6	230	120.754530576309	13
6	239	122.930005371359	14
6	241	123.08787741984	15
6	255	128.603715629445	16
6	283	140.360396451663	17
6	285	140.604903074554	18
6	311	152.89878479716	19
6	336	165.480715597995	20
6	348	169.136257277635	21
6	350	169.421406358444	22
6	367	175.219966799823	23
6	371	175.729402436178	24
6	374	176.074651125041	25
6	428	211.821472372186	26
6	436	215.33708671	27
6	447	217.753186874361	28
6	474	232.687513783536	29
6	503	249.670425017206	30
6	518	251.844593268045	31
6	533	257.590527514196	32
6	570	277.5319419201	33
6	577	280.755404896375	34
6	579	280.964236006441	35
6	589	287.966166492795	36
6	596	291.100895529844	37
6	612	296.926521898853	38
6	614	297.259510956263	39
6	645	310.529656092709	40
6	681	328.447703329093	41
6	692	331.813729742887	42
6	697	333.519524231221	43
6	724	343.546362848647	44
6	734	349.168940424376	45
6	740	350.107559995509	46
6	745	351.485000888211	47
6	753	356.513441018028	48
6	795	381.280154996116	49
6	801	382.303757473119	50
6	808	384.240728607293	51
6	831	394.624833747233	52
6	833	394.747197653727	53
6	848	404.439789243633	54
6	858	410.905624630151	55
6	879	418.907224360942	56
6	888	425.292794839348	57
6	972	475.719711837909	58
6	984	480.333928358009	59
6	1057	518.405147880101	60
6	1061	518.868360627394	61
6	1068	521.288306935291	62
6	1078	527.393871759017	63
6	1120	554.590316819546	64
6	1130	557.505447598162	65
6	1136	559.098112220596	66
6	1142	560.125240117535	67
6	1157	567.286444954629	68
6	1159	567.40247149089	69
6	1171	570.152373551996	70
6	1191	581.068244449048	71
6	1197	582.965302847839	72
6	1199	583.188134309134	73
6	1215	590.262217871917	74
6	1220	592.095496532358	75
6	1239	600.738184422416	76
6	1241	600.981243824591	77
6	1246	602.23016066588	78
6	1265	608.835821408016	79
6	1277	612.496675276988	80
6	1291	620.353996168814	81
6	1303	627.696545300003	82
6	1317	633.03247366814	83
6	1395	675.158838385544	84
6	1403	678.513746908431	85
6	1405	678.771604479061	86
6	1413	682.049472128987	87
6	1420	684.169845954857	88
6	1437	693.494619484937	89
6	1477	711.776015690584	90
6	1501	723.292179137587	91
6	1559	752.076807578635	92
6	1576	760.893590079307	93
6	1608	775.072088072869	94
6	1614	776.570249241415	95
6	1616	776.982165657732	96
6	1618	777.308394343206	97
6	1644	790.277133882897	98
6	1663	801.692204097077	99
6	1674	807.566458025752	100
6	1680	808.59712698268	101
6	1687	809.812908992595	102
6	1714	823.695318046135	103
6	1716	823.981562030565	104
6	1726	828.262872946287	105
6	1742	836.548378981907	106
6	1767	853.763444233888	107
6	1787	863.866452969147	108
6	1789	864.023869745982	109
6	1796	866.164492725837	110
6	1808	870.492898789669	111
6	1838	886.615948522603	112
6	1851	892.033364285618	113
6	1858	894.050728788515	114
6	1916	928.944610848361	115
6	1925	934.228588697773	116
6	1934	936.856643258671	117
6	1936	937.184240705544	118
6	1948	944.758186726609	119
6	1955	946.334241677687	120
6	1971	960.292088692791	121
6	1988	964.674786076756	122
6	2011	973.725969497688	123
6	2022	979.185073581383	124
6	2024	979.286503181957	125
6	2028	979.656498432224	126
6	2030	979.805780974442	127
6	2055	990.104960866169	128
6	2066	995.121421366204	129
6	2076	999.758220036337	130
6	2078	999.910913836395	131
7	46	26.616925319893	1
7	89	50.214083178136	2
7	149	78.960408068657	3
7	212	113.630066843235	4
7	237	122.698293829745	5
7	248	125.581995606536	6
7	264	133.122687539428	7
7	278	138.758427543125	8
7	295	143.475354615789	9
7	365	175.037193804019	10
7	369	175.585617480049	11
7	377	176.258914476356	12
7	401	190.96221425583	13
7	443	217.347182224669	14
7	445	217.701109998332	15
7	449	218.015423116851	16
7	476	232.827685824641	17
7	505	249.965740482688	18
7	507	250.131168534406	19
7	509	250.344029903313	20
7	535	257.886005393888	21
7	541	261.127731608528	22
7	563	273.970614528717	23
7	598	291.428032664569	24
7	610	296.827188018042	25
7	621	298.879848249967	26
7	631	301.592679413854	27
7	647	310.871167286469	28
7	659	315.541661869335	29
7	664	317.31676302271	30
7	687	330.108890994772	31
7	707	336.864283462511	32
7	719	342.080008317442	33
7	776	371.307891483275	34
7	778	371.646498191585	35
7	783	373.173993281728	36
7	803	382.595365450988	37
7	814	385.985057542941	38
7	826	392.852514370762	39
7	894	426.930819249866	40
7	900	430.134144598324	41
7	943	457.472200010554	42
7	949	461.113111800069	43
7	979	478.905672689961	44
7	986	480.535132711706	45
7	1003	488.013146154569	46
7	1040	511.440242716331	47
7	1047	514.111863936678	48
7	1059	518.65716294066	49
7	1080	527.743904569732	50
7	1148	562.627050587005	51
7	1169	569.870554180715	52
7	1229	596.449986902442	53
7	1231	596.678616876904	54
7	1275	612.178815257436	55
7	1311	631.529551929597	56
7	1319	633.320345540904	57
7	1321	633.522942643958	58
7	1338	642.264550684655	59
7	1376	665.426328291702	60
7	1378	665.512748723255	61
7	1418	683.948851488775	62
7	1426	686.535791048769	63
7	1465	708.056923668699	64
7	1467	708.43323975331	65
7	1475	711.601712433643	66
7	1494	719.235830409055	67
7	1521	734.572924693269	68
7	1541	744.724580668448	69
7	1550	749.163195248302	70
7	1597	770.965813318839	71
7	1637	786.719598688249	72
7	1653	796.608523777681	73
7	1665	801.849463481978	74
7	1682	808.942300567266	75
7	1734	832.019300502484	76
7	1773	855.44693391982	77
7	1950	944.918327926138	78
7	1997	969.550196647254	79
7	2026	979.560389921923	80
7	2035	980.35738475636	81
8	46	26.616925319893	1
8	89	50.214083178136	2
8	149	78.960408068657	3
8	212	113.630066843235	4
8	237	122.698293829745	5
8	248	125.581995606536	6
8	264	133.122687539428	7
8	278	138.758427543125	8
8	295	143.475354615789	9
8	365	175.037193804019	10
8	369	175.585617480049	11
8	377	176.258914476356	12
8	401	190.96221425583	13
8	443	217.347182224669	14
8	445	217.701109998332	15
8	449	218.015423116851	16
8	476	232.827685824641	17
8	505	249.965740482688	18
8	507	250.131168534406	19
8	509	250.344029903313	20
8	535	257.886005393888	21
8	541	261.127731608528	22
8	563	273.970614528717	23
8	598	291.428032664569	24
8	610	296.827188018042	25
8	621	298.879848249967	26
8	631	301.592679413854	27
8	647	310.871167286469	28
8	659	315.541661869335	29
8	664	317.31676302271	30
8	687	330.108890994772	31
8	707	336.864283462511	32
8	719	342.080008317442	33
8	776	371.307891483275	34
8	778	371.646498191585	35
8	783	373.173993281728	36
8	803	382.595365450988	37
8	814	385.985057542941	38
8	826	392.852514370762	39
8	894	426.930819249866	40
8	900	430.134144598324	41
8	943	457.472200010554	42
8	949	461.113111800069	43
8	979	478.905672689961	44
8	986	480.535132711706	45
8	1003	488.013146154569	46
8	1040	511.440242716331	47
8	1047	514.111863936678	48
8	1059	518.65716294066	49
8	1080	527.743904569732	50
8	1148	562.627050587005	51
8	1169	569.870554180715	52
8	1229	596.449986902442	53
8	1231	596.678616876904	54
8	1275	612.178815257436	55
8	1311	631.529551929597	56
8	1319	633.320345540904	57
8	1321	633.522942643958	58
8	1338	642.264550684655	59
8	1376	665.426328291702	60
8	1378	665.512748723255	61
8	1418	683.948851488775	62
8	1426	686.535791048769	63
8	1465	708.056923668699	64
8	1467	708.43323975331	65
8	1475	711.601712433643	66
8	1494	719.235830409055	67
8	1521	734.572924693269	68
8	1541	744.724580668448	69
8	1550	749.163195248302	70
8	1597	770.965813318839	71
8	1637	786.719598688249	72
8	1653	796.608523777681	73
8	1665	801.849463481978	74
8	1682	808.942300567266	75
8	1734	832.019300502484	76
8	1773	855.44693391982	77
8	1950	944.918327926138	78
8	1997	969.550196647254	79
8	2026	979.560389921923	80
8	2035	980.35738475636	81
9	67	37.361518203822	1
9	100	54.762652567592	2
9	111	57.154553758578	3
9	191	106.531022709294	4
9	198	107.43383564483	5
9	231	120.82641885052	6
9	286	140.7906560313	7
9	337	165.625547507455	8
9	351	169.514975475183	9
9	375	176.102285762511	10
9	437	215.536972920558	11
9	448	217.807357458055	12
9	590	288.143333518092	13
9	597	291.297702200979	14
9	615	297.383700789505	15
9	646	310.688965245085	16
9	682	328.642132227056	17
9	698	333.553459844024	18
9	735	349.373457887994	19
9	754	356.567803656069	20
9	796	381.333767176219	21
9	809	384.272587377542	22
9	849	404.508431288315	23
9	859	411.04038833844	24
9	889	425.314075202517	25
9	1058	518.573354156967	26
9	1062	518.970725037137	27
9	1069	521.389704895796	28
9	1160	567.552720564202	29
9	1172	570.181482588837	30
9	1192	581.093858771672	31
9	1221	592.26521709806	32
9	1247	602.284613110637	33
9	1266	608.975299725897	34
9	1278	612.52526082056	35
9	1304	627.778427753298	36
9	1502	723.369719125158	37
9	1664	801.757331412493	38
9	1675	807.739068318592	39
9	1727	828.390687864201	40
9	1743	836.714801119353	41
9	1768	853.844161457503	42
9	1797	866.320137049442	43
9	1839	886.77644375222	44
9	1852	892.166891319126	45
9	1917	929.01011659729	46
9	1937	937.224163426022	47
9	1949	944.883780688724	48
9	1956	946.492140860382	49
9	1972	960.40337911295	50
9	2067	995.288277623202	51
10	67	37.361518203822	1
10	100	54.762652567592	2
10	111	57.154553758578	3
10	191	106.531022709294	4
10	198	107.43383564483	5
10	231	120.82641885052	6
10	286	140.7906560313	7
10	337	165.625547507455	8
10	351	169.514975475183	9
10	375	176.102285762511	10
10	437	215.536972920558	11
10	448	217.807357458055	12
10	590	288.143333518092	13
10	597	291.297702200979	14
10	615	297.383700789505	15
10	646	310.688965245085	16
10	682	328.642132227056	17
10	698	333.553459844024	18
10	735	349.373457887994	19
10	754	356.567803656069	20
10	796	381.333767176219	21
10	809	384.272587377542	22
10	849	404.508431288315	23
10	859	411.04038833844	24
10	889	425.314075202517	25
10	1058	518.573354156967	26
10	1062	518.970725037137	27
10	1069	521.389704895796	28
10	1160	567.552720564202	29
10	1172	570.181482588837	30
10	1192	581.093858771672	31
10	1221	592.26521709806	32
10	1247	602.284613110637	33
10	1266	608.975299725897	34
10	1278	612.52526082056	35
10	1304	627.778427753298	36
10	1502	723.369719125158	37
10	1664	801.757331412493	38
10	1675	807.739068318592	39
10	1727	828.390687864201	40
10	1743	836.714801119353	41
10	1768	853.844161457503	42
10	1797	866.320137049442	43
10	1839	886.77644375222	44
10	1852	892.166891319126	45
10	1917	929.01011659729	46
10	1937	937.224163426022	47
10	1949	944.883780688724	48
10	1956	946.492140860382	49
10	1972	960.40337911295	50
10	2067	995.288277623202	51
11	68	37.557595134344	1
11	192	106.652676540937	2
11	616	297.553619641248	3
11	1279	612.603516976404	4
11	1503	723.439202481161	5
11	1798	866.437645483446	6
11	1853	892.252752582234	7
11	1973	960.501749158951	8
11	2068	995.331474506075	9
12	68	37.557595134344	1
12	192	106.652676540937	2
12	616	297.553619641248	3
12	1279	612.603516976404	4
12	1503	723.439202481161	5
12	1798	866.437645483446	6
12	1853	892.252752582234	7
12	1973	960.501749158951	8
12	2068	995.331474506075	9
13	827	392.976543555724	1
13	1280	612.756437812901	2
13	1654	796.740817611245	3
13	2069	995.512042574787	4
14	827	392.976543555724	2.327507592347
14	1280	612.756437812901	2.799880160071
14	1654	796.740817611245	2.289432024577
14	2069	995.512042574787	2.699538940848

