version 3
run General-3-20231019-18:57:58-54425
attr configname General
attr datetime 20231019-18:57:58
attr datetimef 20231019-185758
attr experiment General
attr inifile omnetpp.ini
attr iterationvars ""
attr iterationvarsd ""
attr iterationvarsf ""
attr measurement ""
attr network Multihop
attr processid 54425
attr repetition 3
attr replication #3
attr resultdir results
attr runnumber 3
attr seedset 3
config network Multihop
config Multihop.node[*].transmissionTime "uniform(1s, 2s)"
config Multihop.node[*].delayTime "uniform(0.01s, 0.2s)"
config Multihop.node[0].lossProbability 0.3
config Multihop.node[1].lossProbability 0.3
config Multihop.node[2].lossProbability 0.3
config Multihop.node[3].lossProbability 0.3/2
config Multihop.node[4].lossProbability 0.3/2
config Multihop.node[5].lossProbability 0.3*2
config Multihop.node[6].lossProbability 0.3*2
config Multihop.node[7].lossProbability 0.3*3
config record-eventlog true
config sim-time-limit 1000s
config repeat 5

vector 0 Multihop.node[0] txVector ETV
vector 1 Multihop.node[2] rxVector ETV
vector 2 Multihop.node[2] txVector ETV
vector 3 Multihop.node[4] rxVector ETV
vector 4 Multihop.node[4] txVector ETV
vector 5 Multihop.node[6] rxVector ETV
vector 6 Multihop.node[6] txVector ETV
vector 7 Multihop.node[1] rxVector ETV
vector 8 Multihop.node[1] txVector ETV
vector 9 Multihop.node[3] rxVector ETV
vector 10 Multihop.node[3] txVector ETV
vector 11 Multihop.node[5] rxVector ETV
vector 12 Multihop.node[5] txVector ETV
vector 13 Multihop.node[7] rxVector ETV
vector 14 Multihop.node[7] e2eVector ETV
0	0	0	1
0	1	0.114651601831	2
0	3	1.185376482154	3
0	6	2.69620408311	4
0	7	3.90344696173	5
0	8	4.954914169689	6
0	16	6.395724008163	7
0	18	7.702084635222	8
0	23	8.858952375898	9
0	24	10.834947803827	10
0	30	12.507331482438	11
0	42	13.823098730832	12
0	46	15.569844953321	13
0	49	17.109964554735	14
0	50	18.412228168292	15
0	52	20.219250843233	16
0	56	21.910728352914	17
0	57	23.836461137353	18
0	58	25.11378418638	19
0	59	26.289846301615	20
0	60	28.280147490162	21
0	61	29.972798106564	22
0	63	31.724938136596	23
0	69	33.677039381653	24
0	73	35.477642892465	25
0	75	36.843583477266	26
0	76	38.671605594294	27
0	82	39.905297603529	28
0	83	41.692915803824	29
0	85	43.178010027228	30
0	86	44.750247647125	31
0	87	46.092667233968	32
0	89	47.702312948719	33
0	91	48.845645263164	34
0	92	50.102851641203	35
0	99	51.379493187952	36
0	103	53.23954665086	37
0	107	54.931524159925	38
0	109	56.748559520885	39
0	112	58.443522959321	40
0	116	60.170212713841	41
0	120	61.666877668423	42
0	124	62.907447983117	43
0	126	64.145884280863	44
0	130	65.238015871334	45
0	134	66.469476901998	46
0	140	68.244444720053	47
0	141	69.2665405344	48
0	148	70.48891685398	49
0	151	71.85000062904	50
0	153	73.062894964662	51
0	159	74.246667280632	52
0	161	75.864121462756	53
0	162	77.087444440534	54
0	163	78.330422623854	55
0	164	79.809929935101	56
0	165	80.81067545533	57
0	167	81.840986813026	58
0	173	82.916775017817	59
0	175	84.513778258887	60
0	179	86.148081728564	61
0	180	87.293371687019	62
0	184	88.995391812483	63
0	185	90.095969525241	64
0	187	91.597892868641	65
0	193	92.89258636146	66
0	201	94.736861993402	67
0	202	96.664391269751	68
0	208	97.884727600806	69
0	212	98.973305456883	70
0	214	100.762137798437	71
0	221	102.180360605785	72
0	223	103.813321139043	73
0	224	105.488131075244	74
0	226	107.278985256873	75
0	230	109.261790027454	76
0	235	111.130344659401	77
0	237	112.268154552285	78
0	238	113.676744396411	79
0	240	114.841343944505	80
0	244	116.665305120483	81
0	248	118.562465966292	82
0	249	120.099900342603	83
0	254	122.09568665138	84
0	258	123.827392327911	85
0	260	125.236965558105	86
0	262	127.220127346073	87
0	263	129.111551019908	88
0	264	130.967099221503	89
0	265	132.295335574388	90
0	267	133.381579191969	91
0	268	134.916504528686	92
0	274	136.381041506152	93
0	276	138.2651224824	94
0	280	139.593188224906	95
0	286	141.591535303589	96
0	287	143.496800204586	97
0	288	144.509883014565	98
0	289	146.396367425644	99
0	293	147.688624205147	100
0	295	148.73262046169	101
0	299	150.213312246217	102
0	300	151.684380048033	103
0	304	152.728495268695	104
0	309	154.152611168878	105
0	313	155.701848033661	106
0	316	157.256052122762	107
0	318	158.504742054812	108
0	322	159.661976736582	109
0	323	161.611213761459	110
0	327	162.880444532105	111
0	334	164.500693042374	112
0	335	166.058697127581	113
0	342	167.073411912036	114
0	345	168.143530924649	115
0	347	169.31732937096	116
0	349	171.176361442156	117
0	352	172.262879582666	118
0	358	174.1288954018	119
0	364	176.038396942042	120
0	366	177.274844510326	121
0	370	178.749801355725	122
0	371	180.617968586352	123
0	372	182.146463362113	124
0	374	183.695130532453	125
0	381	185.528816051161	126
0	387	186.632071616672	127
0	389	187.877269201292	128
0	390	189.315304037262	129
0	391	190.812371566272	130
0	397	192.751829451029	131
0	398	194.243493348905	132
0	400	196.086910194098	133
0	401	197.308385819043	134
0	407	198.548915406768	135
0	408	200.27206456576	136
0	411	201.981404584213	137
0	414	203.94104315069	138
0	417	205.921378782563	139
0	423	207.366379574951	140
0	425	208.370634211306	141
0	427	209.632886514379	142
0	429	210.869773874604	143
0	431	212.012866392345	144
0	438	213.835855410979	145
0	439	215.051547597009	146
0	440	216.509275536132	147
0	445	218.454736344595	148
0	449	219.981396556445	149
0	450	221.025874059726	150
0	452	222.276966595635	151
0	453	224.146432260828	152
0	459	226.106973497275	153
0	468	227.836472716726	154
0	474	229.554332864549	155
0	478	230.707443808516	156
0	480	232.380066686388	157
0	481	233.605370121155	158
0	483	234.833352871783	159
0	485	236.249842768613	160
0	487	237.356923380246	161
0	498	238.518828596765	162
0	509	240.160506730512	163
0	511	242.073211210858	164
0	512	243.082482115444	165
0	516	244.25813886275	166
0	518	245.642874092641	167
0	524	247.0642281385	168
0	527	248.718511165199	169
0	529	250.54340709684	170
0	530	252.032642656551	171
0	534	253.574842845402	172
0	539	255.501186092696	173
0	540	257.070007168301	174
0	544	258.154958911552	175
0	546	260.123017575904	176
0	547	261.27013052193	177
0	553	262.436303553949	178
0	554	263.458573698378	179
0	556	264.94396111703	180
0	557	266.855884797019	181
0	564	268.566753479964	182
0	568	270.309058407401	183
0	572	271.883660047627	184
0	576	272.991958828256	185
0	580	274.70785843193	186
0	581	276.317761452947	187
0	589	277.482449107649	188
0	601	278.799154980652	189
0	603	280.373598109543	190
0	604	282.062402461966	191
0	609	283.631959398588	192
0	615	284.840175619194	193
0	622	286.526368220182	194
0	625	288.397625379342	195
0	629	290.254253900222	196
0	630	291.304990588532	197
0	631	292.539448337008	198
0	635	293.730434728631	199
0	636	295.533671896284	200
0	637	296.915213605932	201
0	639	298.379407280202	202
0	642	299.788961625037	203
0	650	301.700649279014	204
0	652	303.101534014645	205
0	658	304.557051655215	206
0	664	306.000456955128	207
0	666	307.315392947367	208
0	672	308.977684822709	209
0	674	310.030698595878	210
0	677	311.831693182543	211
0	681	313.054410243251	212
0	682	314.141850431061	213
0	688	315.928110193305	214
0	690	317.752025457874	215
0	694	319.468851495145	216
0	696	320.858955862543	217
0	697	322.484853656108	218
0	699	323.92281195529	219
0	703	325.020911484102	220
0	704	326.021306948347	221
0	712	327.236803631375	222
0	713	328.411313286826	223
0	716	329.673838646926	224
0	719	331.322049047874	225
0	721	333.28082477891	226
0	728	334.863140108605	227
0	729	336.038822255173	228
0	731	337.367046040326	229
0	739	339.290849684814	230
0	740	341.088562224602	231
0	741	342.123749806855	232
0	743	343.700178349001	233
0	745	344.735343733646	234
0	749	346.446525595693	235
0	754	347.826423941722	236
0	756	349.248769429356	237
0	757	350.599126562553	238
0	758	352.52482137115	239
0	764	353.775343852893	240
0	775	355.768710609137	241
0	778	357.426575718758	242
0	780	358.434649642635	243
0	785	359.708148081632	244
0	789	360.84312649568	245
0	791	362.740788830755	246
0	793	363.99083491213	247
0	796	365.794666103398	248
0	801	367.17113234483	249
0	803	368.743386755076	250
0	807	370.093928870356	251
0	811	371.723060781911	252
0	814	372.819128691761	253
0	818	374.118196095184	254
0	819	375.716777151527	255
0	826	376.735422076268	256
0	828	378.378202935524	257
0	829	380.241309628898	258
0	830	381.845325389255	259
0	832	383.487692114042	260
0	833	385.208725705819	261
0	838	387.130014963291	262
0	846	388.725710735732	263
0	851	390.475820647861	264
0	853	391.530018178356	265
0	855	392.964911240461	266
0	860	394.576417322579	267
0	864	395.663512449787	268
0	870	396.773992946214	269
0	871	398.720939147827	270
0	878	400.405490028514	271
0	880	401.44305275295	272
0	881	402.841070082347	273
0	885	404.477326444891	274
0	887	405.488032643526	275
0	889	406.792928722995	276
0	892	408.542274705908	277
0	895	409.890411478077	278
0	898	411.795892100857	279
0	906	413.187602422742	280
0	910	414.916097214754	281
0	911	416.077403772	282
0	912	417.258156452637	283
0	916	418.944358259283	284
0	920	420.807022740442	285
0	921	422.369786308689	286
0	927	423.549375994906	287
0	928	424.67982472487	288
0	929	426.117178813631	289
0	935	427.158109612374	290
0	937	428.920824799763	291
0	941	429.945371145925	292
0	948	431.126979970217	293
0	950	432.823262990995	294
0	954	434.056808151615	295
0	955	435.129850738061	296
0	956	437.053064556637	297
0	958	438.080271645061	298
0	960	439.727413560807	299
0	962	441.169318205289	300
0	963	442.561695451227	301
0	969	443.842170626002	302
0	970	445.557438301465	303
0	971	446.751353480697	304
0	976	447.891717382783	305
0	981	448.893676289899	306
0	986	450.68108237263	307
0	988	452.358841880534	308
0	992	454.320962030051	309
0	994	455.754533744028	310
0	998	457.559017052019	311
0	999	459.48499484135	312
0	1001	461.139014319593	313
0	1004	462.454117823468	314
0	1005	463.736206870136	315
0	1011	464.930255253642	316
0	1019	466.627083518851	317
0	1023	468.00068110631	318
0	1032	469.841434592224	319
0	1038	471.52895574093	320
0	1042	473.460364020505	321
0	1046	475.393418257433	322
0	1047	476.570792668574	323
0	1049	478.022141926531	324
0	1051	479.894404633045	325
0	1055	481.035075485548	326
0	1056	482.407486174097	327
0	1058	483.598379051853	328
0	1060	485.342420768999	329
0	1062	486.847870572312	330
0	1067	487.894860646762	331
0	1070	489.370516397832	332
0	1074	491.258912565028	333
0	1080	493.044071320984	334
0	1081	494.921495038159	335
0	1083	495.989116523722	336
0	1087	497.375383727327	337
0	1089	499.045949999085	338
0	1094	500.659796328824	339
0	1096	502.298510231385	340
0	1100	503.691435263101	341
0	1101	505.056021270184	342
0	1105	506.205819842713	343
0	1110	508.118786607944	344
0	1114	509.348325929912	345
0	1116	510.400828178814	346
0	1125	511.961219926672	347
0	1129	513.540511872694	348
0	1130	515.231191634042	349
0	1132	516.521561386371	350
0	1136	518.160209510317	351
0	1140	519.909076108439	352
0	1144	521.842477847431	353
0	1148	523.836398085654	354
0	1149	525.226266894331	355
0	1155	527.168019503196	356
0	1156	528.686173591604	357
0	1157	530.357828512862	358
0	1161	531.603371813735	359
0	1163	533.022299744263	360
0	1167	535.015009966753	361
0	1172	536.766918244846	362
0	1174	537.97344314035	363
0	1178	539.252891986705	364
0	1182	540.274398702504	365
0	1183	541.817828865796	366
0	1189	542.826964486697	367
0	1190	543.937438532551	368
0	1194	545.294364884337	369
0	1198	547.096444245036	370
0	1202	549.007894693482	371
0	1205	550.46522693064	372
0	1208	552.44249877178	373
0	1209	553.451683097592	374
0	1211	554.628340542157	375
0	1215	556.279985692193	376
0	1216	558.007897878605	377
0	1219	559.648870391146	378
0	1223	561.517852096892	379
0	1230	562.812244730144	380
0	1236	564.675926614859	381
0	1237	566.246934271957	382
0	1243	567.29523312238	383
0	1245	569.127054043188	384
0	1247	570.716792220091	385
0	1248	572.07972446464	386
0	1249	573.692168957395	387
0	1251	575.663909250013	388
0	1255	576.677740327855	389
0	1257	578.243624570621	390
0	1263	580.086860932018	391
0	1264	581.321290583656	392
0	1265	582.811371894161	393
0	1268	584.289436102685	394
0	1269	586.220003287381	395
0	1270	587.757931773158	396
0	1271	588.857229881294	397
0	1272	590.240704343494	398
0	1273	591.546937270628	399
0	1274	592.805040048275	400
0	1277	594.246139805138	401
0	1281	596.124997724851	402
0	1282	597.963001071082	403
0	1285	599.551023911757	404
0	1290	601.264135020159	405
0	1292	603.067175832184	406
0	1293	604.407478428518	407
0	1301	605.447898182857	408
0	1304	606.965416283419	409
0	1306	608.223971789077	410
0	1314	609.960688159641	411
0	1315	611.818318904217	412
0	1316	612.967788471447	413
0	1317	614.735109347224	414
0	1322	616.368562602045	415
0	1326	617.388371608526	416
0	1328	618.510298904105	417
0	1329	619.895942173273	418
0	1330	620.94787263831	419
0	1331	622.887021334449	420
0	1332	624.438922674002	421
0	1333	626.032697111441	422
0	1334	627.051033050593	423
0	1336	628.450293542191	424
0	1337	629.982928969271	425
0	1339	631.048103846915	426
0	1341	632.989297083419	427
0	1343	634.159805240881	428
0	1353	635.719929789033	429
0	1354	637.308395151587	430
0	1356	638.824266028896	431
0	1357	640.692689568808	432
0	1363	642.408875316221	433
0	1364	643.643582294767	434
0	1365	645.512026393392	435
0	1370	647.117540818478	436
0	1371	649.109246778839	437
0	1379	650.908006263968	438
0	1380	651.932487290889	439
0	1382	653.736181990081	440
0	1384	655.083803050989	441
0	1388	656.716705505807	442
0	1394	658.364704807127	443
0	1396	659.899554454094	444
0	1401	661.78308393208	445
0	1402	662.835753574107	446
0	1410	664.215175573087	447
0	1411	665.704886153645	448
0	1415	667.550698774007	449
0	1419	669.258162241966	450
0	1423	670.689559729375	451
0	1428	672.357745166939	452
0	1429	674.054055223312	453
0	1434	676.022329767072	454
0	1435	677.320664064098	455
0	1436	678.876870117454	456
0	1437	680.567166393694	457
0	1438	682.138025036619	458
0	1439	683.511961522351	459
0	1443	684.580344838162	460
0	1447	686.160385538663	461
0	1448	687.828441064644	462
0	1449	689.571172095674	463
0	1453	691.528173678393	464
0	1454	693.347280962231	465
0	1464	694.412515373273	466
0	1466	695.659779252323	467
0	1467	697.151122834605	468
0	1471	699.102320568708	469
0	1472	700.948880066236	470
0	1476	702.204535338634	471
0	1478	703.442042700786	472
0	1480	705.335362548547	473
0	1487	706.949477719216	474
0	1488	708.017528258337	475
0	1490	709.088986162868	476
0	1493	710.29827951461	477
0	1494	712.099997737053	478
0	1496	713.732845073174	479
0	1498	715.618920613154	480
0	1499	717.275767162982	481
0	1502	718.818078733356	482
0	1506	720.300748838186	483
0	1509	721.672852718811	484
0	1513	723.549658338148	485
0	1515	725.053436477277	486
0	1522	726.412163047194	487
0	1523	728.393588295513	488
0	1524	729.740178190478	489
0	1527	731.266167923183	490
0	1529	733.133588504352	491
0	1535	734.583475441512	492
0	1537	735.741994680677	493
0	1543	737.563523046978	494
0	1545	739.545418392241	495
0	1546	740.848266609319	496
0	1553	742.84167157214	497
0	1557	744.256670084389	498
0	1559	745.695839544598	499
0	1561	747.160417268824	500
0	1562	749.126506096989	501
0	1568	750.971149909616	502
0	1572	752.550734135861	503
0	1573	753.718658706014	504
0	1574	755.681349083389	505
0	1576	757.334717544335	506
0	1578	758.520648340303	507
0	1581	760.003259864244	508
0	1585	761.356424768762	509
0	1586	762.496221242546	510
0	1587	764.452330457819	511
0	1591	766.290657090563	512
0	1592	767.959886326296	513
0	1593	769.371570222154	514
0	1596	771.138195385765	515
0	1599	772.779419935383	516
0	1600	773.965489148935	517
0	1601	775.170459356	518
0	1602	776.607558693345	519
0	1605	778.582732184864	520
0	1606	779.968604356823	521
0	1612	781.073486339608	522
0	1616	782.170509620644	523
0	1625	783.769545258097	524
0	1629	785.63217088052	525
0	1635	787.36885804248	526
0	1639	789.344706137972	527
0	1641	790.752714535063	528
0	1642	792.046920120092	529
0	1645	793.519924605572	530
0	1648	795.421047966768	531
0	1649	796.899236827697	532
0	1651	797.962933728545	533
0	1653	799.310779738779	534
0	1657	800.715909261097	535
0	1661	801.905633809584	536
0	1668	803.441153378998	537
0	1669	805.148305914671	538
0	1673	806.791373327448	539
0	1677	808.341178272226	540
0	1682	809.706297359503	541
0	1684	811.40606027686	542
0	1685	813.383970074197	543
0	1693	814.760025014477	544
0	1694	816.161132917348	545
0	1700	817.641890599234	546
0	1706	818.81012539736	547
0	1708	819.881816696217	548
0	1709	820.999679881222	549
0	1710	822.31261205797	550
0	1714	824.070641128886	551
0	1715	825.53062359251	552
0	1720	826.647928652194	553
0	1726	828.265571242039	554
0	1727	830.254427667781	555
0	1731	831.813627225188	556
0	1732	833.287151255486	557
0	1738	834.695419374462	558
0	1741	836.498398894751	559
0	1743	837.967614062903	560
0	1747	839.772726861368	561
0	1748	840.910639436291	562
0	1752	842.754743587998	563
0	1756	844.213762717628	564
0	1757	846.13671745344	565
0	1766	847.893298681201	566
0	1771	849.054696860099	567
0	1775	850.369668318033	568
0	1777	851.635523907449	569
0	1783	853.617630686685	570
0	1785	855.496309167547	571
0	1789	857.117222112911	572
0	1790	858.97112951831	573
0	1791	860.431541672051	574
0	1793	862.176908330601	575
0	1797	863.475542093236	576
0	1798	864.603534861309	577
0	1801	866.038049318669	578
0	1807	867.316426365943	579
0	1809	868.577676653005	580
0	1810	870.563312876811	581
0	1811	871.953104473958	582
0	1812	873.76796690871	583
0	1813	875.74289596647	584
0	1821	876.89410188918	585
0	1822	878.379041894646	586
0	1824	879.951020433176	587
0	1825	881.555297914035	588
0	1829	882.874060268122	589
0	1831	883.885640378417	590
0	1835	885.174741982324	591
0	1838	886.506378013482	592
0	1840	888.305503080673	593
0	1846	889.859257643884	594
0	1847	890.940099786576	595
0	1855	891.940369441481	596
0	1856	893.126974877976	597
0	1857	894.360349034965	598
0	1858	896.07714695584	599
0	1864	897.350652504088	600
0	1866	898.64944240598	601
0	1868	900.221760742208	602
0	1872	902.074189635301	603
0	1876	903.306003678665	604
0	1883	904.329454995534	605
0	1889	905.909924743306	606
0	1890	907.850294496473	607
0	1892	909.21100976279	608
0	1896	911.042914909851	609
0	1898	912.420737682218	610
0	1901	913.421439618878	611
0	1907	915.095469606649	612
0	1912	916.671640293747	613
0	1913	918.618493177304	614
0	1919	920.113024238571	615
0	1923	921.41842014187	616
0	1925	922.798780032508	617
0	1930	924.781356544075	618
0	1931	925.997614858048	619
0	1937	927.807307071127	620
0	1939	929.054497488849	621
0	1941	930.865334323915	622
0	1943	932.827641084399	623
0	1950	934.296418338623	624
0	1951	935.378299723454	625
0	1955	936.582311705062	626
0	1959	938.182400800362	627
0	1965	939.585656841825	628
0	1967	941.473821641951	629
0	1973	942.954894305281	630
0	1974	944.051745892809	631
0	1976	945.378501431625	632
0	1978	946.464452958973	633
0	1983	947.977136133313	634
0	1987	949.295959417084	635
0	1988	950.877087923772	636
0	1992	952.612126486915	637
0	1997	954.038798750684	638
0	2001	955.152266864039	639
0	2002	956.175380943881	640
0	2006	957.482724200541	641
0	2007	959.120586325021	642
0	2008	960.250029659204	643
0	2012	961.958176479747	644
0	2014	963.925884956799	645
0	2015	965.644850988945	646
0	2016	967.105141256543	647
0	2021	968.991472929789	648
0	2024	970.300952070698	649
0	2026	971.742762636	650
0	2030	973.295405458731	651
0	2031	975.257614893212	652
0	2032	976.734416546372	653
0	2034	977.859072854814	654
0	2038	979.569487131505	655
0	2045	980.748650580483	656
0	2048	982.46415370966	657
0	2053	984.344438759449	658
0	2057	985.777247804754	659
0	2059	987.338527000348	660
0	2061	988.545819646285	661
0	2062	990.354653278903	662
0	2065	992.167901753054	663
0	2070	993.728493399757	664
0	2071	995.348572160189	665
0	2075	997.240969632358	666
0	2076	998.771523772577	667
1	4	1.288418250771	1
1	9	5.0025344977	2
1	19	7.866041031879	3
1	25	11.008644351748	4
1	31	12.616430129074	5
1	43	13.996687555099	6
1	47	15.651748313898	7
1	53	20.244195833892	8
1	64	31.807556694602	9
1	70	33.838542323071	10
1	77	38.840743567164	11
1	93	50.246564966626	12
1	100	51.502237746678	13
1	104	53.393958637114	14
1	110	56.875146911647	15
1	113	58.565831060747	16
1	117	60.342015933842	17
1	121	61.744352343804	18
1	127	64.234868773994	19
1	131	65.360510706624	20
1	135	66.50955215086	21
1	142	69.344430955729	22
1	149	70.5936207879	23
1	154	73.165266480017	24
1	168	82.012075684211	25
1	176	84.584000108797	26
1	181	87.318126490698	27
1	188	91.749045340527	28
1	194	92.92057957028	29
1	203	96.840805645701	30
1	209	97.98406436333	31
1	215	100.946032764523	32
1	227	107.408610486939	33
1	231	109.315800112789	34
1	241	115.042988344179	35
1	245	116.736679600479	36
1	250	120.213542093748	37
1	255	122.215798391113	38
1	269	135.085066092508	39
1	277	138.296677077453	40
1	281	139.730908490411	41
1	290	146.48806382566	42
1	296	148.823882263677	43
1	301	151.804701035364	44
1	305	152.93041479011	45
1	310	154.197927275599	46
1	314	155.737388274154	47
1	319	158.532302943895	48
1	324	161.746203780095	49
1	328	162.927839259343	50
1	336	166.163941306749	51
1	343	167.222920696757	52
1	350	171.252903815076	53
1	353	172.368714929725	54
1	359	174.173293126376	55
1	367	177.455194533599	56
1	375	183.735221709541	57
1	382	185.552231767112	58
1	392	190.964171614935	59
1	402	197.502012188453	60
1	409	200.38590606306	61
1	412	202.077949033805	62
1	415	204.140406280851	63
1	418	205.967485379399	64
1	432	212.146868713698	65
1	441	216.659767525785	66
1	446	218.47809034144	67
1	454	224.316752898035	68
1	460	226.259428010279	69
1	469	228.02616976699	70
1	475	229.701514843599	71
1	488	237.490754684283	72
1	500	238.546722134586	73
1	513	243.275278400473	74
1	519	245.724802989899	75
1	525	247.204737737917	76
1	531	252.11984653876	77
1	535	253.717901833447	78
1	541	257.245639528378	79
1	548	261.339905252429	80
1	558	266.904111060612	81
1	565	268.59296483553	82
1	569	270.434641329304	83
1	573	271.993584134425	84
1	577	273.137300424538	85
1	582	276.479501426545	86
1	590	277.522039193147	87
1	605	282.177957913213	88
1	610	283.762864236551	89
1	616	285.009313010293	90
1	623	286.735717801036	91
1	626	288.533651554434	92
1	632	292.659356272076	93
1	640	298.581695873742	94
1	643	299.99550020018	95
1	653	303.16151830972	96
1	659	304.707075640073	97
1	667	307.413228949732	98
1	675	310.089939108724	99
1	678	311.991901467994	100
1	683	314.216256016921	101
1	691	317.856872008561	102
1	700	323.945121112724	103
1	705	326.202583577577	104
1	714	328.492130334016	105
1	717	329.875917141777	106
1	722	333.37483345871	107
1	732	337.418911550091	108
1	746	344.815679054707	109
1	750	346.568387790885	110
1	759	352.580805732366	111
1	765	353.893759090588	112
1	776	355.925452382779	113
1	781	358.63793385455	114
1	786	359.797338865328	115
1	794	364.037979479836	116
1	797	365.952003654955	117
1	804	368.813483095472	118
1	808	370.28275199638	119
1	812	371.888448630312	120
1	815	372.979568505853	121
1	820	375.838112119557	122
1	834	385.415523238468	123
1	839	387.177098022021	124
1	847	388.816727086817	125
1	856	393.040318201408	126
1	861	394.736025256057	127
1	865	395.778209398408	128
1	872	398.891473198331	129
1	882	402.912596264983	130
1	890	406.993910465616	131
1	893	408.711316639882	132
1	896	410.060148243493	133
1	899	411.866359890144	134
1	907	413.353667304781	135
1	913	417.465125325051	136
1	917	419.089038287294	137
1	922	422.488657338267	138
1	930	426.249648302803	139
1	938	429.09943037034	140
1	942	430.14909166283	141
1	951	433.030977064124	142
1	964	442.661927859912	143
1	972	446.943475270765	144
1	977	447.964092255388	145
1	982	448.949240129694	146
1	989	452.405113976814	147
1	995	455.946833101795	148
1	1002	461.203933828901	149
1	1006	463.897716574898	150
1	1012	464.976251261673	151
1	1020	466.654088460427	152
1	1024	468.052600308449	153
1	1033	469.951569202394	154
1	1039	471.676050581247	155
1	1043	473.580436714123	156
1	1052	479.947438698555	157
1	1063	487.024563177179	158
1	1068	488.007964850548	159
1	1071	489.432482307355	160
1	1075	491.299295010352	161
1	1084	496.154309933048	162
1	1090	499.200947369666	163
1	1097	502.476302228065	164
1	1102	505.125950459871	165
1	1106	506.238347237741	166
1	1111	508.239493060168	167
1	1117	510.534822626897	168
1	1126	512.107067090748	169
1	1133	516.570300526952	170
1	1137	518.212946778571	171
1	1141	520.064775632264	172
1	1145	522.014377425371	173
1	1150	525.360953867605	174
1	1158	530.3857574282	175
1	1164	533.125820204382	176
1	1168	535.171574390479	177
1	1175	538.038288584263	178
1	1179	539.285383117292	179
1	1184	541.98406651312	180
1	1191	544.007033096335	181
1	1195	545.397352206679	182
1	1199	547.200439079755	183
1	1203	549.037673799954	184
1	1206	550.555480030916	185
1	1212	554.70048029224	186
1	1217	558.08091433332	187
1	1220	559.838964186063	188
1	1224	561.583311225969	189
1	1231	563.008615247627	190
1	1238	566.308273635098	191
1	1252	575.839268007609	192
1	1258	578.278690641557	193
1	1266	582.97978939924	194
1	1275	592.940625682518	195
1	1278	594.278187735342	196
1	1283	598.087645535008	197
1	1286	599.695361236215	198
1	1294	604.554387743017	199
1	1302	605.61306035568	200
1	1307	608.344596469766	201
1	1318	614.86155957185	202
1	1323	616.389247979688	203
1	1344	634.267736296466	204
1	1358	640.791092035957	205
1	1366	645.593541703773	206
1	1372	649.287726824197	207
1	1385	655.172144379004	208
1	1389	656.844299436599	209
1	1397	659.944878668723	210
1	1403	662.878170294141	211
1	1412	665.85466485504	212
1	1416	667.60685076724	213
1	1420	669.392471235962	214
1	1424	670.87524402818	215
1	1430	674.14148954715	216
1	1440	683.66146164336	217
1	1444	684.737672371666	218
1	1450	689.721087110433	219
1	1455	693.417261044082	220
1	1468	697.345087292545	221
1	1473	701.063777134556	222
1	1481	705.522951794249	223
1	1491	709.227650126232	224
1	1500	717.418368304739	225
1	1503	718.870298427538	226
1	1507	720.482481493847	227
1	1510	721.72238374928	228
1	1516	725.133211474826	229
1	1525	729.926498353611	230
1	1530	733.341251305403	231
1	1538	735.913486270347	232
1	1547	740.982663946821	233
1	1554	743.047967466729	234
1	1563	749.271991335603	235
1	1569	751.086632314663	236
1	1579	758.726641502601	237
1	1582	760.069756072666	238
1	1588	764.601817084876	239
1	1594	769.427713814624	240
1	1597	771.314334229314	241
1	1603	776.689549601855	242
1	1607	780.025986954257	243
1	1613	781.248500401843	244
1	1617	782.215392567685	245
1	1626	783.872083436085	246
1	1630	785.697534351057	247
1	1636	787.572399395895	248
1	1643	792.162952390609	249
1	1646	793.618779853291	250
1	1654	799.471915686895	251
1	1658	800.742669784281	252
1	1662	802.056069868783	253
1	1670	805.276679979813	254
1	1674	806.903062517379	255
1	1678	808.374811026351	256
1	1686	813.450988825527	257
1	1695	816.297195866015	258
1	1701	817.705059201282	259
1	1711	822.496223271959	260
1	1716	825.653371706099	261
1	1721	826.809427889181	262
1	1728	830.307387166416	263
1	1733	833.343898595492	264
1	1739	834.728614058685	265
1	1744	838.157836171702	266
1	1749	841.017082871899	267
1	1753	842.93473450314	268
1	1758	846.299476630941	269
1	1767	847.947272535539	270
1	1772	849.137240572443	271
1	1778	851.760805021056	272
1	1786	855.67113863955	273
1	1794	862.349263327057	274
1	1799	864.69866209971	275
1	1802	866.234885413972	276
1	1814	875.762993251635	277
1	1826	881.719453615529	278
1	1832	883.946468652221	279
1	1836	885.275027301391	280
1	1841	888.338481700029	281
1	1848	891.019587484331	282
1	1859	896.198603659235	283
1	1869	900.315575035	284
1	1873	902.156165808458	285
1	1877	903.467682866531	286
1	1884	904.489962903269	287
1	1893	909.416234535437	288
1	1899	912.589968505234	289
1	1902	913.579111986605	290
1	1908	915.295429370461	291
1	1914	918.714974372385	292
1	1920	920.219584689324	293
1	1926	922.84757086724	294
1	1932	926.112683179914	295
1	1944	932.857813838478	296
1	1952	935.501416723414	297
1	1956	936.638577407326	298
1	1960	938.350748285905	299
1	1968	941.55640525951	300
1	1979	946.602322364997	301
1	1984	948.043493304471	302
1	1989	951.001773778551	303
1	1993	952.676414563552	304
1	1998	954.209336428601	305
1	2003	956.242201524719	306
1	2009	960.445635788525	307
1	2017	967.291772543484	308
1	2022	969.037411310492	309
1	2027	971.884565552438	310
1	2035	977.890167279723	311
1	2039	979.621897575638	312
1	2046	980.926778162009	313
1	2049	982.639570898916	314
1	2054	984.51715031784	315
1	2063	990.551017786634	316
1	2066	992.226402122275	317
1	2072	995.519933455537	318
1	2077	998.96147398298	319
2	4	1.288418250771	1
2	9	5.0025344977	2
2	19	7.866041031879	3
2	25	11.008644351748	4
2	31	12.616430129074	5
2	43	13.996687555099	6
2	47	15.651748313898	7
2	53	20.244195833892	8
2	64	31.807556694602	9
2	70	33.838542323071	10
2	77	38.840743567164	11
2	93	50.246564966626	12
2	100	51.502237746678	13
2	104	53.393958637114	14
2	110	56.875146911647	15
2	113	58.565831060747	16
2	117	60.342015933842	17
2	121	61.744352343804	18
2	127	64.234868773994	19
2	131	65.360510706624	20
2	135	66.50955215086	21
2	142	69.344430955729	22
2	149	70.5936207879	23
2	154	73.165266480017	24
2	168	82.012075684211	25
2	176	84.584000108797	26
2	181	87.318126490698	27
2	188	91.749045340527	28
2	194	92.92057957028	29
2	203	96.840805645701	30
2	209	97.98406436333	31
2	215	100.946032764523	32
2	227	107.408610486939	33
2	231	109.315800112789	34
2	241	115.042988344179	35
2	245	116.736679600479	36
2	250	120.213542093748	37
2	255	122.215798391113	38
2	269	135.085066092508	39
2	277	138.296677077453	40
2	281	139.730908490411	41
2	290	146.48806382566	42
2	296	148.823882263677	43
2	301	151.804701035364	44
2	305	152.93041479011	45
2	310	154.197927275599	46
2	314	155.737388274154	47
2	319	158.532302943895	48
2	324	161.746203780095	49
2	328	162.927839259343	50
2	336	166.163941306749	51
2	343	167.222920696757	52
2	350	171.252903815076	53
2	353	172.368714929725	54
2	359	174.173293126376	55
2	367	177.455194533599	56
2	375	183.735221709541	57
2	382	185.552231767112	58
2	392	190.964171614935	59
2	402	197.502012188453	60
2	409	200.38590606306	61
2	412	202.077949033805	62
2	415	204.140406280851	63
2	418	205.967485379399	64
2	432	212.146868713698	65
2	441	216.659767525785	66
2	446	218.47809034144	67
2	454	224.316752898035	68
2	460	226.259428010279	69
2	469	228.02616976699	70
2	475	229.701514843599	71
2	488	237.490754684283	72
2	500	238.546722134586	73
2	513	243.275278400473	74
2	519	245.724802989899	75
2	525	247.204737737917	76
2	531	252.11984653876	77
2	535	253.717901833447	78
2	541	257.245639528378	79
2	548	261.339905252429	80
2	558	266.904111060612	81
2	565	268.59296483553	82
2	569	270.434641329304	83
2	573	271.993584134425	84
2	577	273.137300424538	85
2	582	276.479501426545	86
2	590	277.522039193147	87
2	605	282.177957913213	88
2	610	283.762864236551	89
2	616	285.009313010293	90
2	623	286.735717801036	91
2	626	288.533651554434	92
2	632	292.659356272076	93
2	640	298.581695873742	94
2	643	299.99550020018	95
2	653	303.16151830972	96
2	659	304.707075640073	97
2	667	307.413228949732	98
2	675	310.089939108724	99
2	678	311.991901467994	100
2	683	314.216256016921	101
2	691	317.856872008561	102
2	700	323.945121112724	103
2	705	326.202583577577	104
2	714	328.492130334016	105
2	717	329.875917141777	106
2	722	333.37483345871	107
2	732	337.418911550091	108
2	746	344.815679054707	109
2	750	346.568387790885	110
2	759	352.580805732366	111
2	765	353.893759090588	112
2	776	355.925452382779	113
2	781	358.63793385455	114
2	786	359.797338865328	115
2	794	364.037979479836	116
2	797	365.952003654955	117
2	804	368.813483095472	118
2	808	370.28275199638	119
2	812	371.888448630312	120
2	815	372.979568505853	121
2	820	375.838112119557	122
2	834	385.415523238468	123
2	839	387.177098022021	124
2	847	388.816727086817	125
2	856	393.040318201408	126
2	861	394.736025256057	127
2	865	395.778209398408	128
2	872	398.891473198331	129
2	882	402.912596264983	130
2	890	406.993910465616	131
2	893	408.711316639882	132
2	896	410.060148243493	133
2	899	411.866359890144	134
2	907	413.353667304781	135
2	913	417.465125325051	136
2	917	419.089038287294	137
2	922	422.488657338267	138
2	930	426.249648302803	139
2	938	429.09943037034	140
2	942	430.14909166283	141
2	951	433.030977064124	142
2	964	442.661927859912	143
2	972	446.943475270765	144
2	977	447.964092255388	145
2	982	448.949240129694	146
2	989	452.405113976814	147
2	995	455.946833101795	148
2	1002	461.203933828901	149
2	1006	463.897716574898	150
2	1012	464.976251261673	151
2	1020	466.654088460427	152
2	1024	468.052600308449	153
2	1033	469.951569202394	154
2	1039	471.676050581247	155
2	1043	473.580436714123	156
2	1052	479.947438698555	157
2	1063	487.024563177179	158
2	1068	488.007964850548	159
2	1071	489.432482307355	160
2	1075	491.299295010352	161
2	1084	496.154309933048	162
2	1090	499.200947369666	163
2	1097	502.476302228065	164
2	1102	505.125950459871	165
2	1106	506.238347237741	166
2	1111	508.239493060168	167
2	1117	510.534822626897	168
2	1126	512.107067090748	169
2	1133	516.570300526952	170
2	1137	518.212946778571	171
2	1141	520.064775632264	172
2	1145	522.014377425371	173
2	1150	525.360953867605	174
2	1158	530.3857574282	175
2	1164	533.125820204382	176
2	1168	535.171574390479	177
2	1175	538.038288584263	178
2	1179	539.285383117292	179
2	1184	541.98406651312	180
2	1191	544.007033096335	181
2	1195	545.397352206679	182
2	1199	547.200439079755	183
2	1203	549.037673799954	184
2	1206	550.555480030916	185
2	1212	554.70048029224	186
2	1217	558.08091433332	187
2	1220	559.838964186063	188
2	1224	561.583311225969	189
2	1231	563.008615247627	190
2	1238	566.308273635098	191
2	1252	575.839268007609	192
2	1258	578.278690641557	193
2	1266	582.97978939924	194
2	1275	592.940625682518	195
2	1278	594.278187735342	196
2	1283	598.087645535008	197
2	1286	599.695361236215	198
2	1294	604.554387743017	199
2	1302	605.61306035568	200
2	1307	608.344596469766	201
2	1318	614.86155957185	202
2	1323	616.389247979688	203
2	1344	634.267736296466	204
2	1358	640.791092035957	205
2	1366	645.593541703773	206
2	1372	649.287726824197	207
2	1385	655.172144379004	208
2	1389	656.844299436599	209
2	1397	659.944878668723	210
2	1403	662.878170294141	211
2	1412	665.85466485504	212
2	1416	667.60685076724	213
2	1420	669.392471235962	214
2	1424	670.87524402818	215
2	1430	674.14148954715	216
2	1440	683.66146164336	217
2	1444	684.737672371666	218
2	1450	689.721087110433	219
2	1455	693.417261044082	220
2	1468	697.345087292545	221
2	1473	701.063777134556	222
2	1481	705.522951794249	223
2	1491	709.227650126232	224
2	1500	717.418368304739	225
2	1503	718.870298427538	226
2	1507	720.482481493847	227
2	1510	721.72238374928	228
2	1516	725.133211474826	229
2	1525	729.926498353611	230
2	1530	733.341251305403	231
2	1538	735.913486270347	232
2	1547	740.982663946821	233
2	1554	743.047967466729	234
2	1563	749.271991335603	235
2	1569	751.086632314663	236
2	1579	758.726641502601	237
2	1582	760.069756072666	238
2	1588	764.601817084876	239
2	1594	769.427713814624	240
2	1597	771.314334229314	241
2	1603	776.689549601855	242
2	1607	780.025986954257	243
2	1613	781.248500401843	244
2	1617	782.215392567685	245
2	1626	783.872083436085	246
2	1630	785.697534351057	247
2	1636	787.572399395895	248
2	1643	792.162952390609	249
2	1646	793.618779853291	250
2	1654	799.471915686895	251
2	1658	800.742669784281	252
2	1662	802.056069868783	253
2	1670	805.276679979813	254
2	1674	806.903062517379	255
2	1678	808.374811026351	256
2	1686	813.450988825527	257
2	1695	816.297195866015	258
2	1701	817.705059201282	259
2	1711	822.496223271959	260
2	1716	825.653371706099	261
2	1721	826.809427889181	262
2	1728	830.307387166416	263
2	1733	833.343898595492	264
2	1739	834.728614058685	265
2	1744	838.157836171702	266
2	1749	841.017082871899	267
2	1753	842.93473450314	268
2	1758	846.299476630941	269
2	1767	847.947272535539	270
2	1772	849.137240572443	271
2	1778	851.760805021056	272
2	1786	855.67113863955	273
2	1794	862.349263327057	274
2	1799	864.69866209971	275
2	1802	866.234885413972	276
2	1814	875.762993251635	277
2	1826	881.719453615529	278
2	1832	883.946468652221	279
2	1836	885.275027301391	280
2	1841	888.338481700029	281
2	1848	891.019587484331	282
2	1859	896.198603659235	283
2	1869	900.315575035	284
2	1873	902.156165808458	285
2	1877	903.467682866531	286
2	1884	904.489962903269	287
2	1893	909.416234535437	288
2	1899	912.589968505234	289
2	1902	913.579111986605	290
2	1908	915.295429370461	291
2	1914	918.714974372385	292
2	1920	920.219584689324	293
2	1926	922.84757086724	294
2	1932	926.112683179914	295
2	1944	932.857813838478	296
2	1952	935.501416723414	297
2	1956	936.638577407326	298
2	1960	938.350748285905	299
2	1968	941.55640525951	300
2	1979	946.602322364997	301
2	1984	948.043493304471	302
2	1989	951.001773778551	303
2	1993	952.676414563552	304
2	1998	954.209336428601	305
2	2003	956.242201524719	306
2	2009	960.445635788525	307
2	2017	967.291772543484	308
2	2022	969.037411310492	309
2	2027	971.884565552438	310
2	2035	977.890167279723	311
2	2039	979.621897575638	312
2	2046	980.926778162009	313
2	2049	982.639570898916	314
2	2054	984.51715031784	315
2	2063	990.551017786634	316
2	2066	992.226402122275	317
2	2072	995.519933455537	318
2	2077	998.96147398298	319
3	10	5.145871867503	1
3	12	5.365377765459	2
3	20	7.944250102887	3
3	26	11.100463220371	4
3	28	11.325059515391	5
3	32	12.752258625245	6
3	34	13.00512943144	7
3	36	13.170075823297	8
3	38	13.261220050249	9
3	44	14.08767157767	10
3	54	20.354462669144	11
3	65	31.961921009117	12
3	67	32.242066381167	13
3	71	34.028876688087	14
3	78	39.006312590815	15
3	94	50.425261765634	16
3	96	50.65677268669	17
3	101	51.711911540338	18
3	105	53.426246543834	19
3	114	58.665551785405	20
3	118	60.480462620443	21
3	122	61.897126244241	22
3	128	64.416046514217	23
3	132	65.529163662646	24
3	136	66.67224733928	25
3	138	67.02953611989	26
3	143	69.449817182456	27
3	155	73.296095742748	28
3	157	73.50939305124	29
3	169	82.112374323551	30
3	171	82.260997009281	31
3	177	84.728475551876	32
3	182	87.346112352942	33
3	189	91.860596154329	34
3	191	92.149522763611	35
3	195	93.091881513246	36
3	197	93.37428050117	37
3	199	93.598824938756	38
3	204	96.926453940013	39
3	210	98.14925366951	40
3	216	100.976805790682	41
3	218	101.151212967488	42
3	228	107.563502262324	43
3	232	109.467083216487	44
3	242	115.138049894236	45
3	246	116.899145485421	46
3	251	120.37429663442	47
3	256	122.301614713946	48
3	270	135.294864395997	49
3	278	138.320901136266	50
3	282	139.83195589024	51
3	291	146.591032215629	52
3	297	148.937097536336	53
3	302	151.841569427863	54
3	306	153.019344495273	55
3	311	154.347944593065	56
3	320	158.619594197749	57
3	325	161.82752958029	58
3	329	163.022224593454	59
3	331	163.184441390995	60
3	337	166.323387813715	61
3	339	166.535944444677	62
3	354	172.429283779446	63
3	356	172.627951534953	64
3	360	174.332894047584	65
3	368	177.52885280192	66
3	376	183.85816165036	67
3	378	184.05494682234	68
3	383	185.655553010294	69
3	385	185.86427987371	70
3	393	191.060947798211	71
3	395	191.394695414876	72
3	403	197.543247027558	73
3	419	206.113460461473	74
3	421	206.348015778187	75
3	433	212.25437789184	76
3	435	212.492115523233	77
3	442	216.807518431144	78
3	447	218.676092687344	79
3	455	224.384014266216	80
3	457	224.576971351775	81
3	461	226.420119003319	82
3	463	226.608962276026	83
3	470	228.064998417112	84
3	476	229.805010757213	85
3	489	237.57349829235	86
3	491	237.905088747429	87
3	493	238.050781611026	88
3	495	238.299970724638	89
3	501	238.573009666835	90
3	502	238.633507774197	91
3	505	238.778444824639	92
3	514	243.363751956091	93
3	520	245.921477006315	94
3	532	252.272217079176	95
3	536	253.862075525961	96
3	542	257.398841219616	97
3	549	261.471258844259	98
3	559	266.971611410754	99
3	566	268.793514558878	100
3	570	270.559979110102	101
3	574	272.189546484298	102
3	578	273.204030849977	103
3	583	276.503558135092	104
3	585	276.703234053006	105
3	587	276.918677811647	106
3	591	277.574948972363	107
3	593	277.891643007404	108
3	595	278.177483680916	109
3	597	278.443491635446	110
3	599	278.537671849332	111
3	606	282.368361794649	112
3	611	283.856597769837	113
3	617	285.078068674071	114
3	619	285.432637566276	115
3	627	288.649218202672	116
3	633	292.757117797634	117
3	644	300.065447452877	118
3	646	300.292795950615	119
3	654	303.362840270745	120
3	660	304.898188424295	121
3	668	307.608735063353	122
3	670	307.849477150773	123
3	679	312.080080792547	124
3	684	314.343919966188	125
3	686	314.549051672528	126
3	692	318.052720571942	127
3	701	324.107173959294	128
3	706	326.350600936674	129
3	708	326.604891973248	130
3	723	333.487160018204	131
3	733	337.460996480884	132
3	735	337.75137446959	133
3	737	338.080115506726	134
3	747	345.010049033377	135
3	751	346.668823389196	136
3	760	352.740881136379	137
3	762	353.010583214232	138
3	766	353.985132572196	139
3	768	354.358466352293	140
3	770	354.611099172275	141
3	782	358.68866818599	142
3	787	359.828480516147	143
3	798	365.983216710485	144
3	805	368.848063668695	145
3	809	370.356341752082	146
3	816	373.0551287459	147
3	821	375.977579826687	148
3	823	376.246910869316	149
3	835	385.534968072371	150
3	840	387.265786105817	151
3	842	387.554028769479	152
3	844	387.802684180882	153
3	848	388.952340173194	154
3	857	393.123857025383	155
3	862	394.825173398607	156
3	866	395.924168653295	157
3	873	399.020415999382	158
3	875	399.383161897675	159
3	883	403.10676555886	160
3	900	412.014873148106	161
3	902	412.152428998021	162
3	904	412.478838682722	163
3	908	413.558619764435	164
3	914	417.529709242744	165
3	918	419.185935298882	166
3	923	422.528346739446	167
3	931	426.275779116911	168
3	933	426.432207450127	169
3	939	429.125979376703	170
3	943	430.187901216501	171
3	945	430.366602445867	172
3	952	433.15476935307	173
3	965	442.700729816578	174
3	967	442.876092032847	175
3	973	447.048815053706	176
3	978	448.090267076699	177
3	983	449.101340822048	178
3	990	452.52571365057	179
3	996	456.029928202541	180
3	1007	463.995436028208	181
3	1009	464.260621264175	182
3	1013	465.101514617289	183
3	1015	465.27352632867	184
3	1017	465.510037178363	185
3	1021	466.739347033637	186
3	1025	468.133467405824	187
3	1027	468.398482133254	188
3	1034	470.041648795207	189
3	1036	470.238434015052	190
3	1040	471.863272103457	191
3	1044	473.669341566566	192
3	1053	479.992100805521	193
3	1064	487.125335110566	194
3	1072	489.607235312999	195
3	1076	491.405655585334	196
3	1078	491.612965174033	197
3	1085	496.260674882885	198
3	1091	499.260764362119	199
3	1098	502.537930730144	200
3	1103	505.184743973676	201
3	1107	506.415123360741	202
3	1112	508.357834492498	203
3	1118	510.601731123683	204
3	1120	510.748015116773	205
3	1127	512.235296609956	206
3	1134	516.730740163694	207
3	1138	518.265213222797	208
3	1142	520.215310993917	209
3	1146	522.181788139769	210
3	1151	525.390902243601	211
3	1159	530.47196006631	212
3	1165	533.200852441689	213
3	1169	535.27772461466	214
3	1176	538.130313145399	215
3	1180	539.38902696705	216
3	1185	542.174497495487	217
3	1192	544.166392124113	218
3	1196	545.518254938228	219
3	1200	547.25320298776	220
3	1213	554.797310040042	221
3	1221	559.918514238842	222
3	1225	561.631503910047	223
3	1227	561.859654610128	224
3	1232	563.137077323828	225
3	1239	566.344536362662	226
3	1253	575.9875718362	227
3	1259	578.358969769701	228
3	1279	594.321984556653	229
3	1287	599.820623227979	230
3	1295	604.721402280864	231
3	1297	605.074847629927	232
3	1299	605.398905308838	233
3	1308	608.449307402198	234
3	1310	608.783908957339	235
3	1312	609.069414333152	236
3	1319	615.053751375482	237
3	1324	616.528718697954	238
3	1345	634.339057650066	239
3	1347	634.485412097595	240
3	1351	634.979732009994	241
3	1359	640.981490517459	242
3	1361	641.331265213841	243
3	1367	645.802174739935	244
3	1373	649.486347564957	245
3	1375	649.661181831969	246
3	1377	649.744239342183	247
3	1386	655.339731717154	248
3	1390	656.967870545945	249
3	1398	660.133438552807	250
3	1404	663.063426707653	251
3	1406	663.295406864775	252
3	1408	663.632841863272	253
3	1413	665.971433414518	254
3	1417	667.754077948497	255
3	1421	669.601995771697	256
3	1425	671.082094903149	257
3	1431	674.237743050911	258
3	1441	683.75350874119	259
3	1445	684.867595805751	260
3	1451	689.905412883322	261
3	1456	693.455794504063	262
3	1458	693.771561695812	263
3	1460	693.829730234414	264
3	1462	694.052806260527	265
3	1469	697.510463270523	266
3	1474	701.138951148023	267
3	1482	705.647654675679	268
3	1504	718.987227172525	269
3	1511	721.790241401014	270
3	1517	725.245693947428	271
3	1519	725.459497720017	272
3	1531	733.419755505105	273
3	1539	736.031498966332	274
3	1541	736.160138850294	275
3	1548	741.109591093747	276
3	1555	743.218369683701	277
3	1564	749.36222455987	278
3	1566	749.542055911957	279
3	1570	751.133775283702	280
3	1583	760.205229661972	281
3	1589	764.661232252625	282
3	1608	780.131548066986	283
3	1614	781.322568437017	284
3	1618	782.332997550515	285
3	1620	782.472914321469	286
3	1622	782.799733967226	287
3	1627	784.020591197896	288
3	1631	785.851657945727	289
3	1637	787.644684252892	290
3	1655	799.58239483693	291
3	1659	800.762846491156	292
3	1663	802.09048268776	293
3	1671	805.346033774913	294
3	1675	807.0680170349	295
3	1679	808.436564398531	296
3	1687	813.645499860607	297
3	1689	813.835956320315	298
3	1691	814.21186501705	299
3	1696	816.379141999169	300
3	1698	816.65761432058	301
3	1702	817.843748892965	302
3	1712	822.570248971537	303
3	1717	825.682457151263	304
3	1722	827.019271298925	305
3	1724	827.395642565042	306
3	1729	830.493416407694	307
3	1734	833.49109130938	308
3	1736	833.688533995058	309
3	1745	838.203592540132	310
3	1750	841.114420115246	311
3	1754	843.030994006302	312
3	1759	846.49051788632	313
3	1761	846.809949195098	314
3	1768	848.134361911367	315
3	1773	849.210346302622	316
3	1779	851.846612951487	317
3	1781	852.065467559165	318
3	1787	855.856303818172	319
3	1795	862.489550199479	320
3	1803	866.294655236652	321
3	1805	866.47494487245	322
3	1815	875.859272840095	323
3	1817	876.025440775496	324
3	1827	881.78122965424	325
3	1833	884.01493151417	326
3	1842	888.465396383744	327
3	1849	891.043331964408	328
3	1851	891.356120243446	329
3	1853	891.616074131225	330
3	1860	896.271706395885	331
3	1862	896.541319078167	332
3	1870	900.391012238869	333
3	1874	902.241705628047	334
3	1878	903.503020384903	335
3	1880	903.656563569021	336
3	1885	904.686338078332	337
3	1887	905.035198403391	338
3	1894	909.523958095817	339
3	1903	913.697948134705	340
3	1905	913.968446331891	341
3	1909	915.400843801409	342
3	1915	918.79488780981	343
3	1917	918.988569983049	344
3	1921	920.343757822832	345
3	1927	922.897364909877	346
3	1933	926.315597091971	347
3	1945	932.982424914394	348
3	1953	935.559315924165	349
3	1957	936.67071310298	350
3	1961	938.46763474701	351
3	1963	938.835157870658	352
3	1969	941.593332519854	353
3	1971	941.708433391185	354
3	1980	946.724276495718	355
3	1985	948.250199692784	356
3	1990	951.205312271991	357
3	1994	952.882753761926	358
3	1999	954.300397144294	359
3	2004	956.369314587684	360
3	2010	960.630275224695	361
3	2018	967.464920347718	362
3	2028	972.072397038261	363
3	2036	978.057432274646	364
3	2040	979.764708572467	365
3	2042	980.042925385639	366
3	2050	982.721412414044	367
3	2055	984.604392880583	368
3	2067	992.346673416685	369
3	2073	995.625135972674	370
3	2078	999.129680571988	371
3	2080	999.332340509428	372
4	10	5.145871867503	1
4	12	5.365377765459	2
4	20	7.944250102887	3
4	26	11.100463220371	4
4	28	11.325059515391	5
4	32	12.752258625245	6
4	34	13.00512943144	7
4	36	13.170075823297	8
4	38	13.261220050249	9
4	44	14.08767157767	10
4	54	20.354462669144	11
4	65	31.961921009117	12
4	67	32.242066381167	13
4	71	34.028876688087	14
4	78	39.006312590815	15
4	94	50.425261765634	16
4	96	50.65677268669	17
4	101	51.711911540338	18
4	105	53.426246543834	19
4	114	58.665551785405	20
4	118	60.480462620443	21
4	122	61.897126244241	22
4	128	64.416046514217	23
4	132	65.529163662646	24
4	136	66.67224733928	25
4	138	67.02953611989	26
4	143	69.449817182456	27
4	155	73.296095742748	28
4	157	73.50939305124	29
4	169	82.112374323551	30
4	171	82.260997009281	31
4	177	84.728475551876	32
4	182	87.346112352942	33
4	189	91.860596154329	34
4	191	92.149522763611	35
4	195	93.091881513246	36
4	197	93.37428050117	37
4	199	93.598824938756	38
4	204	96.926453940013	39
4	210	98.14925366951	40
4	216	100.976805790682	41
4	218	101.151212967488	42
4	228	107.563502262324	43
4	232	109.467083216487	44
4	242	115.138049894236	45
4	246	116.899145485421	46
4	251	120.37429663442	47
4	256	122.301614713946	48
4	270	135.294864395997	49
4	278	138.320901136266	50
4	282	139.83195589024	51
4	291	146.591032215629	52
4	297	148.937097536336	53
4	302	151.841569427863	54
4	306	153.019344495273	55
4	311	154.347944593065	56
4	320	158.619594197749	57
4	325	161.82752958029	58
4	329	163.022224593454	59
4	331	163.184441390995	60
4	337	166.323387813715	61
4	339	166.535944444677	62
4	354	172.429283779446	63
4	356	172.627951534953	64
4	360	174.332894047584	65
4	368	177.52885280192	66
4	376	183.85816165036	67
4	378	184.05494682234	68
4	383	185.655553010294	69
4	385	185.86427987371	70
4	393	191.060947798211	71
4	395	191.394695414876	72
4	403	197.543247027558	73
4	419	206.113460461473	74
4	421	206.348015778187	75
4	433	212.25437789184	76
4	435	212.492115523233	77
4	442	216.807518431144	78
4	447	218.676092687344	79
4	455	224.384014266216	80
4	457	224.576971351775	81
4	461	226.420119003319	82
4	463	226.608962276026	83
4	470	228.064998417112	84
4	476	229.805010757213	85
4	489	237.57349829235	86
4	491	237.905088747429	87
4	493	238.050781611026	88
4	495	238.299970724638	89
4	501	238.573009666835	90
4	502	238.633507774197	91
4	505	238.778444824639	92
4	514	243.363751956091	93
4	520	245.921477006315	94
4	532	252.272217079176	95
4	536	253.862075525961	96
4	542	257.398841219616	97
4	549	261.471258844259	98
4	559	266.971611410754	99
4	566	268.793514558878	100
4	570	270.559979110102	101
4	574	272.189546484298	102
4	578	273.204030849977	103
4	583	276.503558135092	104
4	585	276.703234053006	105
4	587	276.918677811647	106
4	591	277.574948972363	107
4	593	277.891643007404	108
4	595	278.177483680916	109
4	597	278.443491635446	110
4	599	278.537671849332	111
4	606	282.368361794649	112
4	611	283.856597769837	113
4	617	285.078068674071	114
4	619	285.432637566276	115
4	627	288.649218202672	116
4	633	292.757117797634	117
4	644	300.065447452877	118
4	646	300.292795950615	119
4	654	303.362840270745	120
4	660	304.898188424295	121
4	668	307.608735063353	122
4	670	307.849477150773	123
4	679	312.080080792547	124
4	684	314.343919966188	125
4	686	314.549051672528	126
4	692	318.052720571942	127
4	701	324.107173959294	128
4	706	326.350600936674	129
4	708	326.604891973248	130
4	723	333.487160018204	131
4	733	337.460996480884	132
4	735	337.75137446959	133
4	737	338.080115506726	134
4	747	345.010049033377	135
4	751	346.668823389196	136
4	760	352.740881136379	137
4	762	353.010583214232	138
4	766	353.985132572196	139
4	768	354.358466352293	140
4	770	354.611099172275	141
4	782	358.68866818599	142
4	787	359.828480516147	143
4	798	365.983216710485	144
4	805	368.848063668695	145
4	809	370.356341752082	146
4	816	373.0551287459	147
4	821	375.977579826687	148
4	823	376.246910869316	149
4	835	385.534968072371	150
4	840	387.265786105817	151
4	842	387.554028769479	152
4	844	387.802684180882	153
4	848	388.952340173194	154
4	857	393.123857025383	155
4	862	394.825173398607	156
4	866	395.924168653295	157
4	873	399.020415999382	158
4	875	399.383161897675	159
4	883	403.10676555886	160
4	900	412.014873148106	161
4	902	412.152428998021	162
4	904	412.478838682722	163
4	908	413.558619764435	164
4	914	417.529709242744	165
4	918	419.185935298882	166
4	923	422.528346739446	167
4	931	426.275779116911	168
4	933	426.432207450127	169
4	939	429.125979376703	170
4	943	430.187901216501	171
4	945	430.366602445867	172
4	952	433.15476935307	173
4	965	442.700729816578	174
4	967	442.876092032847	175
4	973	447.048815053706	176
4	978	448.090267076699	177
4	983	449.101340822048	178
4	990	452.52571365057	179
4	996	456.029928202541	180
4	1007	463.995436028208	181
4	1009	464.260621264175	182
4	1013	465.101514617289	183
4	1015	465.27352632867	184
4	1017	465.510037178363	185
4	1021	466.739347033637	186
4	1025	468.133467405824	187
4	1027	468.398482133254	188
4	1034	470.041648795207	189
4	1036	470.238434015052	190
4	1040	471.863272103457	191
4	1044	473.669341566566	192
4	1053	479.992100805521	193
4	1064	487.125335110566	194
4	1072	489.607235312999	195
4	1076	491.405655585334	196
4	1078	491.612965174033	197
4	1085	496.260674882885	198
4	1091	499.260764362119	199
4	1098	502.537930730144	200
4	1103	505.184743973676	201
4	1107	506.415123360741	202
4	1112	508.357834492498	203
4	1118	510.601731123683	204
4	1120	510.748015116773	205
4	1127	512.235296609956	206
4	1134	516.730740163694	207
4	1138	518.265213222797	208
4	1142	520.215310993917	209
4	1146	522.181788139769	210
4	1151	525.390902243601	211
4	1159	530.47196006631	212
4	1165	533.200852441689	213
4	1169	535.27772461466	214
4	1176	538.130313145399	215
4	1180	539.38902696705	216
4	1185	542.174497495487	217
4	1192	544.166392124113	218
4	1196	545.518254938228	219
4	1200	547.25320298776	220
4	1213	554.797310040042	221
4	1221	559.918514238842	222
4	1225	561.631503910047	223
4	1227	561.859654610128	224
4	1232	563.137077323828	225
4	1239	566.344536362662	226
4	1253	575.9875718362	227
4	1259	578.358969769701	228
4	1279	594.321984556653	229
4	1287	599.820623227979	230
4	1295	604.721402280864	231
4	1297	605.074847629927	232
4	1299	605.398905308838	233
4	1308	608.449307402198	234
4	1310	608.783908957339	235
4	1312	609.069414333152	236
4	1319	615.053751375482	237
4	1324	616.528718697954	238
4	1345	634.339057650066	239
4	1347	634.485412097595	240
4	1351	634.979732009994	241
4	1359	640.981490517459	242
4	1361	641.331265213841	243
4	1367	645.802174739935	244
4	1373	649.486347564957	245
4	1375	649.661181831969	246
4	1377	649.744239342183	247
4	1386	655.339731717154	248
4	1390	656.967870545945	249
4	1398	660.133438552807	250
4	1404	663.063426707653	251
4	1406	663.295406864775	252
4	1408	663.632841863272	253
4	1413	665.971433414518	254
4	1417	667.754077948497	255
4	1421	669.601995771697	256
4	1425	671.082094903149	257
4	1431	674.237743050911	258
4	1441	683.75350874119	259
4	1445	684.867595805751	260
4	1451	689.905412883322	261
4	1456	693.455794504063	262
4	1458	693.771561695812	263
4	1460	693.829730234414	264
4	1462	694.052806260527	265
4	1469	697.510463270523	266
4	1474	701.138951148023	267
4	1482	705.647654675679	268
4	1504	718.987227172525	269
4	1511	721.790241401014	270
4	1517	725.245693947428	271
4	1519	725.459497720017	272
4	1531	733.419755505105	273
4	1539	736.031498966332	274
4	1541	736.160138850294	275
4	1548	741.109591093747	276
4	1555	743.218369683701	277
4	1564	749.36222455987	278
4	1566	749.542055911957	279
4	1570	751.133775283702	280
4	1583	760.205229661972	281
4	1589	764.661232252625	282
4	1608	780.131548066986	283
4	1614	781.322568437017	284
4	1618	782.332997550515	285
4	1620	782.472914321469	286
4	1622	782.799733967226	287
4	1627	784.020591197896	288
4	1631	785.851657945727	289
4	1637	787.644684252892	290
4	1655	799.58239483693	291
4	1659	800.762846491156	292
4	1663	802.09048268776	293
4	1671	805.346033774913	294
4	1675	807.0680170349	295
4	1679	808.436564398531	296
4	1687	813.645499860607	297
4	1689	813.835956320315	298
4	1691	814.21186501705	299
4	1696	816.379141999169	300
4	1698	816.65761432058	301
4	1702	817.843748892965	302
4	1712	822.570248971537	303
4	1717	825.682457151263	304
4	1722	827.019271298925	305
4	1724	827.395642565042	306
4	1729	830.493416407694	307
4	1734	833.49109130938	308
4	1736	833.688533995058	309
4	1745	838.203592540132	310
4	1750	841.114420115246	311
4	1754	843.030994006302	312
4	1759	846.49051788632	313
4	1761	846.809949195098	314
4	1768	848.134361911367	315
4	1773	849.210346302622	316
4	1779	851.846612951487	317
4	1781	852.065467559165	318
4	1787	855.856303818172	319
4	1795	862.489550199479	320
4	1803	866.294655236652	321
4	1805	866.47494487245	322
4	1815	875.859272840095	323
4	1817	876.025440775496	324
4	1827	881.78122965424	325
4	1833	884.01493151417	326
4	1842	888.465396383744	327
4	1849	891.043331964408	328
4	1851	891.356120243446	329
4	1853	891.616074131225	330
4	1860	896.271706395885	331
4	1862	896.541319078167	332
4	1870	900.391012238869	333
4	1874	902.241705628047	334
4	1878	903.503020384903	335
4	1880	903.656563569021	336
4	1885	904.686338078332	337
4	1887	905.035198403391	338
4	1894	909.523958095817	339
4	1903	913.697948134705	340
4	1905	913.968446331891	341
4	1909	915.400843801409	342
4	1915	918.79488780981	343
4	1917	918.988569983049	344
4	1921	920.343757822832	345
4	1927	922.897364909877	346
4	1933	926.315597091971	347
4	1945	932.982424914394	348
4	1953	935.559315924165	349
4	1957	936.67071310298	350
4	1961	938.46763474701	351
4	1963	938.835157870658	352
4	1969	941.593332519854	353
4	1971	941.708433391185	354
4	1980	946.724276495718	355
4	1985	948.250199692784	356
4	1990	951.205312271991	357
4	1994	952.882753761926	358
4	1999	954.300397144294	359
4	2004	956.369314587684	360
4	2010	960.630275224695	361
4	2018	967.464920347718	362
4	2028	972.072397038261	363
4	2036	978.057432274646	364
4	2040	979.764708572467	365
4	2042	980.042925385639	366
4	2050	982.721412414044	367
4	2055	984.604392880583	368
4	2067	992.346673416685	369
4	2073	995.625135972674	370
4	2078	999.129680571988	371
4	2080	999.332340509428	372
5	11	5.233113831354	1
5	33	12.859219040899	2
5	37	13.229103787916	3
5	66	32.062619699755	4
5	146	69.77970657235	5
5	190	92.041041080471	6
5	252	120.408494366982	7
5	307	153.183847455665	8
5	330	163.137483159898	9
5	332	163.236857437981	10
5	340	166.598079207358	11
5	355	172.500443011647	12
5	379	184.246139586686	13
5	420	206.142146070601	14
5	434	212.350752333933	15
5	443	216.845227912713	16
5	456	224.469879996193	17
5	490	237.742230960416	18
5	499	238.538260838373	19
5	584	276.558326904742	20
5	586	276.834455129598	21
5	592	277.72783107785	22
5	596	278.255043411164	23
5	607	282.578085649024	24
5	620	285.599698985952	25
5	669	307.651197324102	26
5	685	314.381699958113	27
5	707	326.442390670621	28
5	734	337.550441887134	29
5	769	354.473676585377	30
5	773	355.030086949836	31
5	783	358.791114855388	32
5	799	366.151824984626	33
5	822	376.107750507288	34
5	836	385.740421899482	35
5	876	399.525064930543	36
5	901	412.072179010879	37
5	944	430.345882156354	38
5	946	430.501912224065	39
5	979	448.203015598573	40
5	984	449.194238648237	41
5	1014	465.229615219299	42
5	1016	465.31700087864	43
5	1030	468.845099799372	44
5	1077	491.533545787616	45
5	1170	535.376146237582	46
5	1228	561.981069160629	47
5	1296	604.918520295757	48
5	1298	605.197807302717	49
5	1320	615.18813911696	50
5	1350	634.793868880146	51
5	1360	641.168892698574	52
5	1376	649.684555221392	53
5	1432	674.280914310176	54
5	1459	693.801293174119	55
5	1485	705.980298110266	56
5	1621	782.680566535701	57
5	1623	782.966046413143	58
5	1666	802.308682180388	59
5	1688	813.694406467047	60
5	1690	814.012225217532	61
5	1718	825.74794974351	62
5	1769	848.256792233181	63
5	1780	851.870800793016	64
5	1852	891.479953305154	65
5	1861	896.458997169442	66
5	1881	903.852489351556	67
5	1910	915.502310089796	68
5	1928	923.026833065592	69
5	1970	941.644305330183	70
5	1981	946.854478925848	71
5	1995	953.090687181971	72
5	2019	967.572010540022	73
5	2041	979.914431597334	74
5	2051	982.905130112054	75
5	2068	992.551489163552	76
5	2079	999.196695640608	77
6	11	5.233113831354	1
6	33	12.859219040899	2
6	37	13.229103787916	3
6	66	32.062619699755	4
6	146	69.77970657235	5
6	190	92.041041080471	6
6	252	120.408494366982	7
6	307	153.183847455665	8
6	330	163.137483159898	9
6	332	163.236857437981	10
6	340	166.598079207358	11
6	355	172.500443011647	12
6	379	184.246139586686	13
6	420	206.142146070601	14
6	434	212.350752333933	15
6	443	216.845227912713	16
6	456	224.469879996193	17
6	490	237.742230960416	18
6	499	238.538260838373	19
6	584	276.558326904742	20
6	586	276.834455129598	21
6	592	277.72783107785	22
6	596	278.255043411164	23
6	607	282.578085649024	24
6	620	285.599698985952	25
6	669	307.651197324102	26
6	685	314.381699958113	27
6	707	326.442390670621	28
6	734	337.550441887134	29
6	769	354.473676585377	30
6	773	355.030086949836	31
6	783	358.791114855388	32
6	799	366.151824984626	33
6	822	376.107750507288	34
6	836	385.740421899482	35
6	876	399.525064930543	36
6	901	412.072179010879	37
6	944	430.345882156354	38
6	946	430.501912224065	39
6	979	448.203015598573	40
6	984	449.194238648237	41
6	1014	465.229615219299	42
6	1016	465.31700087864	43
6	1030	468.845099799372	44
6	1077	491.533545787616	45
6	1170	535.376146237582	46
6	1228	561.981069160629	47
6	1296	604.918520295757	48
6	1298	605.197807302717	49
6	1320	615.18813911696	50
6	1350	634.793868880146	51
6	1360	641.168892698574	52
6	1376	649.684555221392	53
6	1432	674.280914310176	54
6	1459	693.801293174119	55
6	1485	705.980298110266	56
6	1621	782.680566535701	57
6	1623	782.966046413143	58
6	1666	802.308682180388	59
6	1688	813.694406467047	60
6	1690	814.012225217532	61
6	1718	825.74794974351	62
6	1769	848.256792233181	63
6	1780	851.870800793016	64
6	1852	891.479953305154	65
6	1861	896.458997169442	66
6	1881	903.852489351556	67
6	1910	915.502310089796	68
6	1928	923.026833065592	69
6	1970	941.644305330183	70
6	1981	946.854478925848	71
6	1995	953.090687181971	72
6	2019	967.572010540022	73
6	2041	979.914431597334	74
6	2051	982.905130112054	75
6	2068	992.551489163552	76
6	2079	999.196695640608	77
7	13	5.530884776619	1
7	21	8.133932473095	2
7	27	11.199069770264	3
7	35	13.07899212495	4
7	39	13.297793630089	5
7	79	39.129595513487	6
7	95	50.569184159359	7
7	97	50.690097863199	8
7	137	66.876438881494	9
7	144	69.655628140887	10
7	156	73.371833100374	11
7	170	82.206656346776	12
7	196	93.196605194222	13
7	198	93.542481113427	14
7	205	97.074576711293	15
7	217	101.01864291482	16
7	219	101.272641814813	17
7	233	109.565445119101	18
7	271	135.483731242747	19
7	283	139.907441967171	20
7	338	166.374469540261	21
7	361	174.417793935355	22
7	377	183.98241594386	23
7	384	185.705467666247	24
7	394	191.231852295576	25
7	404	197.750873941295	26
7	436	212.512366804194	27
7	462	226.453093785751	28
7	464	226.802983542895	29
7	471	228.203214892253	30
7	492	237.995790120884	31
7	494	238.092688353331	32
7	496	238.341202249224	33
7	504	238.755003052169	34
7	506	238.884216026723	35
7	521	246.000118167156	36
7	537	253.970647430591	37
7	550	261.669439481549	38
7	560	267.106576337565	39
7	594	278.089530998051	40
7	598	278.478587192749	41
7	612	283.977055984441	42
7	618	285.230156738827	43
7	645	300.150369896098	44
7	647	300.437933458491	45
7	655	303.570759473285	46
7	661	305.00088776067	47
7	709	326.669563166148	48
7	724	333.598081438876	49
7	736	337.912924168175	50
7	752	346.772253045965	51
7	761	352.853698518493	52
7	767	354.158149634112	53
7	771	354.700865309195	54
7	824	376.445973583921	55
7	841	387.360247380211	56
7	843	387.596551494483	57
7	849	389.090701140565	58
7	858	393.274243748086	59
7	867	396.114606148619	60
7	874	399.214693333965	61
7	903	412.27471781994	62
7	924	422.696653078948	63
7	932	426.358960791473	64
7	966	442.808015551205	65
7	974	447.141458357098	66
7	1008	464.16783127657	67
7	1026	468.264839966212	68
7	1028	468.590031644317	69
7	1035	470.089621173204	70
7	1065	487.201204867615	71
7	1092	499.451580809512	72
7	1108	506.553974014925	73
7	1119	510.69926215926	74
7	1121	510.788947459595	75
7	1152	525.424408751961	76
7	1186	542.218155469271	77
7	1226	561.655040150219	78
7	1233	563.339357740759	79
7	1240	566.488393786465	80
7	1260	578.48003175741	81
7	1288	599.936328020452	82
7	1309	608.637832011795	83
7	1311	608.893766570306	84
7	1346	634.453339010049	85
7	1348	634.613532475592	86
7	1368	645.96256712679	87
7	1374	649.539300747979	88
7	1391	657.122186522986	89
7	1399	660.195177790604	90
7	1405	663.103315816764	91
7	1407	663.431171442026	92
7	1426	671.145571539037	93
7	1457	693.590151181344	94
7	1461	693.901674617268	95
7	1483	705.791958744133	96
7	1518	725.351080397025	97
7	1520	725.654180753697	98
7	1532	733.616546273628	99
7	1540	736.122469991432	100
7	1549	741.157279731016	101
7	1565	749.394828117033	102
7	1609	780.251875738564	103
7	1619	782.404182226276	104
7	1632	785.95725604884	105
7	1664	802.204272400176	106
7	1680	808.49309893006	107
7	1697	816.461555950125	108
7	1703	817.974008022137	109
7	1723	827.196801277239	110
7	1735	833.59499118779	111
7	1760	846.622569470826	112
7	1762	846.875266673562	113
7	1804	866.348769936209	114
7	1816	875.902763188763	115
7	1818	876.170816377436	116
7	1843	888.566146664044	117
7	1850	891.184562362603	118
7	1879	903.619674748203	119
7	1886	904.887125675086	120
7	1904	913.861906814299	121
7	1916	918.830300019985	122
7	1934	926.487287359451	123
7	1946	933.179984281458	124
7	1962	938.637879558511	125
7	2043	980.119206525061	126
8	13	5.530884776619	1
8	21	8.133932473095	2
8	27	11.199069770264	3
8	35	13.07899212495	4
8	39	13.297793630089	5
8	79	39.129595513487	6
8	95	50.569184159359	7
8	97	50.690097863199	8
8	137	66.876438881494	9
8	144	69.655628140887	10
8	156	73.371833100374	11
8	170	82.206656346776	12
8	196	93.196605194222	13
8	198	93.542481113427	14
8	205	97.074576711293	15
8	217	101.01864291482	16
8	219	101.272641814813	17
8	233	109.565445119101	18
8	271	135.483731242747	19
8	283	139.907441967171	20
8	338	166.374469540261	21
8	361	174.417793935355	22
8	377	183.98241594386	23
8	384	185.705467666247	24
8	394	191.231852295576	25
8	404	197.750873941295	26
8	436	212.512366804194	27
8	462	226.453093785751	28
8	464	226.802983542895	29
8	471	228.203214892253	30
8	492	237.995790120884	31
8	494	238.092688353331	32
8	496	238.341202249224	33
8	504	238.755003052169	34
8	506	238.884216026723	35
8	521	246.000118167156	36
8	537	253.970647430591	37
8	550	261.669439481549	38
8	560	267.106576337565	39
8	594	278.089530998051	40
8	598	278.478587192749	41
8	612	283.977055984441	42
8	618	285.230156738827	43
8	645	300.150369896098	44
8	647	300.437933458491	45
8	655	303.570759473285	46
8	661	305.00088776067	47
8	709	326.669563166148	48
8	724	333.598081438876	49
8	736	337.912924168175	50
8	752	346.772253045965	51
8	761	352.853698518493	52
8	767	354.158149634112	53
8	771	354.700865309195	54
8	824	376.445973583921	55
8	841	387.360247380211	56
8	843	387.596551494483	57
8	849	389.090701140565	58
8	858	393.274243748086	59
8	867	396.114606148619	60
8	874	399.214693333965	61
8	903	412.27471781994	62
8	924	422.696653078948	63
8	932	426.358960791473	64
8	966	442.808015551205	65
8	974	447.141458357098	66
8	1008	464.16783127657	67
8	1026	468.264839966212	68
8	1028	468.590031644317	69
8	1035	470.089621173204	70
8	1065	487.201204867615	71
8	1092	499.451580809512	72
8	1108	506.553974014925	73
8	1119	510.69926215926	74
8	1121	510.788947459595	75
8	1152	525.424408751961	76
8	1186	542.218155469271	77
8	1226	561.655040150219	78
8	1233	563.339357740759	79
8	1240	566.488393786465	80
8	1260	578.48003175741	81
8	1288	599.936328020452	82
8	1309	608.637832011795	83
8	1311	608.893766570306	84
8	1346	634.453339010049	85
8	1348	634.613532475592	86
8	1368	645.96256712679	87
8	1374	649.539300747979	88
8	1391	657.122186522986	89
8	1399	660.195177790604	90
8	1405	663.103315816764	91
8	1407	663.431171442026	92
8	1426	671.145571539037	93
8	1457	693.590151181344	94
8	1461	693.901674617268	95
8	1483	705.791958744133	96
8	1518	725.351080397025	97
8	1520	725.654180753697	98
8	1532	733.616546273628	99
8	1540	736.122469991432	100
8	1549	741.157279731016	101
8	1565	749.394828117033	102
8	1609	780.251875738564	103
8	1619	782.404182226276	104
8	1632	785.95725604884	105
8	1664	802.204272400176	106
8	1680	808.49309893006	107
8	1697	816.461555950125	108
8	1703	817.974008022137	109
8	1723	827.196801277239	110
8	1735	833.59499118779	111
8	1760	846.622569470826	112
8	1762	846.875266673562	113
8	1804	866.348769936209	114
8	1816	875.902763188763	115
8	1818	876.170816377436	116
8	1843	888.566146664044	117
8	1850	891.184562362603	118
8	1879	903.619674748203	119
8	1886	904.887125675086	120
8	1904	913.861906814299	121
8	1916	918.830300019985	122
8	1934	926.487287359451	123
8	1946	933.179984281458	124
8	1962	938.637879558511	125
8	2043	980.119206525061	126
9	14	5.600142741183	1
9	40	13.402514713819	2
9	80	39.245076254572	3
9	145	69.745639391264	4
9	206	97.173316294802	5
9	272	135.541059206294	6
9	284	140.08455812636	7
9	362	174.457264521091	8
9	405	197.802366639688	9
9	465	226.863670698002	10
9	472	228.330558205651	11
9	497	238.45784789117	12
9	507	239.016967283926	13
9	522	246.145407244826	14
9	551	261.728050118276	15
9	561	267.243328653683	16
9	613	284.17431659469	17
9	648	300.497515696923	18
9	656	303.639792189608	19
9	662	305.188835498314	20
9	710	326.852782982509	21
9	725	333.796282836887	22
9	772	354.833556691346	23
9	868	396.138989043245	24
9	925	422.905592893215	25
9	1029	468.674660603783	26
9	1122	510.9948604304	27
9	1153	525.577634048059	28
9	1187	542.284696120115	29
9	1234	563.383046476507	30
9	1241	566.672250059011	31
9	1261	578.639941409558	32
9	1349	634.644382150413	33
9	1392	657.29918984485	34
9	1484	705.825191219003	35
9	1533	733.648921477586	36
9	1550	741.36273593445	37
9	1610	780.325046917672	38
9	1633	786.118773816255	39
9	1665	802.273908981132	40
9	1704	818.009982140511	41
9	1763	846.905108706124	42
9	1819	876.274903534234	43
9	1844	888.681523307871	44
9	1935	926.548120318306	45
9	1947	933.360919037037	46
10	14	5.600142741183	1
10	40	13.402514713819	2
10	80	39.245076254572	3
10	145	69.745639391264	4
10	206	97.173316294802	5
10	272	135.541059206294	6
10	284	140.08455812636	7
10	362	174.457264521091	8
10	405	197.802366639688	9
10	465	226.863670698002	10
10	472	228.330558205651	11
10	497	238.45784789117	12
10	507	239.016967283926	13
10	522	246.145407244826	14
10	551	261.728050118276	15
10	561	267.243328653683	16
10	613	284.17431659469	17
10	648	300.497515696923	18
10	656	303.639792189608	19
10	662	305.188835498314	20
10	710	326.852782982509	21
10	725	333.796282836887	22
10	772	354.833556691346	23
10	868	396.138989043245	24
10	925	422.905592893215	25
10	1029	468.674660603783	26
10	1122	510.9948604304	27
10	1153	525.577634048059	28
10	1187	542.284696120115	29
10	1234	563.383046476507	30
10	1241	566.672250059011	31
10	1261	578.639941409558	32
10	1349	634.644382150413	33
10	1392	657.29918984485	34
10	1484	705.825191219003	35
10	1533	733.648921477586	36
10	1550	741.36273593445	37
10	1610	780.325046917672	38
10	1633	786.118773816255	39
10	1665	802.273908981132	40
10	1704	818.009982140511	41
10	1763	846.905108706124	42
10	1819	876.274903534234	43
10	1844	888.681523307871	44
10	1935	926.548120318306	45
10	1947	933.360919037037	46
11	466	226.911211952984	1
11	562	267.45049856205	2
11	726	333.907447509532	3
11	1123	511.100010746243	4
11	1551	741.503277813808	5
11	1764	847.041361692689	6
11	1948	933.562788714016	7
12	466	226.911211952984	1
12	562	267.45049856205	2
12	726	333.907447509532	3
12	1123	511.100010746243	4
12	1551	741.503277813808	5
12	1764	847.041361692689	6
12	1948	933.562788714016	7
13	2052	983.089883098087	1
14	2052	983.089883098087	2.341232517604

