version 3
run General-1-20231019-18:57:58-54425
attr configname General
attr datetime 20231019-18:57:58
attr datetimef 20231019-185758
attr experiment General
attr inifile omnetpp.ini
attr iterationvars ""
attr iterationvarsd ""
attr iterationvarsf ""
attr measurement ""
attr network Multihop
attr processid 54425
attr repetition 1
attr replication #1
attr resultdir results
attr runnumber 1
attr seedset 1
config network Multihop
config Multihop.node[*].transmissionTime "uniform(1s, 2s)"
config Multihop.node[*].delayTime "uniform(0.01s, 0.2s)"
config Multihop.node[0].lossProbability 0.3
config Multihop.node[1].lossProbability 0.3
config Multihop.node[2].lossProbability 0.3
config Multihop.node[3].lossProbability 0.3/2
config Multihop.node[4].lossProbability 0.3/2
config Multihop.node[5].lossProbability 0.3*2
config Multihop.node[6].lossProbability 0.3*2
config Multihop.node[7].lossProbability 0.3*3
config record-eventlog true
config sim-time-limit 1000s
config repeat 5

vector 0 Multihop.node[0] txVector ETV
vector 1 Multihop.node[2] rxVector ETV
vector 2 Multihop.node[2] txVector ETV
vector 3 Multihop.node[4] rxVector ETV
vector 4 Multihop.node[4] txVector ETV
vector 5 Multihop.node[6] rxVector ETV
vector 6 Multihop.node[6] txVector ETV
vector 7 Multihop.node[1] rxVector ETV
vector 8 Multihop.node[1] txVector ETV
vector 9 Multihop.node[3] rxVector ETV
vector 10 Multihop.node[3] txVector ETV
vector 11 Multihop.node[5] rxVector ETV
vector 12 Multihop.node[5] txVector ETV
vector 13 Multihop.node[7] rxVector ETV
vector 14 Multihop.node[7] e2eVector ETV
0	0	0	1
0	1	0.089234179703	2
0	3	2.086418987836	3
0	5	3.388751555586	4
0	6	4.785332281727	5
0	10	6.173243021944	6
0	12	7.377695270933	7
0	15	8.912109178144	8
0	16	10.851236973077	9
0	21	12.62962620857	10
0	22	14.459229573261	11
0	23	15.732279550636	12
0	27	16.791522747723	13
0	28	18.483399860447	14
0	29	19.798915494352	15
0	31	21.485416418991	16
0	35	22.519587729012	17
0	36	23.622813741097	18
0	38	25.070707265639	19
0	39	26.974077436959	20
0	40	28.093567910723	21
0	41	29.618367293736	22
0	45	30.701990299046	23
0	51	32.276107905785	24
0	53	34.041593012985	25
0	57	35.556482120536	26
0	61	37.448617989083	27
0	65	39.199430091658	28
0	66	40.962663148881	29
0	70	42.319194865764	30
0	74	43.433940835648	31
0	80	45.196860902828	32
0	82	47.105396048284	33
0	88	48.374397097972	34
0	92	50.129860149815	35
0	93	51.526173438064	36
0	94	52.633538746393	37
0	95	54.143349024585	38
0	97	55.245484257002	39
0	99	56.798306230341	40
0	100	58.031928758022	41
0	103	59.123485198362	42
0	109	60.936480170001	43
0	110	61.99639786489	44
0	112	63.117741315976	45
0	113	64.899699778646	46
0	116	66.516028721468	47
0	118	67.81038819335	48
0	119	69.013681434445	49
0	120	70.266007181141	50
0	121	72.009833038436	51
0	127	73.205262518605	52
0	128	74.964611317847	53
0	129	76.615731883213	54
0	133	77.655415385148	55
0	134	79.235160608894	56
0	138	80.615301784712	57
0	140	82.379543397228	58
0	141	83.589717409459	59
0	142	85.34247296781	60
0	148	86.409009450234	61
0	154	88.137021090488	62
0	159	90.087197209361	63
0	163	91.636745128666	64
0	164	92.991322362448	65
0	165	94.069842331928	66
0	169	95.763027530049	67
0	170	96.939223790427	68
0	177	98.271287363141	69
0	179	99.817634179375	70
0	183	100.944160337678	71
0	188	102.751520862455	72
0	189	103.805430136972	73
0	190	105.225623817534	74
0	192	106.904692654849	75
0	194	108.772210109632	76
0	195	110.745993652267	77
0	196	112.350709752997	78
0	197	114.179555562676	79
0	199	115.754267070561	80
0	201	117.45415110083	81
0	202	119.31246493885	82
0	208	121.067547121669	83
0	214	122.599215228229	84
0	215	124.396854035209	85
0	218	126.276852322162	86
0	219	127.529219025398	87
0	222	129.38411697012	88
0	223	131.117259501597	89
0	227	132.636271130411	90
0	229	134.409121561214	91
0	230	136.391938677873	92
0	231	137.573551534093	93
0	237	139.385410227231	94
0	243	141.224189635949	95
0	247	142.432384075016	96
0	248	143.751607867075	97
0	250	145.642124985462	98
0	251	146.794796634816	99
0	255	148.416602862418	100
0	259	149.464902874433	101
0	264	151.309612483835	102
0	270	152.96091681684	103
0	274	154.187378430624	104
0	276	156.177850211623	105
0	282	157.537410515712	106
0	284	158.893115686371	107
0	288	160.470395133018	108
0	292	162.161337274245	109
0	293	163.437183173957	110
0	294	164.662573649899	111
0	296	166.309327564088	112
0	298	167.366256998039	113
0	302	169.091237119052	114
0	307	170.47225324379	115
0	308	172.181640496596	116
0	310	173.64664197888	117
0	311	175.152368199665	118
0	312	176.846775052024	119
0	318	178.303752959359	120
0	322	179.732521733854	121
0	323	181.412540880151	122
0	329	182.996500668468	123
0	333	184.474573174844	124
0	336	186.128262930436	125
0	338	187.737076019289	126
0	342	189.688269803885	127
0	343	191.303574035762	128
0	347	193.141377903408	129
0	349	195.050671104462	130
0	350	196.689730078568	131
0	351	198.179429687913	132
0	355	200.068804436251	133
0	360	202.051221880717	134
0	361	203.563514578277	135
0	367	205.502401056355	136
0	372	207.017617716808	137
0	376	208.837222374398	138
0	380	210.769083487689	139
0	381	212.175786361452	140
0	385	213.532196449702	141
0	387	214.717326846094	142
0	391	216.596598613895	143
0	393	218.093848702851	144
0	395	219.677287233881	145
0	399	221.494122346285	146
0	400	223.205217665647	147
0	401	224.398678236761	148
0	405	225.467109297057	149
0	406	227.234584171445	150
0	407	229.058822012859	151
0	413	230.691437831734	152
0	414	232.304992005116	153
0	415	233.624963442682	154
0	422	234.736863201138	155
0	425	235.754934158063	156
0	426	237.151733268172	157
0	437	239.014644990096	158
0	441	240.437410720511	159
0	442	242.184731532939	160
0	446	243.474334278729	161
0	450	245.317940768672	162
0	452	246.532052908677	163
0	454	248.025321175929	164
0	458	249.136241544157	165
0	462	250.738045904206	166
0	465	252.173351862121	167
0	467	253.299561966097	168
0	468	254.706692607494	169
0	472	256.641647234213	170
0	474	258.285542877045	171
0	478	260.166971375121	172
0	483	261.898577846008	173
0	484	263.293674714983	174
0	485	264.593755759651	175
0	486	265.673859409176	176
0	490	267.578490411051	177
0	491	269.299008328354	178
0	494	271.146352360377	179
0	500	273.039668699147	180
0	502	274.567572674367	181
0	506	275.828833041598	182
0	512	277.6907995987	183
0	513	279.106403702755	184
0	515	280.197961959174	185
0	522	281.92681283306	186
0	526	282.929925692153	187
0	528	284.28637955303	188
0	529	285.829545983231	189
0	530	287.116257632036	190
0	531	288.254612323713	191
0	538	289.544756784454	192
0	543	291.012002604898	193
0	552	292.668231930235	194
0	553	293.862697740668	195
0	560	295.710637128796	196
0	562	297.032766639372	197
0	567	298.043394579436	198
0	573	299.879843256087	199
0	575	301.069394952268	200
0	576	302.287495139171	201
0	577	303.849327043979	202
0	578	304.983480568858	203
0	580	306.692297868779	204
0	581	308.486876226612	205
0	582	309.993956151302	206
0	585	311.785777190351	207
0	589	313.433547818917	208
0	591	315.282095125062	209
0	592	316.602414455149	210
0	596	318.584905398195	211
0	598	319.980908612837	212
0	602	321.338419777458	213
0	604	322.42662647774	214
0	606	324.281982894871	215
0	610	326.21513149736	216
0	612	327.823962665978	217
0	613	328.870838471572	218
0	615	330.126546697342	219
0	617	331.469574806397	220
0	623	333.376366690849	221
0	628	334.801015806268	222
0	629	336.449328567483	223
0	633	337.619269283837	224
0	639	339.561814231681	225
0	640	341.168829696602	226
0	642	342.314295307617	227
0	645	343.50483473239	228
0	653	344.565166215296	229
0	657	346.316287256661	230
0	658	347.429583875812	231
0	660	349.378420759109	232
0	662	351.002091170405	233
0	663	352.645385306911	234
0	665	354.309928056901	235
0	666	355.688508649707	236
0	667	356.876702912735	237
0	671	358.623707740685	238
0	673	359.711255861331	239
0	674	360.940460894374	240
0	680	362.374344270561	241
0	681	363.60276201123	242
0	686	365.038953669254	243
0	693	366.80495675339	244
0	695	368.021384810215	245
0	697	369.172169213068	246
0	704	370.632911670372	247
0	705	372.529611270992	248
0	709	373.928805231932	249
0	711	375.705903460388	250
0	716	377.531936708023	251
0	719	378.920034133713	252
0	720	380.504563637893	253
0	721	381.929118813132	254
0	722	383.271676253644	255
0	726	384.688725348679	256
0	732	386.523211857188	257
0	734	388.316524666618	258
0	735	389.763159718481	259
0	736	391.640194113483	260
0	737	392.893775860896	261
0	741	394.167585562566	262
0	742	396.159065757064	263
0	744	397.206583709108	264
0	750	398.592587717461	265
0	752	400.299619470375	266
0	757	402.274022935542	267
0	761	404.025730656811	268
0	762	405.362703343972	269
0	764	406.871113544449	270
0	768	408.301585327254	271
0	772	409.935309110561	272
0	778	411.367664705848	273
0	779	412.810365959655	274
0	780	414.325386727115	275
0	782	415.389793127894	276
0	784	416.47141710704	277
0	786	418.435998508826	278
0	788	419.479289449871	279
0	792	420.881566775384	280
0	794	422.779417491871	281
0	796	424.606501185455	282
0	800	425.671412771455	283
0	803	427.142228788816	284
0	809	428.929139788382	285
0	810	430.826124861025	286
0	813	432.029505692309	287
0	819	433.627970382691	288
0	824	435.276434418167	289
0	828	436.494431593343	290
0	832	438.244748774105	291
0	834	439.679236344182	292
0	839	441.267603674325	293
0	840	442.98890702322	294
0	846	444.429254106599	295
0	848	446.360311380009	296
0	852	447.653687657676	297
0	856	449.138902670591	298
0	859	450.210849891537	299
0	864	451.962490294249	300
0	870	453.644135629879	301
0	875	455.257860246235	302
0	876	456.683431700225	303
0	881	458.64126837708	304
0	882	459.806990141402	305
0	889	461.106617379122	306
0	897	462.546856872391	307
0	900	464.425444736265	308
0	903	465.76978392911	309
0	909	467.591633301814	310
0	912	469.203173400721	311
0	917	470.614257146025	312
0	919	471.806606394358	313
0	925	473.367555149484	314
0	927	474.770577805003	315
0	929	476.744790433792	316
0	931	478.573080314908	317
0	932	479.882326703405	318
0	933	480.883091089202	319
0	935	482.110688831776	320
0	941	483.815993432773	321
0	944	485.740734239693	322
0	946	487.625700760518	323
0	948	488.825375905611	324
0	949	489.943568536431	325
0	956	491.780566313655	326
0	960	493.544439026506	327
0	961	495.031564908686	328
0	962	496.593614839834	329
0	964	497.594203941176	330
0	965	499.209219669575	331
0	968	500.881630766556	332
0	970	502.112539219089	333
0	972	503.467473867234	334
0	976	505.381213490503	335
0	978	506.742155342015	336
0	979	507.842389988132	337
0	980	509.379397107173	338
0	981	510.745380452253	339
0	987	512.349687293988	340
0	988	513.425310280524	341
0	990	514.73940678069	342
0	994	515.957375708619	343
0	1001	517.510086251773	344
0	1002	519.279182240717	345
0	1006	521.254521483906	346
0	1011	522.810421696749	347
0	1019	524.16850160889	348
0	1029	525.433783918271	349
0	1033	527.432304424351	350
0	1035	528.549002390938	351
0	1039	530.390739215888	352
0	1047	531.457438001526	353
0	1048	532.765320448787	354
0	1057	534.693429526058	355
0	1062	535.782427745988	356
0	1066	537.642494512606	357
0	1073	539.548230033718	358
0	1078	540.970063089743	359
0	1079	542.878444173025	360
0	1085	543.973836799735	361
0	1087	545.184464974679	362
0	1093	546.653430901119	363
0	1096	548.283038860304	364
0	1098	550.26716540556	365
0	1099	551.535668258207	366
0	1100	552.700577735785	367
0	1101	554.592413677485	368
0	1103	556.560048591695	369
0	1105	557.838376721484	370
0	1106	559.116362873814	371
0	1108	560.450449738302	372
0	1112	562.152972770738	373
0	1116	563.314083231962	374
0	1118	565.249836441478	375
0	1122	567.104274921933	376
0	1126	568.59809957852	377
0	1129	569.771865696761	378
0	1131	571.697244605397	379
0	1132	573.503991422591	380
0	1134	574.760652410214	381
0	1136	576.742650859173	382
0	1138	577.920080399256	383
0	1139	579.540854540536	384
0	1140	581.490699354442	385
0	1146	583.151660678558	386
0	1148	584.309692508889	387
0	1149	586.051532450014	388
0	1151	587.242958042885	389
0	1153	588.56460619217	390
0	1154	589.917753851388	391
0	1155	591.883562610133	392
0	1156	592.887607919399	393
0	1157	594.589320210621	394
0	1160	595.928321073644	395
0	1161	597.069372491093	396
0	1169	598.963248407581	397
0	1173	600.417078351715	398
0	1175	601.470072008084	399
0	1176	603.294930569242	400
0	1180	604.576775655263	401
0	1182	605.652399038543	402
0	1184	606.735933244108	403
0	1187	608.416111575086	404
0	1188	610.227579175607	405
0	1194	611.900300976467	406
0	1198	613.861873511803	407
0	1202	615.09523020533	408
0	1206	617.03624346817	409
0	1209	618.442296650839	410
0	1210	620.240446930864	411
0	1214	621.70716281782	412
0	1220	622.744137883066	413
0	1228	624.46178925654	414
0	1232	626.154203718874	415
0	1233	627.805465347712	416
0	1234	629.638979114006	417
0	1240	631.291198231159	418
0	1246	632.718019581745	419
0	1250	633.774069146831	420
0	1253	635.387619170938	421
0	1256	637.138708976675	422
0	1262	638.770329725342	423
0	1263	640.328470062111	424
0	1264	641.500688755764	425
0	1265	643.191089050956	426
0	1270	645.034787847074	427
0	1271	646.890746106273	428
0	1275	648.097827528017	429
0	1276	649.556378343255	430
0	1280	651.487022729936	431
0	1287	653.009658418243	432
0	1291	654.86314233916	433
0	1295	656.849389120584	434
0	1299	658.588716097755	435
0	1305	660.504631888002	436
0	1309	661.728629599206	437
0	1313	662.779740505965	438
0	1318	664.623607599057	439
0	1319	665.963433387337	440
0	1320	667.480330955583	441
0	1324	668.554014301739	442
0	1325	669.907256706498	443
0	1326	671.105455939073	444
0	1329	672.326050019005	445
0	1331	673.769819809936	446
0	1333	674.926021333665	447
0	1340	676.585056993293	448
0	1344	678.224241750894	449
0	1346	679.331267279221	450
0	1349	681.139678635283	451
0	1355	682.91051046422	452
0	1363	684.269559458711	453
0	1364	685.665207736076	454
0	1371	687.436926218563	455
0	1373	689.350770094547	456
0	1376	690.419449349049	457
0	1380	692.368149169137	458
0	1383	694.025670575326	459
0	1386	695.47677303769	460
0	1391	696.661708056576	461
0	1392	697.699291912488	462
0	1393	698.846794422831	463
0	1400	700.769433119449	464
0	1401	702.235742114133	465
0	1402	703.726750647764	466
0	1409	705.493613025056	467
0	1416	707.473945909528	468
0	1418	709.281311172176	469
0	1419	710.358427004538	470
0	1420	712.114950331276	471
0	1425	713.679015661472	472
0	1429	715.677525556296	473
0	1431	717.117844759369	474
0	1432	718.690686717745	475
0	1433	720.512457006494	476
0	1436	722.421354775433	477
0	1442	723.640231619239	478
0	1443	725.322929663699	479
0	1444	726.336347974952	480
0	1448	728.318826089263	481
0	1449	729.972014227066	482
0	1453	731.863306726677	483
0	1454	733.482698890729	484
0	1456	735.463397926534	485
0	1460	736.648420926765	486
0	1466	738.316709913196	487
0	1470	739.656398350256	488
0	1475	741.526500714593	489
0	1477	742.84579844831	490
0	1478	744.490943728131	491
0	1479	746.429698081803	492
0	1481	748.251109891221	493
0	1483	749.59225671587	494
0	1489	751.362628596019	495
0	1491	753.12435846019	496
0	1492	754.150558520224	497
0	1496	755.564391971448	498
0	1502	757.01190010819	499
0	1503	758.626249801948	500
0	1507	760.15068391885	501
0	1511	761.920409261597	502
0	1512	763.642080270568	503
0	1516	764.851714467745	504
0	1519	766.593678702948	505
0	1520	768.272891653118	506
0	1522	769.785766797488	507
0	1523	771.125616227159	508
0	1529	772.358607424305	509
0	1530	774.261938599984	510
0	1533	775.68230817036	511
0	1539	776.754823697146	512
0	1540	778.634906210585	513
0	1544	780.543478278092	514
0	1546	781.717979465493	515
0	1549	782.837667174752	516
0	1551	784.763214402015	517
0	1557	786.176806114728	518
0	1566	787.23318210698	519
0	1567	788.903249458291	520
0	1568	790.52956065058	521
0	1575	791.575934053513	522
0	1579	793.272571227395	523
0	1587	795.053766626281	524
0	1591	796.576605459092	525
0	1595	797.856798093648	526
0	1597	799.794238445464	527
0	1601	800.796746005186	528
0	1602	801.999939627129	529
0	1606	803.406378636252	530
0	1608	804.988818492623	531
0	1609	806.354063915903	532
0	1611	807.481007396592	533
0	1612	809.079671281506	534
0	1616	810.691170761478	535
0	1618	812.659078925266	536
0	1620	814.356920579099	537
0	1626	815.907011617557	538
0	1630	817.531635224004	539
0	1631	819.504495662986	540
0	1635	820.686083538341	541
0	1638	822.079043440171	542
0	1642	823.828485905774	543
0	1643	825.473893440677	544
0	1646	826.824569502961	545
0	1648	828.453035452053	546
0	1649	830.030526138958	547
0	1653	831.76329598634	548
0	1657	833.115100067458	549
0	1661	834.820680476841	550
0	1662	836.56634441961	551
0	1665	837.620210600667	552
0	1668	839.064791671349	553
0	1669	840.159012194839	554
0	1670	842.060457217856	555
0	1671	843.372640338377	556
0	1675	844.579680400784	557
0	1681	845.881861899164	558
0	1682	847.560825704713	559
0	1683	849.284810255863	560
0	1685	850.28735349432	561
0	1690	852.167573469341	562
0	1694	853.581264202366	563
0	1701	855.053371481946	564
0	1702	856.768388521042	565
0	1705	858.201866111834	566
0	1709	860.043643924756	567
0	1715	861.698181458632	568
0	1720	862.976418652688	569
0	1722	864.947516437271	570
0	1724	866.589265614166	571
0	1726	867.956518040155	572
0	1727	869.521807712852	573
0	1733	871.184956606827	574
0	1734	872.996152148	575
0	1735	874.326656956575	576
0	1737	875.541255259537	577
0	1742	876.812100171926	578
0	1746	878.210558366146	579
0	1748	880.167089805588	580
0	1753	881.551204030285	581
0	1759	883.508429369539	582
0	1768	884.609244161168	583
0	1773	886.530024211038	584
0	1776	888.099448384134	585
0	1779	890.001433304859	586
0	1780	891.278475329162	587
0	1783	892.686136141302	588
0	1785	894.481101792887	589
0	1789	895.859455630532	590
0	1791	897.042081187595	591
0	1795	898.22804215399	592
0	1796	900.185311239561	593
0	1797	901.4449430987	594
0	1799	902.846288066706	595
0	1802	904.251845447695	596
0	1808	905.570781313697	597
0	1809	907.152068942668	598
0	1810	908.361475716461	599
0	1814	909.388172664796	600
0	1818	910.420367070124	601
0	1822	912.150751479086	602
0	1825	913.266044907155	603
0	1827	914.750514965853	604
0	1829	916.709334490937	605
0	1833	917.808774748468	606
0	1834	918.82906285848	607
0	1840	919.874229886918	608
0	1841	921.630845947307	609
0	1843	923.568783616297	610
0	1847	924.782964410842	611
0	1854	926.495209218352	612
0	1855	927.650737804011	613
0	1863	928.968555350904	614
0	1864	930.800171375158	615
0	1870	932.312113655847	616
0	1871	933.880253373063	617
0	1877	935.223673467641	618
0	1882	936.76568720059	619
0	1883	937.957036099047	620
0	1889	939.311525619938	621
0	1893	940.480325805373	622
0	1895	941.679005761515	623
0	1901	942.736573376111	624
0	1903	944.210738110938	625
0	1905	945.742530007963	626
0	1910	946.854755686247	627
0	1911	947.914522837731	628
0	1912	949.045885892003	629
0	1917	950.054817626369	630
0	1918	951.732355934218	631
0	1921	953.470662237959	632
0	1922	955.134280595345	633
0	1925	956.438179434159	634
0	1926	957.876605291966	635
0	1931	959.095337189849	636
0	1932	960.139121044309	637
0	1939	961.274382917791	638
0	1944	962.425332061596	639
0	1945	963.502854753401	640
0	1947	965.298900649533	641
0	1949	966.576195694389	642
0	1950	968.397496457095	643
0	1955	970.099476434174	644
0	1956	971.496339911479	645
0	1963	973.213429945172	646
0	1965	975.165963942302	647
0	1971	977.030380201177	648
0	1975	978.749836098054	649
0	1979	979.938798690332	650
0	1980	981.168386332109	651
0	1984	982.851377969026	652
0	1985	984.513787153759	653
0	1991	986.00186760223	654
0	1996	987.247091915342	655
0	2002	988.922331902781	656
0	2004	990.306153813494	657
0	2005	992.280763296527	658
0	2006	994.037032271619	659
0	2011	995.557186160353	660
0	2018	997.025762122008	661
0	2022	998.881581186666	662
1	7	4.880718100772	1
1	13	7.476983183753	2
1	17	11.055206671725	3
1	24	15.770965449552	4
1	32	21.693300025612	5
1	42	29.678576634841	6
1	46	30.903732074218	7
1	54	34.067255271404	8
1	58	35.652040718978	9
1	62	37.492617816433	10
1	67	41.064000475036	11
1	71	42.351367657885	12
1	75	43.562939938397	13
1	83	47.256666462938	14
1	89	48.434025076543	15
1	101	58.2361519497	16
1	104	59.187750310305	17
1	114	65.026046004708	18
1	122	72.100348478554	19
1	130	76.750934480511	20
1	135	79.29613416121	21
1	143	85.38058145202	22
1	149	86.575723275822	23
1	155	88.195688050855	24
1	160	90.26078157074	25
1	166	94.093932045474	26
1	171	97.127504864	27
1	180	99.951465137959	28
1	184	101.008861319753	29
1	203	119.503565362803	30
1	209	121.205711801708	31
1	216	124.565451518949	32
1	220	127.712596903587	33
1	224	131.140930064387	34
1	232	137.607444963257	35
1	238	139.579508282068	36
1	244	141.372087618972	37
1	252	146.84447783305	38
1	256	148.585809108139	39
1	260	149.485095397613	40
1	265	151.473870363993	41
1	271	153.046523334634	42
1	277	156.30074649325	43
1	285	158.918891627986	44
1	289	160.650263044806	45
1	299	167.442749961116	46
1	303	169.260877510426	47
1	313	176.887488617006	48
1	319	178.448452972646	49
1	324	181.454075845895	50
1	330	183.032889411892	51
1	334	184.518445036419	52
1	339	187.926207617063	53
1	344	191.495677840412	54
1	352	198.227320238105	55
1	356	200.240740062929	56
1	362	203.64157318495	57
1	368	205.608443221294	58
1	373	207.211734828502	59
1	377	208.96634777666	60
1	382	212.228991877897	61
1	388	214.803634489222	62
1	396	219.726925808177	63
1	402	224.490010854964	64
1	408	229.089517809999	65
1	416	233.70575448051	66
1	423	234.884894511428	67
1	427	237.325631123091	68
1	438	239.162273648834	69
1	443	242.254498898858	70
1	447	243.552976248414	71
1	455	248.170733140342	72
1	459	249.291391302932	73
1	463	250.777182943044	74
1	469	254.803490969313	75
1	475	258.447839266982	76
1	479	260.201414715541	77
1	487	265.830843966578	78
1	492	269.368702742432	79
1	495	271.186603296521	80
1	503	274.628729943794	81
1	507	276.025163992817	82
1	516	280.318056637043	83
1	523	282.014869723955	84
1	532	288.455103780584	85
1	539	289.641704485552	86
1	544	291.055846860922	87
1	554	294.065643258924	88
1	563	297.216396851072	89
1	568	298.233628873588	90
1	583	310.025977731468	91
1	586	311.833081458365	92
1	593	316.722140167328	93
1	599	320.006835964946	94
1	607	324.472641853891	95
1	618	331.517048373928	96
1	624	333.427370238148	97
1	630	336.623313487302	98
1	634	337.73375422911	99
1	643	342.46189899928	100
1	646	343.712283559474	101
1	654	344.663360159684	102
1	668	356.909013470105	103
1	675	360.988740427737	104
1	682	363.631033521074	105
1	687	365.064862113277	106
1	698	369.282801682282	107
1	706	372.733138553417	108
1	712	375.87732628807	109
1	717	377.624342190076	110
1	723	383.368181055531	111
1	727	384.898307679978	112
1	738	393.054466694105	113
1	745	397.253556000799	114
1	753	400.400789871522	115
1	758	402.322622097346	116
1	765	406.92241086796	117
1	769	408.331524786984	118
1	773	410.120868473882	119
1	789	419.678629047899	120
1	797	424.7552294606	121
1	801	425.846190415266	122
1	804	427.279714503264	123
1	811	430.96484220639	124
1	814	432.060489883377	125
1	820	433.693465166789	126
1	825	435.409603187557	127
1	829	436.612236597132	128
1	835	439.872761067021	129
1	841	443.187033776011	130
1	849	446.418713527242	131
1	853	447.744302027101	132
1	857	449.322079909596	133
1	860	450.320302352674	134
1	865	452.097960442648	135
1	871	453.725042913689	136
1	877	456.740262775572	137
1	883	459.864722526722	138
1	890	461.164755602003	139
1	898	462.709520677748	140
1	901	464.460481045852	141
1	904	465.859421249429	142
1	910	467.710206108439	143
1	913	469.246622983484	144
1	920	471.847498929732	145
1	936	482.296576763161	146
1	942	483.984637901017	147
1	950	490.094555613495	148
1	957	491.965483985599	149
1	966	499.397843351412	150
1	973	503.559505881382	151
1	982	510.812782161695	152
1	991	514.857312575358	153
1	995	516.154182073319	154
1	1003	519.319123436679	155
1	1007	521.394884597782	156
1	1012	522.95615124033	157
1	1020	524.334414555863	158
1	1036	528.746063862684	159
1	1040	530.548611298493	160
1	1049	532.918862342415	161
1	1058	534.755546229356	162
1	1063	535.95638339134	163
1	1067	537.673077211152	164
1	1074	539.73009972988	165
1	1080	542.952522727643	166
1	1088	545.22038221591	167
1	1094	546.711750784847	168
1	1109	560.573646172448	169
1	1113	562.325891581159	170
1	1119	565.305041396189	171
1	1123	567.261546388111	172
1	1127	568.743858368167	173
1	1141	581.679522353813	174
1	1158	594.626076052545	175
1	1162	597.261723210962	176
1	1170	599.151498205234	177
1	1177	603.493906381918	178
1	1185	606.863882226998	179
1	1189	610.325428114262	180
1	1195	611.949243019836	181
1	1199	613.994894467367	182
1	1203	615.281384853756	183
1	1207	617.125472908247	184
1	1211	620.376252296184	185
1	1215	621.81796085372	186
1	1221	622.947794256323	187
1	1229	624.483297856348	188
1	1235	629.793105313841	189
1	1241	631.500611193134	190
1	1247	632.808537546339	191
1	1251	633.845805675756	192
1	1254	635.508792470165	193
1	1257	637.210316713771	194
1	1266	643.218577238673	195
1	1272	646.969892361607	196
1	1277	649.659396313427	197
1	1281	651.614478034213	198
1	1288	653.131051743216	199
1	1292	654.942238635438	200
1	1296	656.903203864392	201
1	1300	658.791475107008	202
1	1306	660.612960537297	203
1	1310	661.933106430871	204
1	1314	662.875068416816	205
1	1321	667.681855052844	206
1	1327	671.215346377168	207
1	1334	675.089160200679	208
1	1341	676.742670097954	209
1	1347	679.533006154825	210
1	1350	681.295105518489	211
1	1356	682.975259635616	212
1	1365	685.786956936147	213
1	1374	689.390816439256	214
1	1377	690.487515570126	215
1	1381	692.410172524376	216
1	1384	694.172507458796	217
1	1387	695.568430129481	218
1	1394	698.943497422637	219
1	1403	703.851524056979	220
1	1410	705.700029380739	221
1	1421	712.150381481963	222
1	1426	713.812116919124	223
1	1434	720.69352399901	224
1	1437	722.555736265354	225
1	1445	726.454839511478	226
1	1450	730.153394736877	227
1	1457	735.54700068071	228
1	1461	736.716329050359	229
1	1467	738.439651737485	230
1	1471	739.758790438233	231
1	1484	749.708993201644	232
1	1493	754.25565931355	233
1	1497	755.632292497241	234
1	1504	758.829044661974	235
1	1508	760.302981446908	236
1	1513	763.82796613472	237
1	1517	765.058136720905	238
1	1524	771.267364940277	239
1	1531	774.316038232271	240
1	1534	775.830034094443	241
1	1541	778.699976880797	242
1	1547	781.757860289568	243
1	1552	784.9205481819	244
1	1558	786.248477776009	245
1	1569	790.736107290056	246
1	1576	791.758821115496	247
1	1580	793.469708556079	248
1	1588	795.149194386497	249
1	1592	796.695493664536	250
1	1598	799.867896466186	251
1	1603	802.114555566787	252
1	1613	809.117001956594	253
1	1621	814.509159916283	254
1	1627	815.964845540491	255
1	1632	819.559489439914	256
1	1636	820.889547656278	257
1	1639	822.208845513144	258
1	1644	825.546043521929	259
1	1650	830.176890464676	260
1	1654	831.824567739048	261
1	1658	833.188107904026	262
1	1663	836.675119746425	263
1	1666	837.743850121593	264
1	1672	843.557989348243	265
1	1676	844.668739562405	266
1	1686	850.314941629433	267
1	1691	852.346897871927	268
1	1695	853.743034628573	269
1	1703	856.96508720814	270
1	1706	858.321978128009	271
1	1710	860.073225104664	272
1	1716	861.820578453131	273
1	1728	869.649151283316	274
1	1738	875.652354301258	275
1	1743	876.958573208067	276
1	1749	880.348769190108	277
1	1754	881.751165222846	278
1	1760	883.661102911654	279
1	1769	884.714274553185	280
1	1774	886.575369075839	281
1	1777	888.124013462764	282
1	1781	891.320482410324	283
1	1786	894.503691640542	284
1	1792	897.177340886632	285
1	1800	902.938030914887	286
1	1803	904.367264483344	287
1	1811	908.409994423999	288
1	1815	909.486279651206	289
1	1819	910.561639914554	290
1	1823	912.279572685493	291
1	1830	916.729925624765	292
1	1835	918.989718648167	293
1	1844	923.704976994697	294
1	1848	924.890170479389	295
1	1856	927.757841019444	296
1	1865	930.933386095215	297
1	1872	934.004093165556	298
1	1878	935.331155927023	299
1	1884	938.106818267449	300
1	1890	939.361094974605	301
1	1896	941.875045213134	302
1	1906	945.798140714369	303
1	1913	949.120797996991	304
1	1919	951.793164614869	305
1	1923	955.230678436813	306
1	1927	958.077255930015	307
1	1933	960.302742252446	308
1	1940	961.346183051503	309
1	1951	968.567307491444	310
1	1957	971.65588910403	311
1	1966	975.197375927356	312
1	1972	977.080841614362	313
1	1976	978.887423288094	314
1	1981	981.211126154182	315
1	1986	984.717853205525	316
1	1992	986.133390420806	317
1	1997	987.446285537714	318
1	2007	994.072467217292	319
1	2012	995.706808081535	320
1	2019	997.136791231164	321
1	2023	998.997149173496	322
2	7	4.880718100772	1
2	13	7.476983183753	2
2	17	11.055206671725	3
2	24	15.770965449552	4
2	32	21.693300025612	5
2	42	29.678576634841	6
2	46	30.903732074218	7
2	54	34.067255271404	8
2	58	35.652040718978	9
2	62	37.492617816433	10
2	67	41.064000475036	11
2	71	42.351367657885	12
2	75	43.562939938397	13
2	83	47.256666462938	14
2	89	48.434025076543	15
2	101	58.2361519497	16
2	104	59.187750310305	17
2	114	65.026046004708	18
2	122	72.100348478554	19
2	130	76.750934480511	20
2	135	79.29613416121	21
2	143	85.38058145202	22
2	149	86.575723275822	23
2	155	88.195688050855	24
2	160	90.26078157074	25
2	166	94.093932045474	26
2	171	97.127504864	27
2	180	99.951465137959	28
2	184	101.008861319753	29
2	203	119.503565362803	30
2	209	121.205711801708	31
2	216	124.565451518949	32
2	220	127.712596903587	33
2	224	131.140930064387	34
2	232	137.607444963257	35
2	238	139.579508282068	36
2	244	141.372087618972	37
2	252	146.84447783305	38
2	256	148.585809108139	39
2	260	149.485095397613	40
2	265	151.473870363993	41
2	271	153.046523334634	42
2	277	156.30074649325	43
2	285	158.918891627986	44
2	289	160.650263044806	45
2	299	167.442749961116	46
2	303	169.260877510426	47
2	313	176.887488617006	48
2	319	178.448452972646	49
2	324	181.454075845895	50
2	330	183.032889411892	51
2	334	184.518445036419	52
2	339	187.926207617063	53
2	344	191.495677840412	54
2	352	198.227320238105	55
2	356	200.240740062929	56
2	362	203.64157318495	57
2	368	205.608443221294	58
2	373	207.211734828502	59
2	377	208.96634777666	60
2	382	212.228991877897	61
2	388	214.803634489222	62
2	396	219.726925808177	63
2	402	224.490010854964	64
2	408	229.089517809999	65
2	416	233.70575448051	66
2	423	234.884894511428	67
2	427	237.325631123091	68
2	438	239.162273648834	69
2	443	242.254498898858	70
2	447	243.552976248414	71
2	455	248.170733140342	72
2	459	249.291391302932	73
2	463	250.777182943044	74
2	469	254.803490969313	75
2	475	258.447839266982	76
2	479	260.201414715541	77
2	487	265.830843966578	78
2	492	269.368702742432	79
2	495	271.186603296521	80
2	503	274.628729943794	81
2	507	276.025163992817	82
2	516	280.318056637043	83
2	523	282.014869723955	84
2	532	288.455103780584	85
2	539	289.641704485552	86
2	544	291.055846860922	87
2	554	294.065643258924	88
2	563	297.216396851072	89
2	568	298.233628873588	90
2	583	310.025977731468	91
2	586	311.833081458365	92
2	593	316.722140167328	93
2	599	320.006835964946	94
2	607	324.472641853891	95
2	618	331.517048373928	96
2	624	333.427370238148	97
2	630	336.623313487302	98
2	634	337.73375422911	99
2	643	342.46189899928	100
2	646	343.712283559474	101
2	654	344.663360159684	102
2	668	356.909013470105	103
2	675	360.988740427737	104
2	682	363.631033521074	105
2	687	365.064862113277	106
2	698	369.282801682282	107
2	706	372.733138553417	108
2	712	375.87732628807	109
2	717	377.624342190076	110
2	723	383.368181055531	111
2	727	384.898307679978	112
2	738	393.054466694105	113
2	745	397.253556000799	114
2	753	400.400789871522	115
2	758	402.322622097346	116
2	765	406.92241086796	117
2	769	408.331524786984	118
2	773	410.120868473882	119
2	789	419.678629047899	120
2	797	424.7552294606	121
2	801	425.846190415266	122
2	804	427.279714503264	123
2	811	430.96484220639	124
2	814	432.060489883377	125
2	820	433.693465166789	126
2	825	435.409603187557	127
2	829	436.612236597132	128
2	835	439.872761067021	129
2	841	443.187033776011	130
2	849	446.418713527242	131
2	853	447.744302027101	132
2	857	449.322079909596	133
2	860	450.320302352674	134
2	865	452.097960442648	135
2	871	453.725042913689	136
2	877	456.740262775572	137
2	883	459.864722526722	138
2	890	461.164755602003	139
2	898	462.709520677748	140
2	901	464.460481045852	141
2	904	465.859421249429	142
2	910	467.710206108439	143
2	913	469.246622983484	144
2	920	471.847498929732	145
2	936	482.296576763161	146
2	942	483.984637901017	147
2	950	490.094555613495	148
2	957	491.965483985599	149
2	966	499.397843351412	150
2	973	503.559505881382	151
2	982	510.812782161695	152
2	991	514.857312575358	153
2	995	516.154182073319	154
2	1003	519.319123436679	155
2	1007	521.394884597782	156
2	1012	522.95615124033	157
2	1020	524.334414555863	158
2	1036	528.746063862684	159
2	1040	530.548611298493	160
2	1049	532.918862342415	161
2	1058	534.755546229356	162
2	1063	535.95638339134	163
2	1067	537.673077211152	164
2	1074	539.73009972988	165
2	1080	542.952522727643	166
2	1088	545.22038221591	167
2	1094	546.711750784847	168
2	1109	560.573646172448	169
2	1113	562.325891581159	170
2	1119	565.305041396189	171
2	1123	567.261546388111	172
2	1127	568.743858368167	173
2	1141	581.679522353813	174
2	1158	594.626076052545	175
2	1162	597.261723210962	176
2	1170	599.151498205234	177
2	1177	603.493906381918	178
2	1185	606.863882226998	179
2	1189	610.325428114262	180
2	1195	611.949243019836	181
2	1199	613.994894467367	182
2	1203	615.281384853756	183
2	1207	617.125472908247	184
2	1211	620.376252296184	185
2	1215	621.81796085372	186
2	1221	622.947794256323	187
2	1229	624.483297856348	188
2	1235	629.793105313841	189
2	1241	631.500611193134	190
2	1247	632.808537546339	191
2	1251	633.845805675756	192
2	1254	635.508792470165	193
2	1257	637.210316713771	194
2	1266	643.218577238673	195
2	1272	646.969892361607	196
2	1277	649.659396313427	197
2	1281	651.614478034213	198
2	1288	653.131051743216	199
2	1292	654.942238635438	200
2	1296	656.903203864392	201
2	1300	658.791475107008	202
2	1306	660.612960537297	203
2	1310	661.933106430871	204
2	1314	662.875068416816	205
2	1321	667.681855052844	206
2	1327	671.215346377168	207
2	1334	675.089160200679	208
2	1341	676.742670097954	209
2	1347	679.533006154825	210
2	1350	681.295105518489	211
2	1356	682.975259635616	212
2	1365	685.786956936147	213
2	1374	689.390816439256	214
2	1377	690.487515570126	215
2	1381	692.410172524376	216
2	1384	694.172507458796	217
2	1387	695.568430129481	218
2	1394	698.943497422637	219
2	1403	703.851524056979	220
2	1410	705.700029380739	221
2	1421	712.150381481963	222
2	1426	713.812116919124	223
2	1434	720.69352399901	224
2	1437	722.555736265354	225
2	1445	726.454839511478	226
2	1450	730.153394736877	227
2	1457	735.54700068071	228
2	1461	736.716329050359	229
2	1467	738.439651737485	230
2	1471	739.758790438233	231
2	1484	749.708993201644	232
2	1493	754.25565931355	233
2	1497	755.632292497241	234
2	1504	758.829044661974	235
2	1508	760.302981446908	236
2	1513	763.82796613472	237
2	1517	765.058136720905	238
2	1524	771.267364940277	239
2	1531	774.316038232271	240
2	1534	775.830034094443	241
2	1541	778.699976880797	242
2	1547	781.757860289568	243
2	1552	784.9205481819	244
2	1558	786.248477776009	245
2	1569	790.736107290056	246
2	1576	791.758821115496	247
2	1580	793.469708556079	248
2	1588	795.149194386497	249
2	1592	796.695493664536	250
2	1598	799.867896466186	251
2	1603	802.114555566787	252
2	1613	809.117001956594	253
2	1621	814.509159916283	254
2	1627	815.964845540491	255
2	1632	819.559489439914	256
2	1636	820.889547656278	257
2	1639	822.208845513144	258
2	1644	825.546043521929	259
2	1650	830.176890464676	260
2	1654	831.824567739048	261
2	1658	833.188107904026	262
2	1663	836.675119746425	263
2	1666	837.743850121593	264
2	1672	843.557989348243	265
2	1676	844.668739562405	266
2	1686	850.314941629433	267
2	1691	852.346897871927	268
2	1695	853.743034628573	269
2	1703	856.96508720814	270
2	1706	858.321978128009	271
2	1710	860.073225104664	272
2	1716	861.820578453131	273
2	1728	869.649151283316	274
2	1738	875.652354301258	275
2	1743	876.958573208067	276
2	1749	880.348769190108	277
2	1754	881.751165222846	278
2	1760	883.661102911654	279
2	1769	884.714274553185	280
2	1774	886.575369075839	281
2	1777	888.124013462764	282
2	1781	891.320482410324	283
2	1786	894.503691640542	284
2	1792	897.177340886632	285
2	1800	902.938030914887	286
2	1803	904.367264483344	287
2	1811	908.409994423999	288
2	1815	909.486279651206	289
2	1819	910.561639914554	290
2	1823	912.279572685493	291
2	1830	916.729925624765	292
2	1835	918.989718648167	293
2	1844	923.704976994697	294
2	1848	924.890170479389	295
2	1856	927.757841019444	296
2	1865	930.933386095215	297
2	1872	934.004093165556	298
2	1878	935.331155927023	299
2	1884	938.106818267449	300
2	1890	939.361094974605	301
2	1896	941.875045213134	302
2	1906	945.798140714369	303
2	1913	949.120797996991	304
2	1919	951.793164614869	305
2	1923	955.230678436813	306
2	1927	958.077255930015	307
2	1933	960.302742252446	308
2	1940	961.346183051503	309
2	1951	968.567307491444	310
2	1957	971.65588910403	311
2	1966	975.197375927356	312
2	1972	977.080841614362	313
2	1976	978.887423288094	314
2	1981	981.211126154182	315
2	1986	984.717853205525	316
2	1992	986.133390420806	317
2	1997	987.446285537714	318
2	2007	994.072467217292	319
2	2012	995.706808081535	320
2	2019	997.136791231164	321
2	2023	998.997149173496	322
3	8	5.061517175234	1
3	18	11.09283882567	2
3	25	15.918579726972	3
3	33	21.770014132324	4
3	43	29.755373355907	5
3	47	31.056686162914	6
3	49	31.329977406582	7
3	55	34.258901634853	8
3	59	35.795977505832	9
3	63	37.631115535609	10
3	68	41.086217621958	11
3	72	42.481261683285	12
3	76	43.729760375632	13
3	84	47.28998194694	14
3	86	47.392509393878	15
3	90	48.589214780346	16
3	105	59.324210447463	17
3	107	59.609567800161	18
3	123	72.281245950452	19
3	131	76.857438149807	20
3	136	79.443288410931	21
3	144	85.437333965374	22
3	146	85.762598480655	23
3	150	86.627150437252	24
3	156	88.337585630128	25
3	161	90.355807937395	26
3	167	94.296582324353	27
3	172	97.213004828408	28
3	181	100.152503051599	29
3	185	101.138654190949	30
3	204	119.584874752934	31
3	210	121.257599653475	32
3	212	121.478422884015	33
3	225	131.24941494079	34
3	233	137.735648901413	35
3	235	137.940466038835	36
3	239	139.688254491946	37
3	241	139.840576694252	38
3	245	141.471098876281	39
3	253	146.891941485469	40
3	257	148.664771397392	41
3	261	149.685558535819	42
3	266	151.645797263876	43
3	268	151.936043948311	44
3	272	153.163929058102	45
3	278	156.504295340331	46
3	286	159.076857931003	47
3	290	160.78076275266	48
3	300	167.501448083534	49
3	304	169.383658354031	50
3	314	176.916192805577	51
3	320	178.49570335187	52
3	325	181.656228827639	53
3	331	183.129343989915	54
3	340	188.120109737497	55
3	345	191.679303872257	56
3	353	198.370387770508	57
3	357	200.320488793961	58
3	363	203.830866785611	59
3	369	205.72306004969	60
3	374	207.262503029392	61
3	378	209.161187014533	62
3	383	212.268373330393	63
3	389	214.875973824832	64
3	397	219.918222699111	65
3	403	224.624862056066	66
3	409	229.1120137174	67
3	411	229.437334548844	68
3	417	233.75725157393	69
3	428	237.530879471932	70
3	430	237.811150161902	71
3	432	237.993465803388	72
3	439	239.229303693151	73
3	444	242.42796159667	74
3	448	243.583891223747	75
3	456	248.206033750789	76
3	460	249.324593361954	77
3	470	254.885966628757	78
3	476	258.526083885292	79
3	480	260.370029260349	80
3	488	265.944726056813	81
3	496	271.356387249493	82
3	498	271.67993419403	83
3	504	274.809455337066	84
3	508	276.151355716029	85
3	517	280.486357252126	86
3	519	280.749416848434	87
3	524	282.080339708684	88
3	533	288.562002214714	89
3	535	288.696251907184	90
3	540	289.828402975407	91
3	545	291.24861613907	92
3	549	291.675294853349	93
3	555	294.188292837453	94
3	557	294.550324233117	95
3	564	297.348015149865	96
3	569	298.300120396472	97
3	571	298.432583096095	98
3	587	311.885876336119	99
3	594	316.90506222196	100
3	600	320.077879489097	101
3	608	324.599132960369	102
3	619	331.569621374982	103
3	621	331.746698416551	104
3	625	333.45832465203	105
3	631	336.809626704787	106
3	635	337.879565005409	107
3	637	338.074780957608	108
3	647	343.847862387728	109
3	649	344.019097333646	110
3	655	344.695660755979	111
3	669	357.021714648175	112
3	676	361.194842265687	113
3	683	363.651519763973	114
3	688	365.085298511608	115
3	699	369.418714048011	116
3	707	372.795904110063	117
3	713	375.933275552679	118
3	724	383.486173813043	119
3	728	384.925856133411	120
3	739	393.116291141646	121
3	746	397.288000537764	122
3	748	397.494126846115	123
3	754	400.482723640293	124
3	759	402.382667352538	125
3	766	406.949984252945	126
3	770	408.437677221596	127
3	774	410.14379514314	128
3	776	410.392175642799	129
3	790	419.877613065453	130
3	798	424.890165567045	131
3	805	427.458718322137	132
3	815	432.24294781026	133
3	817	432.532182961011	134
3	821	433.785847038851	135
3	826	435.541976001781	136
3	830	436.668822241262	137
3	836	440.049050915713	138
3	842	443.213886756553	139
3	844	443.417858837082	140
3	850	446.525105050562	141
3	854	447.781364607493	142
3	861	450.424980214237	143
3	866	452.146646780964	144
3	868	452.385440142633	145
3	872	453.868077879313	146
3	878	456.818996696623	147
3	884	459.97672538564	148
3	891	461.361172723723	149
3	893	461.625024366653	150
3	905	465.99150664331	151
3	914	469.356714822847	152
3	921	471.947297705348	153
3	923	472.011308314783	154
3	937	482.366273034564	155
3	951	490.160705013404	156
3	953	490.416760306355	157
3	958	492.066955066225	158
3	974	503.683332253535	159
3	983	510.907447030226	160
3	992	514.991088545311	161
3	996	516.339740660664	162
3	998	516.431280657224	163
3	1004	519.451093285615	164
3	1008	521.54717591339	165
3	1013	523.08956006007	166
3	1015	523.379079057853	167
3	1017	523.547256597238	168
3	1021	524.456114155338	169
3	1025	524.945522826247	170
3	1027	525.211620470307	171
3	1031	525.562328984295	172
3	1037	528.831935890181	173
3	1041	530.569390964541	174
3	1043	530.795386487679	175
3	1045	531.015709792341	176
3	1050	533.11973002427	177
3	1052	533.399039715633	178
3	1059	534.854795688847	179
3	1064	535.983577283582	180
3	1068	537.720492208603	181
3	1070	537.976589937746	182
3	1075	539.753087999244	183
3	1081	543.087957512504	184
3	1083	543.449045649369	185
3	1089	545.276225227198	186
3	1091	545.527178860844	187
3	1110	560.660791098822	188
3	1114	562.509594741515	189
3	1120	565.441815618788	190
3	1124	567.373566384805	191
3	1142	581.795257738553	192
3	1163	597.458880835871	193
3	1165	597.521729671971	194
3	1171	599.302975146638	195
3	1178	603.654874891735	196
3	1190	610.443537114527	197
3	1196	612.110555367773	198
3	1200	614.190334763292	199
3	1204	615.426222516743	200
3	1212	620.53470676304	201
3	1216	621.953374812786	202
3	1218	622.280270603559	203
3	1222	623.03913177329	204
3	1224	623.223301080569	205
3	1226	623.454473130527	206
3	1230	624.594447993772	207
3	1236	629.830649098577	208
3	1242	631.708079906358	209
3	1244	631.990838875669	210
3	1248	632.94603600911	211
3	1258	637.304467007112	212
3	1260	637.536624130122	213
3	1267	643.419982888457	214
3	1273	647.059629908242	215
3	1278	649.797029044005	216
3	1282	651.796807721312	217
3	1284	652.013917614363	218
3	1289	653.3274816686	219
3	1293	655.139101078877	220
3	1297	657.104404541278	221
3	1301	658.975414512951	222
3	1303	659.179709188421	223
3	1307	660.748611415869	224
3	1311	662.057985486465	225
3	1315	662.95157521306	226
3	1322	667.737717980265	227
3	1335	675.200769445875	228
3	1337	675.454236570305	229
3	1342	676.937095479276	230
3	1351	681.36275241792	231
3	1353	681.737578063543	232
3	1357	683.052238823941	233
3	1359	683.349259975233	234
3	1361	683.546520249126	235
3	1366	685.98943239454	236
3	1368	686.216034155316	237
3	1378	690.578784263172	238
3	1388	695.617061227498	239
3	1395	699.081114954116	240
3	1397	699.210998283414	241
3	1404	703.998243139994	242
3	1411	705.890201322477	243
3	1413	706.159480910812	244
3	1422	712.253690115154	245
3	1427	713.96791339164	246
3	1438	722.695985039942	247
3	1440	723.019595744143	248
3	1446	726.628190392753	249
3	1451	730.239895990727	250
3	1458	735.628959859288	251
3	1462	736.76148153447	252
3	1464	736.983556035088	253
3	1468	738.585156669628	254
3	1472	739.887282102946	255
3	1485	749.848299831962	256
3	1487	750.250214820385	257
3	1494	754.374589761115	258
3	1498	755.658182108869	259
3	1500	755.936734626063	260
3	1505	759.012569729262	261
3	1509	760.361764721825	262
3	1514	763.899484278415	263
3	1525	771.355874158879	264
3	1527	771.460875610364	265
3	1535	775.897234701134	266
3	1542	778.844779771219	267
3	1553	785.021191300676	268
3	1559	786.312204064331	269
3	1563	786.625181230654	270
3	1570	790.804747000352	271
3	1577	791.793957821405	272
3	1581	793.657130535699	273
3	1583	793.785730812301	274
3	1589	795.27051489451	275
3	1593	796.881170935146	276
3	1599	800.027341861323	277
3	1604	802.276500525536	278
3	1614	809.26112098651	279
3	1622	814.65767352598	280
3	1624	814.971971748196	281
3	1628	816.023522012963	282
3	1633	819.662521132747	283
3	1640	822.321802022546	284
3	1651	830.242283356727	285
3	1655	831.889295702434	286
3	1659	833.382899082857	287
3	1673	843.722082931916	288
3	1677	844.842490714044	289
3	1679	845.069760908315	290
3	1687	850.478083843436	291
3	1692	852.390062636239	292
3	1696	853.916184557815	293
3	1698	854.245122212739	294
3	1707	858.342447141427	295
3	1711	860.231374330015	296
3	1713	860.468143988486	297
3	1717	862.010070143372	298
3	1729	869.810230548493	299
3	1731	870.080226036223	300
3	1739	875.74988325726	301
3	1744	876.994976531791	302
3	1750	880.540872789274	303
3	1755	881.948004822094	304
3	1761	883.844032907329	305
3	1763	884.000494272307	306
3	1765	884.138393124026	307
3	1770	884.743581093146	308
3	1787	894.609677779916	309
3	1793	897.215690902362	310
3	1804	904.43666808749	311
3	1806	904.644947689226	312
3	1812	908.602636432852	313
3	1816	909.575100711375	314
3	1820	910.709740279908	315
3	1831	916.836541458573	316
3	1836	919.195762118203	317
3	1845	923.772802690267	318
3	1849	925.074225682432	319
3	1857	927.885503675197	320
3	1859	928.119842399286	321
3	1866	930.978811257812	322
3	1873	934.129228514964	323
3	1879	935.353054750299	324
3	1885	938.242228221709	325
3	1887	938.484408401237	326
3	1891	939.409735510009	327
3	1897	942.079462765719	328
3	1899	942.25716987239	329
3	1907	945.927686037524	330
3	1914	949.27136379922	331
3	1928	958.268699465791	332
3	1934	960.379391357916	333
3	1941	961.513609214855	334
3	1952	968.671607284767	335
3	1958	971.818338066545	336
3	1960	972.004764888997	337
3	1967	975.39317555269	338
3	1969	975.650733219285	339
3	1973	977.117284901031	340
3	1977	979.067530155655	341
3	1982	981.360620092159	342
3	1987	984.772335811807	343
3	1989	985.080068860727	344
3	1993	986.250144262095	345
3	1998	987.534988709881	346
3	2000	987.69573365	347
3	2008	994.187081376554	348
3	2013	995.772416686011	349
3	2015	995.985786058138	350
3	2020	997.195240167547	351
3	2024	999.153485041673	352
3	2026	999.279322166385	353
3	2028	999.579239716807	354
4	8	5.061517175234	1
4	18	11.09283882567	2
4	25	15.918579726972	3
4	33	21.770014132324	4
4	43	29.755373355907	5
4	47	31.056686162914	6
4	49	31.329977406582	7
4	55	34.258901634853	8
4	59	35.795977505832	9
4	63	37.631115535609	10
4	68	41.086217621958	11
4	72	42.481261683285	12
4	76	43.729760375632	13
4	84	47.28998194694	14
4	86	47.392509393878	15
4	90	48.589214780346	16
4	105	59.324210447463	17
4	107	59.609567800161	18
4	123	72.281245950452	19
4	131	76.857438149807	20
4	136	79.443288410931	21
4	144	85.437333965374	22
4	146	85.762598480655	23
4	150	86.627150437252	24
4	156	88.337585630128	25
4	161	90.355807937395	26
4	167	94.296582324353	27
4	172	97.213004828408	28
4	181	100.152503051599	29
4	185	101.138654190949	30
4	204	119.584874752934	31
4	210	121.257599653475	32
4	212	121.478422884015	33
4	225	131.24941494079	34
4	233	137.735648901413	35
4	235	137.940466038835	36
4	239	139.688254491946	37
4	241	139.840576694252	38
4	245	141.471098876281	39
4	253	146.891941485469	40
4	257	148.664771397392	41
4	261	149.685558535819	42
4	266	151.645797263876	43
4	268	151.936043948311	44
4	272	153.163929058102	45
4	278	156.504295340331	46
4	286	159.076857931003	47
4	290	160.78076275266	48
4	300	167.501448083534	49
4	304	169.383658354031	50
4	314	176.916192805577	51
4	320	178.49570335187	52
4	325	181.656228827639	53
4	331	183.129343989915	54
4	340	188.120109737497	55
4	345	191.679303872257	56
4	353	198.370387770508	57
4	357	200.320488793961	58
4	363	203.830866785611	59
4	369	205.72306004969	60
4	374	207.262503029392	61
4	378	209.161187014533	62
4	383	212.268373330393	63
4	389	214.875973824832	64
4	397	219.918222699111	65
4	403	224.624862056066	66
4	409	229.1120137174	67
4	411	229.437334548844	68
4	417	233.75725157393	69
4	428	237.530879471932	70
4	430	237.811150161902	71
4	432	237.993465803388	72
4	439	239.229303693151	73
4	444	242.42796159667	74
4	448	243.583891223747	75
4	456	248.206033750789	76
4	460	249.324593361954	77
4	470	254.885966628757	78
4	476	258.526083885292	79
4	480	260.370029260349	80
4	488	265.944726056813	81
4	496	271.356387249493	82
4	498	271.67993419403	83
4	504	274.809455337066	84
4	508	276.151355716029	85
4	517	280.486357252126	86
4	519	280.749416848434	87
4	524	282.080339708684	88
4	533	288.562002214714	89
4	535	288.696251907184	90
4	540	289.828402975407	91
4	545	291.24861613907	92
4	549	291.675294853349	93
4	555	294.188292837453	94
4	557	294.550324233117	95
4	564	297.348015149865	96
4	569	298.300120396472	97
4	571	298.432583096095	98
4	587	311.885876336119	99
4	594	316.90506222196	100
4	600	320.077879489097	101
4	608	324.599132960369	102
4	619	331.569621374982	103
4	621	331.746698416551	104
4	625	333.45832465203	105
4	631	336.809626704787	106
4	635	337.879565005409	107
4	637	338.074780957608	108
4	647	343.847862387728	109
4	649	344.019097333646	110
4	655	344.695660755979	111
4	669	357.021714648175	112
4	676	361.194842265687	113
4	683	363.651519763973	114
4	688	365.085298511608	115
4	699	369.418714048011	116
4	707	372.795904110063	117
4	713	375.933275552679	118
4	724	383.486173813043	119
4	728	384.925856133411	120
4	739	393.116291141646	121
4	746	397.288000537764	122
4	748	397.494126846115	123
4	754	400.482723640293	124
4	759	402.382667352538	125
4	766	406.949984252945	126
4	770	408.437677221596	127
4	774	410.14379514314	128
4	776	410.392175642799	129
4	790	419.877613065453	130
4	798	424.890165567045	131
4	805	427.458718322137	132
4	815	432.24294781026	133
4	817	432.532182961011	134
4	821	433.785847038851	135
4	826	435.541976001781	136
4	830	436.668822241262	137
4	836	440.049050915713	138
4	842	443.213886756553	139
4	844	443.417858837082	140
4	850	446.525105050562	141
4	854	447.781364607493	142
4	861	450.424980214237	143
4	866	452.146646780964	144
4	868	452.385440142633	145
4	872	453.868077879313	146
4	878	456.818996696623	147
4	884	459.97672538564	148
4	891	461.361172723723	149
4	893	461.625024366653	150
4	905	465.99150664331	151
4	914	469.356714822847	152
4	921	471.947297705348	153
4	923	472.011308314783	154
4	937	482.366273034564	155
4	951	490.160705013404	156
4	953	490.416760306355	157
4	958	492.066955066225	158
4	974	503.683332253535	159
4	983	510.907447030226	160
4	992	514.991088545311	161
4	996	516.339740660664	162
4	998	516.431280657224	163
4	1004	519.451093285615	164
4	1008	521.54717591339	165
4	1013	523.08956006007	166
4	1015	523.379079057853	167
4	1017	523.547256597238	168
4	1021	524.456114155338	169
4	1025	524.945522826247	170
4	1027	525.211620470307	171
4	1031	525.562328984295	172
4	1037	528.831935890181	173
4	1041	530.569390964541	174
4	1043	530.795386487679	175
4	1045	531.015709792341	176
4	1050	533.11973002427	177
4	1052	533.399039715633	178
4	1059	534.854795688847	179
4	1064	535.983577283582	180
4	1068	537.720492208603	181
4	1070	537.976589937746	182
4	1075	539.753087999244	183
4	1081	543.087957512504	184
4	1083	543.449045649369	185
4	1089	545.276225227198	186
4	1091	545.527178860844	187
4	1110	560.660791098822	188
4	1114	562.509594741515	189
4	1120	565.441815618788	190
4	1124	567.373566384805	191
4	1142	581.795257738553	192
4	1163	597.458880835871	193
4	1165	597.521729671971	194
4	1171	599.302975146638	195
4	1178	603.654874891735	196
4	1190	610.443537114527	197
4	1196	612.110555367773	198
4	1200	614.190334763292	199
4	1204	615.426222516743	200
4	1212	620.53470676304	201
4	1216	621.953374812786	202
4	1218	622.280270603559	203
4	1222	623.03913177329	204
4	1224	623.223301080569	205
4	1226	623.454473130527	206
4	1230	624.594447993772	207
4	1236	629.830649098577	208
4	1242	631.708079906358	209
4	1244	631.990838875669	210
4	1248	632.94603600911	211
4	1258	637.304467007112	212
4	1260	637.536624130122	213
4	1267	643.419982888457	214
4	1273	647.059629908242	215
4	1278	649.797029044005	216
4	1282	651.796807721312	217
4	1284	652.013917614363	218
4	1289	653.3274816686	219
4	1293	655.139101078877	220
4	1297	657.104404541278	221
4	1301	658.975414512951	222
4	1303	659.179709188421	223
4	1307	660.748611415869	224
4	1311	662.057985486465	225
4	1315	662.95157521306	226
4	1322	667.737717980265	227
4	1335	675.200769445875	228
4	1337	675.454236570305	229
4	1342	676.937095479276	230
4	1351	681.36275241792	231
4	1353	681.737578063543	232
4	1357	683.052238823941	233
4	1359	683.349259975233	234
4	1361	683.546520249126	235
4	1366	685.98943239454	236
4	1368	686.216034155316	237
4	1378	690.578784263172	238
4	1388	695.617061227498	239
4	1395	699.081114954116	240
4	1397	699.210998283414	241
4	1404	703.998243139994	242
4	1411	705.890201322477	243
4	1413	706.159480910812	244
4	1422	712.253690115154	245
4	1427	713.96791339164	246
4	1438	722.695985039942	247
4	1440	723.019595744143	248
4	1446	726.628190392753	249
4	1451	730.239895990727	250
4	1458	735.628959859288	251
4	1462	736.76148153447	252
4	1464	736.983556035088	253
4	1468	738.585156669628	254
4	1472	739.887282102946	255
4	1485	749.848299831962	256
4	1487	750.250214820385	257
4	1494	754.374589761115	258
4	1498	755.658182108869	259
4	1500	755.936734626063	260
4	1505	759.012569729262	261
4	1509	760.361764721825	262
4	1514	763.899484278415	263
4	1525	771.355874158879	264
4	1527	771.460875610364	265
4	1535	775.897234701134	266
4	1542	778.844779771219	267
4	1553	785.021191300676	268
4	1559	786.312204064331	269
4	1563	786.625181230654	270
4	1570	790.804747000352	271
4	1577	791.793957821405	272
4	1581	793.657130535699	273
4	1583	793.785730812301	274
4	1589	795.27051489451	275
4	1593	796.881170935146	276
4	1599	800.027341861323	277
4	1604	802.276500525536	278
4	1614	809.26112098651	279
4	1622	814.65767352598	280
4	1624	814.971971748196	281
4	1628	816.023522012963	282
4	1633	819.662521132747	283
4	1640	822.321802022546	284
4	1651	830.242283356727	285
4	1655	831.889295702434	286
4	1659	833.382899082857	287
4	1673	843.722082931916	288
4	1677	844.842490714044	289
4	1679	845.069760908315	290
4	1687	850.478083843436	291
4	1692	852.390062636239	292
4	1696	853.916184557815	293
4	1698	854.245122212739	294
4	1707	858.342447141427	295
4	1711	860.231374330015	296
4	1713	860.468143988486	297
4	1717	862.010070143372	298
4	1729	869.810230548493	299
4	1731	870.080226036223	300
4	1739	875.74988325726	301
4	1744	876.994976531791	302
4	1750	880.540872789274	303
4	1755	881.948004822094	304
4	1761	883.844032907329	305
4	1763	884.000494272307	306
4	1765	884.138393124026	307
4	1770	884.743581093146	308
4	1787	894.609677779916	309
4	1793	897.215690902362	310
4	1804	904.43666808749	311
4	1806	904.644947689226	312
4	1812	908.602636432852	313
4	1816	909.575100711375	314
4	1820	910.709740279908	315
4	1831	916.836541458573	316
4	1836	919.195762118203	317
4	1845	923.772802690267	318
4	1849	925.074225682432	319
4	1857	927.885503675197	320
4	1859	928.119842399286	321
4	1866	930.978811257812	322
4	1873	934.129228514964	323
4	1879	935.353054750299	324
4	1885	938.242228221709	325
4	1887	938.484408401237	326
4	1891	939.409735510009	327
4	1897	942.079462765719	328
4	1899	942.25716987239	329
4	1907	945.927686037524	330
4	1914	949.27136379922	331
4	1928	958.268699465791	332
4	1934	960.379391357916	333
4	1941	961.513609214855	334
4	1952	968.671607284767	335
4	1958	971.818338066545	336
4	1960	972.004764888997	337
4	1967	975.39317555269	338
4	1969	975.650733219285	339
4	1973	977.117284901031	340
4	1977	979.067530155655	341
4	1982	981.360620092159	342
4	1987	984.772335811807	343
4	1989	985.080068860727	344
4	1993	986.250144262095	345
4	1998	987.534988709881	346
4	2000	987.69573365	347
4	2008	994.187081376554	348
4	2013	995.772416686011	349
4	2015	995.985786058138	350
4	2020	997.195240167547	351
4	2024	999.153485041673	352
4	2026	999.279322166385	353
4	2028	999.579239716807	354
5	19	11.279352763426	1
5	85	47.336037739424	2
5	106	59.508283399473	3
5	211	121.406381822276	4
5	267	151.777015514379	5
5	305	169.543903237963	6
5	370	205.74483627952	7
5	431	237.953578767526	8
5	481	260.540315491015	9
5	497	271.485144220768	10
5	536	288.782838208115	11
5	548	291.642411536286	12
5	556	294.3711084193	13
5	558	294.687997728052	14
5	570	298.399650220682	15
5	626	333.50811858885	16
5	636	337.949322282185	17
5	691	365.370153478257	18
5	747	397.31975045833	19
5	816	432.404321798294	20
5	822	433.966372816957	21
5	879	456.969877295815	22
5	887	460.359721442361	23
5	952	490.334522111382	24
5	954	490.492000542249	25
5	997	516.409737074455	26
5	999	516.496193635879	27
5	1009	521.655234433934	28
5	1016	523.42878309634	29
5	1024	524.829388959678	30
5	1026	525.110873803662	31
5	1028	525.401868733657	32
5	1060	534.915714713358	33
5	1069	537.921690841658	34
5	1217	622.084030225211	35
5	1268	643.624951472444	36
5	1283	651.878905551223	37
5	1302	659.077308137286	38
5	1336	675.343431037997	39
5	1338	675.659081395224	40
5	1352	681.563922147663	41
5	1360	683.480351380505	42
5	1369	686.358762293908	43
5	1389	695.711840026249	44
5	1396	699.16136298922	45
5	1398	699.311447104631	46
5	1414	706.310721312448	47
5	1423	712.445678641038	48
5	1439	722.89494342588	49
5	1463	736.840711547662	50
5	1473	740.007350659354	51
5	1486	750.047566615066	52
5	1526	771.419973163462	53
5	1562	786.542247706696	54
5	1564	786.805728976334	55
5	1573	791.256201891183	56
5	1730	869.957128918289	57
5	1740	875.910763892934	58
5	1762	883.917103770849	59
5	1764	884.074780405386	60
5	1766	884.264334807988	61
5	1771	884.887839750945	62
5	1880	935.416401660808	63
5	1886	938.394146539527	64
5	1915	949.46772712297	65
5	1942	961.694560668132	66
5	1961	972.142563406918	67
5	1994	986.432015644382	68
5	2016	996.143758849738	69
6	19	11.279352763426	1
6	85	47.336037739424	2
6	106	59.508283399473	3
6	211	121.406381822276	4
6	267	151.777015514379	5
6	305	169.543903237963	6
6	370	205.74483627952	7
6	431	237.953578767526	8
6	481	260.540315491015	9
6	497	271.485144220768	10
6	536	288.782838208115	11
6	548	291.642411536286	12
6	556	294.3711084193	13
6	558	294.687997728052	14
6	570	298.399650220682	15
6	626	333.50811858885	16
6	636	337.949322282185	17
6	691	365.370153478257	18
6	747	397.31975045833	19
6	816	432.404321798294	20
6	822	433.966372816957	21
6	879	456.969877295815	22
6	887	460.359721442361	23
6	952	490.334522111382	24
6	954	490.492000542249	25
6	997	516.409737074455	26
6	999	516.496193635879	27
6	1009	521.655234433934	28
6	1016	523.42878309634	29
6	1024	524.829388959678	30
6	1026	525.110873803662	31
6	1028	525.401868733657	32
6	1060	534.915714713358	33
6	1069	537.921690841658	34
6	1217	622.084030225211	35
6	1268	643.624951472444	36
6	1283	651.878905551223	37
6	1302	659.077308137286	38
6	1336	675.343431037997	39
6	1338	675.659081395224	40
6	1352	681.563922147663	41
6	1360	683.480351380505	42
6	1369	686.358762293908	43
6	1389	695.711840026249	44
6	1396	699.16136298922	45
6	1398	699.311447104631	46
6	1414	706.310721312448	47
6	1423	712.445678641038	48
6	1439	722.89494342588	49
6	1463	736.840711547662	50
6	1473	740.007350659354	51
6	1486	750.047566615066	52
6	1526	771.419973163462	53
6	1562	786.542247706696	54
6	1564	786.805728976334	55
6	1573	791.256201891183	56
6	1730	869.957128918289	57
6	1740	875.910763892934	58
6	1762	883.917103770849	59
6	1764	884.074780405386	60
6	1766	884.264334807988	61
6	1771	884.887839750945	62
6	1880	935.416401660808	63
6	1886	938.394146539527	64
6	1915	949.46772712297	65
6	1942	961.694560668132	66
6	1961	972.142563406918	67
6	1994	986.432015644382	68
6	2016	996.143758849738	69
7	48	31.17804137656	1
7	77	43.811822907034	2
7	124	72.357995196593	3
7	145	85.566884966763	4
7	151	86.649801235646	5
7	157	88.413542823985	6
7	173	97.300375918835	7
7	186	101.194993642263	8
7	205	119.693676440846	9
7	234	137.854883349346	10
7	240	139.729323839481	11
7	262	149.824329737857	12
7	279	156.713138813911	13
7	315	177.068584899766	14
7	326	181.751250418511	15
7	358	200.364102001634	16
7	364	203.878215926392	17
7	410	229.278617219433	18
7	418	233.841606098624	19
7	429	237.681373034461	20
7	433	238.176736187119	21
7	509	276.294691263101	22
7	518	280.586798227677	23
7	520	280.882960453917	24
7	534	288.595245758373	25
7	541	289.933929183654	26
7	546	291.433931664797	27
7	550	291.849726419146	28
7	565	297.520526158875	29
7	620	331.720435865128	30
7	648	343.896690113752	31
7	650	344.128143842204	32
7	677	361.355033388898	33
7	684	363.743028774565	34
7	689	365.225180759824	35
7	700	369.538961613607	36
7	714	376.008432172586	37
7	729	385.08570686078	38
7	755	400.508840804334	39
7	775	410.215805064151	40
7	806	427.534783250264	41
7	837	440.131393276601	42
7	843	443.395560452443	43
7	862	450.501143092822	44
7	867	452.19366057512	45
7	873	454.032478211674	46
7	885	460.134459567761	47
7	892	461.43912157888	48
7	894	461.707694833187	49
7	906	466.178584476163	50
7	915	469.564988791974	51
7	922	471.987076728108	52
7	938	482.543428874106	53
7	984	511.108392870802	54
7	1014	523.218552783902	55
7	1022	524.628303121452	56
7	1042	530.6428382054	57
7	1044	530.961877505405	58
7	1051	533.308217443041	59
7	1053	533.528566360739	60
7	1071	538.092160924653	61
7	1076	539.845638053597	62
7	1082	543.283233367375	63
7	1090	545.427520422199	64
7	1143	581.97674454057	65
7	1164	597.484041013675	66
7	1166	597.706742413782	67
7	1191	610.591244551846	68
7	1223	623.118224255958	69
7	1225	623.288230315031	70
7	1237	629.950969363991	71
7	1243	631.908116920291	72
7	1259	637.40501432592	73
7	1285	652.185853173003	74
7	1316	663.127253306153	75
7	1358	683.209814943703	76
7	1367	686.175325099009	77
7	1405	704.039959458248	78
7	1412	706.060883579905	79
7	1499	755.750410766374	80
7	1536	776.037638018829	81
7	1554	785.091024565732	82
7	1560	786.43058354225	83
7	1571	790.976868823803	84
7	1582	793.712965394354	85
7	1584	793.851532015072	86
7	1623	814.763924530025	87
7	1678	844.908605870738	88
7	1688	850.609260420539	89
7	1697	854.055508942806	90
7	1699	854.40046153045	91
7	1712	860.276749547845	92
7	1718	862.036147138895	93
7	1751	880.750228527591	94
7	1756	882.149008071286	95
7	1805	904.464869229513	96
7	1837	919.341240385689	97
7	1850	925.215254733904	98
7	1858	928.061532365551	99
7	1860	928.156301521325	100
7	1867	931.053222912261	101
7	1874	934.297359677379	102
7	1898	942.212898641974	103
7	1908	946.0531558799	104
7	1929	958.337755311151	105
7	1935	960.49042782161	106
7	1953	968.804420517213	107
7	1959	971.951225489048	108
7	1968	975.512943536895	109
7	1988	984.953161012861	110
7	1999	987.652796041553	111
7	2009	994.381734295513	112
7	2014	995.906275301949	113
7	2025	999.225328632763	114
7	2027	999.417236997839	115
7	2029	999.664816765001	116
8	48	31.17804137656	1
8	77	43.811822907034	2
8	124	72.357995196593	3
8	145	85.566884966763	4
8	151	86.649801235646	5
8	157	88.413542823985	6
8	173	97.300375918835	7
8	186	101.194993642263	8
8	205	119.693676440846	9
8	234	137.854883349346	10
8	240	139.729323839481	11
8	262	149.824329737857	12
8	279	156.713138813911	13
8	315	177.068584899766	14
8	326	181.751250418511	15
8	358	200.364102001634	16
8	364	203.878215926392	17
8	410	229.278617219433	18
8	418	233.841606098624	19
8	429	237.681373034461	20
8	433	238.176736187119	21
8	509	276.294691263101	22
8	518	280.586798227677	23
8	520	280.882960453917	24
8	534	288.595245758373	25
8	541	289.933929183654	26
8	546	291.433931664797	27
8	550	291.849726419146	28
8	565	297.520526158875	29
8	620	331.720435865128	30
8	648	343.896690113752	31
8	650	344.128143842204	32
8	677	361.355033388898	33
8	684	363.743028774565	34
8	689	365.225180759824	35
8	700	369.538961613607	36
8	714	376.008432172586	37
8	729	385.08570686078	38
8	755	400.508840804334	39
8	775	410.215805064151	40
8	806	427.534783250264	41
8	837	440.131393276601	42
8	843	443.395560452443	43
8	862	450.501143092822	44
8	867	452.19366057512	45
8	873	454.032478211674	46
8	885	460.134459567761	47
8	892	461.43912157888	48
8	894	461.707694833187	49
8	906	466.178584476163	50
8	915	469.564988791974	51
8	922	471.987076728108	52
8	938	482.543428874106	53
8	984	511.108392870802	54
8	1014	523.218552783902	55
8	1022	524.628303121452	56
8	1042	530.6428382054	57
8	1044	530.961877505405	58
8	1051	533.308217443041	59
8	1053	533.528566360739	60
8	1071	538.092160924653	61
8	1076	539.845638053597	62
8	1082	543.283233367375	63
8	1090	545.427520422199	64
8	1143	581.97674454057	65
8	1164	597.484041013675	66
8	1166	597.706742413782	67
8	1191	610.591244551846	68
8	1223	623.118224255958	69
8	1225	623.288230315031	70
8	1237	629.950969363991	71
8	1243	631.908116920291	72
8	1259	637.40501432592	73
8	1285	652.185853173003	74
8	1316	663.127253306153	75
8	1358	683.209814943703	76
8	1367	686.175325099009	77
8	1405	704.039959458248	78
8	1412	706.060883579905	79
8	1499	755.750410766374	80
8	1536	776.037638018829	81
8	1554	785.091024565732	82
8	1560	786.43058354225	83
8	1571	790.976868823803	84
8	1582	793.712965394354	85
8	1584	793.851532015072	86
8	1623	814.763924530025	87
8	1678	844.908605870738	88
8	1688	850.609260420539	89
8	1697	854.055508942806	90
8	1699	854.40046153045	91
8	1712	860.276749547845	92
8	1718	862.036147138895	93
8	1751	880.750228527591	94
8	1756	882.149008071286	95
8	1805	904.464869229513	96
8	1837	919.341240385689	97
8	1850	925.215254733904	98
8	1858	928.061532365551	99
8	1860	928.156301521325	100
8	1867	931.053222912261	101
8	1874	934.297359677379	102
8	1898	942.212898641974	103
8	1908	946.0531558799	104
8	1929	958.337755311151	105
8	1935	960.49042782161	106
8	1953	968.804420517213	107
8	1959	971.951225489048	108
8	1968	975.512943536895	109
8	1988	984.953161012861	110
8	1999	987.652796041553	111
8	2009	994.381734295513	112
8	2014	995.906275301949	113
8	2025	999.225328632763	114
8	2027	999.417236997839	115
8	2029	999.664816765001	116
9	78	43.833534426176	1
9	125	72.495786781873	2
9	152	86.808227141015	3
9	174	97.487353996859	4
9	206	119.78627596348	5
9	280	156.858386807296	6
9	316	177.228374002123	7
9	327	181.930124619592	8
9	365	203.960153989727	9
9	419	233.86865281256	10
9	434	238.315028016392	11
9	510	276.45090777374	12
9	547	291.549824780333	13
9	651	344.271814955145	14
9	678	361.480059231071	15
9	690	365.264304591814	16
9	701	369.560008670616	17
9	730	385.172048668911	18
9	807	427.614162714214	19
9	886	460.258317371772	20
9	895	461.823594165332	21
9	907	466.262566216028	22
9	939	482.658277450606	23
9	985	511.203230831713	24
9	1023	524.79518998598	25
9	1054	533.663556810517	26
9	1144	582.17242004068	27
9	1167	597.764404051721	28
9	1192	610.632361419561	29
9	1238	630.092087060716	30
9	1406	704.185087386777	31
9	1537	776.219892778028	32
9	1555	785.130548312501	33
9	1561	786.457734941852	34
9	1572	791.176418846155	35
9	1585	794.010871572767	36
9	1757	882.297843828502	37
9	1838	919.501714505725	38
9	1851	925.368092581706	39
9	1861	928.242559607298	40
9	1868	931.262996131489	41
9	1875	934.440223173576	42
9	1936	960.624905506366	43
9	2030	999.732694953657	44
10	78	43.833534426176	1
10	125	72.495786781873	2
10	152	86.808227141015	3
10	174	97.487353996859	4
10	206	119.78627596348	5
10	280	156.858386807296	6
10	316	177.228374002123	7
10	327	181.930124619592	8
10	365	203.960153989727	9
10	419	233.86865281256	10
10	434	238.315028016392	11
10	510	276.45090777374	12
10	547	291.549824780333	13
10	651	344.271814955145	14
10	678	361.480059231071	15
10	690	365.264304591814	16
10	701	369.560008670616	17
10	730	385.172048668911	18
10	807	427.614162714214	19
10	886	460.258317371772	20
10	895	461.823594165332	21
10	907	466.262566216028	22
10	939	482.658277450606	23
10	985	511.203230831713	24
10	1023	524.79518998598	25
10	1054	533.663556810517	26
10	1144	582.17242004068	27
10	1167	597.764404051721	28
10	1192	610.632361419561	29
10	1238	630.092087060716	30
10	1406	704.185087386777	31
10	1537	776.219892778028	32
10	1555	785.130548312501	33
10	1561	786.457734941852	34
10	1572	791.176418846155	35
10	1585	794.010871572767	36
10	1757	882.297843828502	37
10	1838	919.501714505725	38
10	1851	925.368092581706	39
10	1861	928.242559607298	40
10	1868	931.262996131489	41
10	1875	934.440223173576	42
10	1936	960.624905506366	43
10	2030	999.732694953657	44
11	175	97.511891974514	1
11	420	233.976785790535	2
11	435	238.463030716003	3
11	702	369.593690957078	4
11	1055	533.786857780495	5
11	1407	704.298175893922	6
11	1852	925.539381670576	7
11	1937	960.705689678705	8
12	175	97.511891974514	1
12	420	233.976785790535	2
12	435	238.463030716003	3
12	702	369.593690957078	4
12	1055	533.786857780495	5
12	1407	704.298175893922	6
12	1852	925.539381670576	7
12	1937	960.705689678705	8
13	823	434.150574237638	1
13	1269	643.713032813318	2
13	1415	706.368756663812	3
13	1767	884.355151251229	4
13	1995	986.574165573402	5
14	823	434.150574237638	2.121068545329
14	1269	643.713032813318	2.212344057554
14	1415	706.368756663812	2.642006016048
14	1767	884.355151251229	2.803947220944
14	1995	986.574165573402	2.060378419643

