version 3
run General-0-20231019-18:57:58-54425
attr configname General
attr datetime 20231019-18:57:58
attr datetimef 20231019-185758
attr experiment General
attr inifile omnetpp.ini
attr iterationvars ""
attr iterationvarsd ""
attr iterationvarsf ""
attr measurement ""
attr network Multihop
attr processid 54425
attr repetition 0
attr replication #0
attr resultdir results
attr runnumber 0
attr seedset 0
config network Multihop
config Multihop.node[*].transmissionTime "uniform(1s, 2s)"
config Multihop.node[*].delayTime "uniform(0.01s, 0.2s)"
config Multihop.node[0].lossProbability 0.3
config Multihop.node[1].lossProbability 0.3
config Multihop.node[2].lossProbability 0.3
config Multihop.node[3].lossProbability 0.3/2
config Multihop.node[4].lossProbability 0.3/2
config Multihop.node[5].lossProbability 0.3*2
config Multihop.node[6].lossProbability 0.3*2
config Multihop.node[7].lossProbability 0.3*3
config record-eventlog true
config sim-time-limit 1000s
config repeat 5

vector 0 Multihop.node[0] txVector ETV
vector 1 Multihop.node[2] rxVector ETV
vector 2 Multihop.node[2] txVector ETV
vector 3 Multihop.node[4] rxVector ETV
vector 4 Multihop.node[4] txVector ETV
vector 5 Multihop.node[1] rxVector ETV
vector 6 Multihop.node[1] txVector ETV
vector 7 Multihop.node[6] rxVector ETV
vector 8 Multihop.node[6] txVector ETV
vector 9 Multihop.node[3] rxVector ETV
vector 10 Multihop.node[3] txVector ETV
vector 11 Multihop.node[7] rxVector ETV
vector 12 Multihop.node[7] e2eVector ETV
vector 13 Multihop.node[5] rxVector ETV
vector 14 Multihop.node[5] txVector ETV
0	0	0	1
0	1	0.114274565438	2
0	5	1.707119181827	3
0	6	3.144706391804	4
0	7	5.036479393561	5
0	8	7.000142157619	6
0	12	8.383583678939	7
0	13	9.72097984057	8
0	14	11.369151717127	9
0	16	12.737393254489	10
0	20	14.607405399746	11
0	26	16.328038051334	12
0	27	17.896471999661	13
0	36	18.915261797682	14
0	39	20.04418809603	15
0	41	21.482789609423	16
0	42	23.135579928365	17
0	43	24.770638805423	18
0	51	26.765938371029	19
0	53	27.863039642181	20
0	57	29.834984641131	21
0	59	30.874172430094	22
0	60	32.233616899075	23
0	61	33.714510435313	24
0	69	35.40317162157	25
0	73	37.070581997819	26
0	74	38.623403481981	27
0	76	39.788343942566	28
0	82	41.46616048187	29
0	87	43.357714912696	30
0	93	45.033153989893	31
0	95	46.457009033841	32
0	97	47.927141222247	33
0	100	49.217218832188	34
0	101	50.515501160017	35
0	105	52.085466071573	36
0	107	53.306728754268	37
0	113	54.742593673599	38
0	116	56.64724141786	39
0	121	58.42629243604	40
0	126	59.846367803711	41
0	127	61.596367051435	42
0	130	62.935770867468	43
0	136	64.106757460238	44
0	140	65.683986045496	45
0	144	67.434830292437	46
0	148	69.379202680971	47
0	152	70.435621015571	48
0	157	71.460299744347	49
0	159	72.677196725348	50
0	160	73.814417146223	51
0	164	75.043636469247	52
0	165	76.672618318193	53
0	175	78.545268975741	54
0	177	80.275711156272	55
0	178	81.55333986467	56
0	180	83.140124210001	57
0	182	84.814971555102	58
0	186	86.531831235004	59
0	188	87.656664295898	60
0	194	89.42198954833	61
0	195	91.099252855017	62
0	196	92.162291147591	63
0	200	93.717940384833	64
0	211	94.781895650629	65
0	219	96.129129162369	66
0	220	98.109828835897	67
0	225	99.515949323386	68
0	228	100.817780197676	69
0	231	102.770650868848	70
0	232	104.653510867231	71
0	233	105.90413358699	72
0	237	107.581545411455	73
0	238	109.30858967531	74
0	239	110.578917578873	75
0	244	111.710400374685	76
0	246	112.99391922316	77
0	252	114.503261288939	78
0	254	115.776083185881	79
0	257	117.555275156706	80
0	263	119.024773462055	81
0	264	120.560950961508	82
0	266	122.242343473559	83
0	268	123.568028240077	84
0	269	124.755159132959	85
0	272	126.659143084505	86
0	277	128.117747041009	87
0	278	129.87452568727	88
0	280	131.510586743787	89
0	282	132.520353175778	90
0	285	133.978492000684	91
0	289	135.930366475446	92
0	294	137.024824391197	93
0	297	138.33181044374	94
0	298	139.863659625718	95
0	302	141.709017310137	96
0	303	143.163179709189	97
0	304	144.4898805959	98
0	305	145.722624728069	99
0	307	147.33708943481	100
0	312	148.850164301306	101
0	313	150.341189042045	102
0	319	152.322828722265	103
0	321	153.388132928484	104
0	322	154.458580117752	105
0	326	156.142153080166	106
0	332	157.696840891461	107
0	334	159.145924318428	108
0	337	161.131415748815	109
0	338	163.123426992991	110
0	339	164.372847036072	111
0	341	165.478753194525	112
0	345	166.836860669623	113
0	351	168.215917565473	114
0	353	169.954307903149	115
0	356	171.588305598437	116
0	357	173.287880659881	117
0	358	175.255846230858	118
0	360	177.250247018957	119
0	361	178.861995436564	120
0	362	180.533902455434	121
0	366	181.981418324481	122
0	367	183.949212997067	123
0	371	185.496097893766	124
0	372	187.471849582703	125
0	374	188.744858486192	126
0	381	189.993271946521	127
0	383	191.246914469018	128
0	388	192.759366129372	129
0	390	194.398393513947	130
0	391	195.942071568067	131
0	395	197.224771214961	132
0	398	198.782836313206	133
0	400	200.208343949248	134
0	402	201.487411892819	135
0	406	202.586828285674	136
0	411	204.234024937576	137
0	417	205.743832129365	138
0	423	207.570656347167	139
0	428	209.493004327253	140
0	433	210.667776334644	141
0	439	212.575651925602	142
0	440	214.093264027811	143
0	444	215.567932012338	144
0	451	216.872378378022	145
0	453	218.479627755317	146
0	454	220.112689764784	147
0	459	222.003342575007	148
0	466	223.660362351066	149
0	468	225.22442670477	150
0	469	226.922675186614	151
0	470	228.258173361499	152
0	472	229.405858939592	153
0	476	230.543110290854	154
0	479	231.650114429262	155
0	485	233.585946508529	156
0	490	234.676179490596	157
0	491	236.149369541401	158
0	495	237.629123415178	159
0	498	238.900375492018	160
0	501	240.245093614174	161
0	503	241.676853739502	162
0	513	243.302211938039	163
0	516	245.261354188048	164
0	520	246.796271042744	165
0	524	248.644611194576	166
0	525	249.72992212147	167
0	526	250.951318568397	168
0	527	252.051332630763	169
0	528	253.316372331312	170
0	531	254.382521791697	171
0	538	255.942204190964	172
0	539	257.869416002032	173
0	544	258.898368554503	174
0	550	260.262913184088	175
0	551	262.114766889798	176
0	552	263.510310718405	177
0	553	264.743388549739	178
0	558	266.328820621676	179
0	564	267.937413925386	180
0	566	269.309332676546	181
0	570	271.287880224024	182
0	576	273.168558344792	183
0	577	274.94159332345	184
0	582	276.688177610829	185
0	584	278.663167421788	186
0	586	280.481200727018	187
0	588	282.263290102676	188
0	592	283.687953108771	189
0	594	285.460218685994	190
0	596	286.852015624371	191
0	598	288.076482561267	192
0	606	289.716187662295	193
0	608	290.801254465095	194
0	614	292.013688825154	195
0	615	293.278021585512	196
0	620	294.626378335142	197
0	624	296.289696253919	198
0	628	297.339045200114	199
0	632	299.007651042974	200
0	637	300.381162052125	201
0	640	302.091617806431	202
0	646	303.450613084098	203
0	655	304.651623367414	204
0	656	305.841376986204	205
0	658	307.362251781009	206
0	663	309.15784214678	207
0	666	310.644252598134	208
0	672	312.142432162852	209
0	677	313.717966048594	210
0	678	315.466190017143	211
0	682	316.9635468508	212
0	687	318.305889221688	213
0	691	319.860534278059	214
0	694	321.098545552313	215
0	696	322.683138126123	216
0	700	323.981325482565	217
0	701	325.32902347095	218
0	705	326.571660797192	219
0	707	328.29943206472	220
0	711	329.618349385528	221
0	717	331.098410271421	222
0	720	332.233228915917	223
0	726	333.513342660234	224
0	729	334.803590702905	225
0	730	336.608854558167	226
0	736	338.332795955089	227
0	740	339.36485157659	228
0	741	340.879773782182	229
0	748	342.818185806822	230
0	749	343.848846855655	231
0	750	345.073260472936	232
0	751	347.026936173986	233
0	753	348.60925590744	234
0	761	350.404243690509	235
0	765	352.182519856456	236
0	767	353.532845045521	237
0	771	355.47669589807	238
0	772	356.926905063993	239
0	778	358.806761748471	240
0	781	360.660007728112	241
0	783	361.673516431439	242
0	785	363.350560964632	243
0	788	364.661190183216	244
0	789	366.366138243663	245
0	791	367.78477510492	246
0	793	369.334829612017	247
0	796	370.385905091033	248
0	798	371.386569306568	249
0	799	372.57201727837	250
0	805	374.467928468563	251
0	806	375.608885948394	252
0	812	377.576223745557	253
0	814	379.54924037595	254
0	816	380.649492124642	255
0	818	382.353763417887	256
0	824	383.906202476087	257
0	828	385.479646415531	258
0	830	386.643330671906	259
0	836	387.699702835025	260
0	837	389.330534645438	261
0	841	391.328528649023	262
0	842	393.024475511013	263
0	846	394.436909060309	264
0	850	396.165467793903	265
0	852	397.662015921519	266
0	853	399.059041758616	267
0	854	400.335691489129	268
0	855	401.842034409604	269
0	857	403.191932085053	270
0	862	404.555413846009	271
0	863	406.442776913139	272
0	867	407.448091953144	273
0	868	408.551670418203	274
0	869	409.56976677602	275
0	873	411.160352153553	276
0	878	412.312635258854	277
0	879	414.049620500848	278
0	889	415.775404211449	279
0	896	417.155298113207	280
0	897	418.808297873557	281
0	901	420.152587038314	282
0	903	421.184161633568	283
0	904	422.235168947222	284
0	906	423.862329657039	285
0	907	425.74812599792	286
0	913	427.646236962256	287
0	915	429.104449221016	288
0	918	430.98109762798	289
0	923	432.120230917204	290
0	924	433.751949447524	291
0	925	435.214532185197	292
0	927	436.860861366466	293
0	931	438.666323806942	294
0	935	439.723794436399	295
0	939	440.842711378439	296
0	944	442.036769466326	297
0	947	443.28334651826	298
0	949	444.921186813936	299
0	950	446.707375316034	300
0	956	448.455398113551	301
0	957	450.020025324161	302
0	960	451.145836480046	303
0	967	452.496223500083	304
0	968	454.417283097599	305
0	972	455.657979076812	306
0	974	457.595843452346	307
0	976	459.244875042551	308
0	983	460.956745493776	309
0	985	462.571515379325	310
0	987	464.555545684267	311
0	989	466.421680392781	312
0	990	467.974326268853	313
0	994	469.225526382066	314
0	995	470.891397779425	315
0	996	472.292277348078	316
0	998	474.060472009321	317
0	999	475.98843037229	318
0	1000	477.491879652338	319
0	1002	478.68825379977	320
0	1006	480.637533703903	321
0	1010	481.638250664659	322
0	1012	483.215840756046	323
0	1014	484.941156988116	324
0	1018	486.629840410398	325
0	1025	488.515958421714	326
0	1027	490.382250002669	327
0	1029	491.898373705651	328
0	1033	493.068308692276	329
0	1037	494.608356651701	330
0	1039	495.670487458436	331
0	1046	497.6285546353	332
0	1049	499.115702760025	333
0	1055	500.140893052417	334
0	1056	502.013883630597	335
0	1057	504.013737464408	336
0	1058	505.094022298316	337
0	1060	506.237100721654	338
0	1061	507.338955337499	339
0	1063	508.473128974057	340
0	1064	510.434970233442	341
0	1066	512.195249341048	342
0	1070	513.729227262402	343
0	1074	515.674646213038	344
0	1076	517.376623804068	345
0	1078	519.148255932696	346
0	1085	520.43314145677	347
0	1086	521.704692556842	348
0	1089	523.312237916833	349
0	1090	524.617426619951	350
0	1091	526.600860600213	351
0	1092	528.502991821004	352
0	1096	529.96171470321	353
0	1100	531.747269737387	354
0	1101	533.645357494794	355
0	1107	534.966830425982	356
0	1116	536.684949465881	357
0	1117	538.444439566315	358
0	1118	539.570146862271	359
0	1119	541.54324266556	360
0	1120	542.692741202277	361
0	1122	544.392277117207	362
0	1125	545.614101148065	363
0	1129	547.412180165615	364
0	1131	549.003177967476	365
0	1132	550.775108836679	366
0	1133	552.188194964867	367
0	1143	553.898253271909	368
0	1149	554.985208615515	369
0	1150	556.296138999838	370
0	1152	557.794573785824	371
0	1153	559.113993455976	372
0	1158	560.220799799863	373
0	1161	561.901914634829	374
0	1165	563.135623117298	375
0	1167	564.776187707991	376
0	1170	565.796328960773	377
0	1171	567.104986757128	378
0	1175	569.061928350566	379
0	1176	570.390882114502	380
0	1178	571.41057375804	381
0	1182	572.44977605957	382
0	1185	574.170095326932	383
0	1186	575.758252999367	384
0	1188	576.792520039569	385
0	1190	578.218337584141	386
0	1192	579.591392112051	387
0	1194	581.213957633677	388
0	1195	582.927675398619	389
0	1202	584.84308304204	390
0	1205	586.493997042387	391
0	1208	587.877063401596	392
0	1210	589.806129553675	393
0	1211	590.969393215229	394
0	1212	592.666220549814	395
0	1218	593.893651930237	396
0	1222	595.671690777032	397
0	1229	597.267676483928	398
0	1238	598.377924047732	399
0	1243	599.628221909371	400
0	1246	601.113163925563	401
0	1247	602.973190497463	402
0	1255	604.591263602809	403
0	1256	606.419744098182	404
0	1257	608.272433106643	405
0	1258	609.305209010462	406
0	1260	610.549366042805	407
0	1262	612.104751525303	408
0	1264	613.621584564769	409
0	1268	614.70579206184	410
0	1269	616.271637159954	411
0	1273	617.691870692973	412
0	1279	618.941673647934	413
0	1281	619.945383421001	414
0	1282	621.357864909894	415
0	1283	623.201523258905	416
0	1287	624.72463210681	417
0	1291	625.840193415848	418
0	1292	626.885870500324	419
0	1296	628.734730285681	420
0	1300	630.123063451233	421
0	1302	632.099466053391	422
0	1303	633.337438599061	423
0	1304	635.099365110364	424
0	1306	636.990129458107	425
0	1307	638.652196877724	426
0	1308	640.203772473935	427
0	1309	641.640304864006	428
0	1315	642.817642014794	429
0	1317	644.025154744595	430
0	1319	645.395206780027	431
0	1320	647.061166698899	432
0	1326	648.145377961075	433
0	1328	649.851705513982	434
0	1333	651.022877561947	435
0	1337	653.002202102769	436
0	1354	654.881394661352	437
0	1358	656.116358544067	438
0	1363	657.722620447953	439
0	1364	659.689667244763	440
0	1365	661.564509605612	441
0	1366	663.120172234574	442
0	1371	664.221456478439	443
0	1377	665.536921634195	444
0	1382	666.692292817957	445
0	1388	667.916010582675	446
0	1390	669.049158775802	447
0	1392	670.405414740178	448
0	1393	671.61501747495	449
0	1394	672.962477143942	450
0	1399	674.416642413097	451
0	1405	675.61083662216	452
0	1406	677.562737003289	453
0	1407	678.676949464338	454
0	1409	680.491346919531	455
0	1411	681.632256683515	456
0	1413	682.735449810367	457
0	1414	684.342630451865	458
0	1416	686.300118992425	459
0	1419	687.787957518681	460
0	1423	689.607714529702	461
0	1426	691.15713311205	462
0	1428	693.044967417692	463
0	1432	694.364560010697	464
0	1434	695.943169988779	465
0	1435	697.078001992631	466
0	1436	698.458451671147	467
0	1438	700.368861223891	468
0	1444	701.37810921538	469
0	1449	702.482010671723	470
0	1450	703.670091685227	471
0	1454	705.565384080487	472
0	1455	706.750500475376	473
0	1456	707.756703893974	474
0	1463	708.76598833999	475
0	1465	710.764187294844	476
0	1466	712.310276667442	477
0	1471	713.674561235908	478
0	1474	715.495461220474	479
0	1476	717.246807650982	480
0	1478	718.251595031091	481
0	1482	720.231970105872	482
0	1488	721.529940368228	483
0	1492	723.201508687429	484
0	1493	724.922706805022	485
0	1494	726.402814615137	486
0	1495	728.046678656331	487
0	1501	729.54845178322	488
0	1502	730.712124863491	489
0	1505	731.972377404189	490
0	1506	733.240550508341	491
0	1507	734.727494684598	492
0	1508	736.259353775615	493
0	1510	738.221764050508	494
0	1512	739.696635752069	495
0	1513	740.847350895722	496
0	1515	742.00960270417	497
0	1517	743.862338862466	498
0	1518	744.957795483843	499
0	1523	746.587697352367	500
0	1527	748.064796831543	501
0	1535	749.666740527926	502
0	1538	751.163484945977	503
0	1539	752.933951340699	504
0	1543	754.070154605284	505
0	1547	755.638316852357	506
0	1549	756.929913530443	507
0	1553	758.338590924246	508
0	1555	759.475023295814	509
0	1559	761.167577921497	510
0	1565	762.516285987189	511
0	1566	763.860296164257	512
0	1568	765.808592919344	513
0	1576	767.049429270988	514
0	1580	769.016385222636	515
0	1581	770.535517139444	516
0	1583	772.183683007574	517
0	1585	773.851316806246	518
0	1588	774.932314992501	519
0	1590	776.009101236323	520
0	1594	777.418122741245	521
0	1598	779.129397710869	522
0	1600	780.853470237078	523
0	1603	781.853656950956	524
0	1607	783.343478324674	525
0	1608	785.191217662152	526
0	1612	786.752616382754	527
0	1613	787.901330520949	528
0	1615	789.814763127678	529
0	1620	791.063039690574	530
0	1624	792.905974550723	531
0	1627	794.518212562744	532
0	1631	796.148497990882	533
0	1634	798.064150826856	534
0	1641	799.913179460531	535
0	1645	801.563379793744	536
0	1646	803.329877669773	537
0	1650	804.905281673036	538
0	1654	806.436849390007	539
0	1657	808.120632315371	540
0	1659	809.354979412481	541
0	1665	810.621955310544	542
0	1669	811.775325655323	543
0	1670	813.105286543807	544
0	1672	815.003200090574	545
0	1673	816.359098172365	546
0	1674	818.321594342673	547
0	1675	820.118545936271	548
0	1678	821.472038653297	549
0	1679	822.923964239042	550
0	1680	824.886084008347	551
0	1687	826.17910684444	552
0	1689	828.138526432766	553
0	1697	829.982116790805	554
0	1698	831.69817450325	555
0	1706	832.874593268698	556
0	1714	834.561945063379	557
0	1718	835.83280743015	558
0	1719	837.654479365414	559
0	1723	839.202386063142	560
0	1725	840.901229492938	561
0	1730	842.320121920286	562
0	1733	844.301101322137	563
0	1738	845.779873959106	564
0	1739	847.20442691803	565
0	1740	848.490891556572	566
0	1742	849.992483030157	567
0	1746	851.279986400707	568
0	1748	852.851483841976	569
0	1750	854.011212848211	570
0	1755	855.095651172884	571
0	1757	856.35502498745	572
0	1758	858.285422421377	573
0	1759	859.410576358521	574
0	1763	861.147636802718	575
0	1765	863.122424064055	576
0	1766	864.889979291093	577
0	1770	866.652559666047	578
0	1774	868.64866010271	579
0	1776	869.878393694842	580
0	1779	871.17698354166	581
0	1780	872.693722255612	582
0	1781	874.470914987233	583
0	1783	875.594094631812	584
0	1784	877.160538129593	585
0	1785	878.804640675281	586
0	1789	880.084564060989	587
0	1790	881.895943468522	588
0	1792	883.711561055241	589
0	1794	885.307694078276	590
0	1801	886.496093597116	591
0	1802	887.519330222013	592
0	1804	889.050433994823	593
0	1807	890.410767994908	594
0	1809	892.006625940179	595
0	1810	893.254464592173	596
0	1817	894.447345296241	597
0	1822	895.910106524214	598
0	1824	897.268968103774	599
0	1827	899.119743752847	600
0	1830	901.100448592654	601
0	1838	902.748630870455	602
0	1840	904.624892811147	603
0	1843	906.386665973901	604
0	1846	907.532670316142	605
0	1850	909.249224644243	606
0	1852	911.215962388874	607
0	1856	912.243917765883	608
0	1860	913.260958482134	609
0	1867	914.4918744076	610
0	1872	915.837144252933	611
0	1878	917.573456946616	612
0	1883	919.243141842396	613
0	1884	920.526699556359	614
0	1885	921.812847163151	615
0	1889	923.126267683315	616
0	1892	924.324884431758	617
0	1893	925.941944116349	618
0	1900	927.414234501863	619
0	1910	928.900184877304	620
0	1916	930.657314657787	621
0	1920	931.661804699659	622
0	1921	933.067842000717	623
0	1925	934.522228294605	624
0	1931	936.510634635895	625
0	1935	938.044790655927	626
0	1936	939.301731847546	627
0	1938	940.988201609434	628
0	1946	942.877963749546	629
0	1950	944.8170942516	630
0	1953	946.782210574339	631
0	1955	948.627448570303	632
0	1957	950.53816031487	633
0	1958	951.986442463326	634
0	1959	953.000791612633	635
0	1964	954.612276930215	636
0	1970	956.203497214096	637
0	1971	957.832307672913	638
0	1979	958.931468325986	639
0	1985	960.190809833205	640
0	1989	961.660376560029	641
0	1991	963.274551562818	642
0	1995	964.441256225894	643
0	2003	966.2287227021	644
0	2004	967.739776602102	645
0	2006	969.138564204884	646
0	2007	970.341920833656	647
0	2011	971.911967711144	648
0	2013	973.235445790778	649
0	2016	974.670078308641	650
0	2023	975.746223470748	651
0	2026	977.336644941329	652
0	2027	978.409842242573	653
0	2031	979.563959409802	654
0	2046	981.561139019991	655
0	2048	982.671170019165	656
0	2056	983.8775430269	657
0	2057	985.014171995541	658
0	2058	986.382932843726	659
0	2060	988.344487151682	660
0	2061	989.495093686126	661
0	2063	991.0889237801	662
0	2065	992.991650168636	663
0	2067	994.230020935034	664
0	2068	995.483628315704	665
0	2070	997.080516114684	666
0	2071	998.361106093127	667
0	2072	999.747244477823	668
1	2	0.24879960581	1
1	9	7.174454215647	2
1	17	12.847378782092	3
1	21	14.654642523991	4
1	28	17.944910223781	5
1	37	19.050749624356	6
1	44	24.838764209673	7
1	54	27.972083369861	8
1	62	33.813220403104	9
1	70	35.546134707899	10
1	77	39.942054025917	11
1	83	41.571114303791	12
1	88	43.488156759115	13
1	98	48.089483491097	14
1	102	50.640346248484	15
1	108	53.376193530695	16
1	114	54.793467330556	17
1	117	56.82063202032	18
1	122	58.61090507798	19
1	128	61.626691268784	20
1	131	62.998316557183	21
1	137	64.315312775412	22
1	141	65.763255594649	23
1	145	67.540731009682	24
1	149	69.458443897568	25
1	153	70.596949578616	26
1	161	73.895220403732	27
1	166	76.773454110292	28
1	183	84.922970092432	29
1	189	87.694257566035	30
1	197	92.309575290618	31
1	201	93.848225339648	32
1	212	94.950176713966	33
1	221	98.314683539033	34
1	226	99.580073810282	35
1	229	100.839951414148	36
1	234	105.9707533574	37
1	240	110.689448247612	38
1	247	113.024720357013	39
1	255	115.804559522372	40
1	258	117.633569075769	41
1	270	124.792688565265	42
1	273	126.845797968475	43
1	283	132.721560238217	44
1	286	134.162466297926	45
1	290	136.026068984611	46
1	295	137.112344472619	47
1	299	140.060224994264	48
1	308	147.370023509289	49
1	314	150.546297723278	50
1	323	154.525332122578	51
1	327	156.318439375057	52
1	335	159.298381224389	53
1	342	165.509840901434	54
1	346	166.918497593272	55
1	354	170.073040040033	56
1	363	180.578847428193	57
1	368	183.997423832941	58
1	375	188.899494166081	59
1	384	191.407532999223	60
1	392	196.082732359133	61
1	396	197.261775178336	62
1	403	201.639513193974	63
1	407	202.791523961624	64
1	412	204.259553939155	65
1	418	205.882258117221	66
1	424	207.613631025759	67
1	429	209.559845937734	68
1	434	210.715491663997	69
1	441	214.253841972733	70
1	445	215.58852092556	71
1	455	220.202596004966	72
1	460	222.135637685452	73
1	473	229.525038230835	74
1	477	230.741039229135	75
1	480	231.839556612293	76
1	486	233.716352074846	77
1	492	236.355562382169	78
1	496	237.69382335585	79
1	499	238.996312292741	80
1	504	241.821003759207	81
1	514	243.451814539281	82
1	517	245.463432586107	83
1	521	246.976398646475	84
1	529	253.378677338563	85
1	532	254.570662651943	86
1	540	257.907583779832	87
1	545	259.040415387057	88
1	554	264.76412201677	89
1	559	266.445271375312	90
1	567	269.492500395484	91
1	571	271.478899627998	92
1	578	275.017467889283	93
1	589	282.450062752109	94
1	599	288.228181594633	95
1	609	290.937406675203	96
1	616	293.338947244679	97
1	621	294.767496168296	98
1	625	296.453166427893	99
1	629	297.448942365808	100
1	633	299.095520452828	101
1	638	300.561684232944	102
1	641	302.157091837107	103
1	647	303.564072608196	104
1	659	307.509406804273	105
1	664	309.272255948875	106
1	667	310.841459049522	107
1	673	312.336955987971	108
1	679	315.504515680792	109
1	683	317.092612901123	110
1	688	318.464899627336	111
1	692	319.888689874811	112
1	697	322.891808375628	113
1	702	325.424117786634	114
1	708	328.350280074136	115
1	712	329.781588497615	116
1	718	331.210101276739	117
1	721	332.392843533597	118
1	727	333.683530495278	119
1	731	336.741117492408	120
1	737	338.396413768776	121
1	742	341.011487535578	122
1	754	348.633236419833	123
1	762	350.551688405506	124
1	768	353.600575318206	125
1	773	356.97385034637	126
1	779	358.889575848313	127
1	786	363.393866741249	128
1	794	369.47856284906	129
1	800	372.612708989381	130
1	807	375.756397907933	131
1	819	382.424357375036	132
1	825	384.009471106077	133
1	831	386.670011083623	134
1	838	389.507047746317	135
1	843	393.10725921925	136
1	847	394.533507024174	137
1	858	403.255740629271	138
1	864	406.605473049177	139
1	870	409.749823120936	140
1	874	411.29210093021	141
1	880	414.245445555896	142
1	890	415.923253151626	143
1	898	418.958409713314	144
1	908	425.875987619384	145
1	916	429.159754402485	146
1	919	431.00198204636	147
1	928	436.938479401721	148
1	932	438.79182968766	149
1	936	439.916453789619	150
1	940	440.950087667136	151
1	945	442.178105209463	152
1	951	446.756709340528	153
1	958	450.066577021085	154
1	961	451.226698474014	155
1	969	454.493193668241	156
1	977	459.387082809914	157
1	991	468.052285141753	158
1	1003	478.806506861565	159
1	1007	480.713753179163	160
1	1015	484.981177764735	161
1	1019	486.831645817873	162
1	1030	491.924110332538	163
1	1034	493.191254947602	164
1	1040	495.812511861485	165
1	1047	497.824170131051	166
1	1050	499.164007984724	167
1	1067	512.323517841873	168
1	1071	513.874065561131	169
1	1079	519.264579419779	170
1	1087	521.905072837342	171
1	1093	528.672904732581	172
1	1097	530.141879629949	173
1	1102	533.694642166334	174
1	1108	535.113592502365	175
1	1123	544.596835477541	176
1	1126	545.789900331801	177
1	1134	552.231716145881	178
1	1144	554.084589022858	179
1	1154	559.190660157526	180
1	1159	560.4017882606	181
1	1162	561.933268638874	182
1	1168	564.900092662619	183
1	1172	567.207663734823	184
1	1179	571.549953385365	185
1	1183	572.514517729514	186
1	1196	582.952985195551	187
1	1203	585.010603041554	188
1	1206	586.589457376416	189
1	1213	592.782461569811	190
1	1219	594.025968989454	191
1	1223	595.812979726905	192
1	1230	597.439477584937	193
1	1239	598.563258661151	194
1	1244	599.724311154736	195
1	1248	603.139695193081	196
1	1265	613.663712582803	197
1	1270	616.398429569621	198
1	1274	617.80980297955	199
1	1284	623.260749027107	200
1	1288	624.746410235947	201
1	1293	626.926710281696	202
1	1297	628.854522714822	203
1	1310	641.733316767152	204
1	1321	647.130213432064	205
1	1329	649.952208758869	206
1	1334	651.229964557752	207
1	1338	653.049607721801	208
1	1355	655.058005289996	209
1	1359	656.186953587299	210
1	1367	663.302584096569	211
1	1372	664.253141220413	212
1	1378	665.704960879528	213
1	1383	666.766400961175	214
1	1395	673.132847121274	215
1	1400	674.517673842851	216
1	1417	686.456574432073	217
1	1420	687.964836873781	218
1	1424	689.68585886286	219
1	1429	693.119399823661	220
1	1439	700.474709180986	221
1	1445	701.566358516818	222
1	1451	703.869528467779	223
1	1457	707.823275941905	224
1	1467	712.478644852525	225
1	1472	713.752504430349	226
1	1479	718.404237141835	227
1	1483	720.331459156303	228
1	1489	721.555194467751	229
1	1496	728.134490401254	230
1	1503	730.813220571199	231
1	1519	745.049932107833	232
1	1524	746.753854304639	233
1	1528	748.239868767909	234
1	1536	749.734782763389	235
1	1540	753.055095192976	236
1	1544	754.094277948732	237
1	1550	757.094749944259	238
1	1556	759.565128708121	239
1	1560	761.321464204802	240
1	1569	765.877619750178	241
1	1577	767.096595239758	242
1	1586	774.00590525673	243
1	1591	776.161228632042	244
1	1595	777.57265697819	245
1	1601	781.028667014215	246
1	1604	782.003613076631	247
1	1609	785.282539480708	248
1	1616	789.868099549944	249
1	1621	791.202881524222	250
1	1625	792.993615930219	251
1	1628	794.675700950721	252
1	1632	796.227573930242	253
1	1635	798.106324920395	254
1	1642	799.972203551819	255
1	1647	803.414411364239	256
1	1651	804.967317262704	257
1	1655	806.557184955691	258
1	1660	809.460950894449	259
1	1666	810.822723365328	260
1	1676	820.312595608732	261
1	1681	825.053666444991	262
1	1690	828.341704091516	263
1	1699	831.826914735686	264
1	1707	832.930447287904	265
1	1715	834.674747350265	266
1	1720	837.711679281788	267
1	1726	841.083275267223	268
1	1731	842.479415975355	269
1	1734	844.411308327681	270
1	1743	850.057047511034	271
1	1751	854.207883986072	272
1	1760	859.478365678214	273
1	1767	864.96191573578	274
1	1771	866.816483458367	275
1	1777	869.920342916427	276
1	1786	878.897152146733	277
1	1795	885.402969768988	278
1	1805	889.21722878173	279
1	1811	893.443766431818	280
1	1818	894.613396792136	281
1	1825	897.307343242428	282
1	1828	899.269550203168	283
1	1831	901.257073226666	284
1	1841	904.723343168349	285
1	1844	906.573413464886	286
1	1847	907.73864165809	287
1	1853	911.28749352942	288
1	1857	912.35906362108	289
1	1861	913.451416197195	290
1	1868	914.649497293288	291
1	1873	916.038618199057	292
1	1879	917.618018282521	293
1	1886	922.012910788124	294
1	1890	923.188518642608	295
1	1894	926.087759010039	296
1	1901	927.468067020119	297
1	1911	929.090508880053	298
1	1917	930.691009886511	299
1	1922	933.129103741565	300
1	1926	934.573371175473	301
1	1932	936.702411815583	302
1	1939	941.063849365873	303
1	1947	943.034008293658	304
1	1951	944.892082239981	305
1	1960	953.121892550152	306
1	1965	954.699530625893	307
1	1972	957.866913541013	308
1	1980	959.055913273087	309
1	1986	960.33469227562	310
1	1992	963.36558127054	311
1	1996	964.471261475582	312
1	2008	970.364809843654	313
1	2014	973.295679505994	314
1	2017	974.753203398339	315
1	2024	975.90745280619	316
1	2028	978.497422498404	317
1	2032	979.670050455411	318
1	2049	982.729985573359	319
1	2073	999.902564057369	320
2	2	0.24879960581	1
2	9	7.174454215647	2
2	17	12.847378782092	3
2	21	14.654642523991	4
2	28	17.944910223781	5
2	37	19.050749624356	6
2	44	24.838764209673	7
2	54	27.972083369861	8
2	62	33.813220403104	9
2	70	35.546134707899	10
2	77	39.942054025917	11
2	83	41.571114303791	12
2	88	43.488156759115	13
2	98	48.089483491097	14
2	102	50.640346248484	15
2	108	53.376193530695	16
2	114	54.793467330556	17
2	117	56.82063202032	18
2	122	58.61090507798	19
2	128	61.626691268784	20
2	131	62.998316557183	21
2	137	64.315312775412	22
2	141	65.763255594649	23
2	145	67.540731009682	24
2	149	69.458443897568	25
2	153	70.596949578616	26
2	161	73.895220403732	27
2	166	76.773454110292	28
2	183	84.922970092432	29
2	189	87.694257566035	30
2	197	92.309575290618	31
2	201	93.848225339648	32
2	212	94.950176713966	33
2	221	98.314683539033	34
2	226	99.580073810282	35
2	229	100.839951414148	36
2	234	105.9707533574	37
2	240	110.689448247612	38
2	247	113.024720357013	39
2	255	115.804559522372	40
2	258	117.633569075769	41
2	270	124.792688565265	42
2	273	126.845797968475	43
2	283	132.721560238217	44
2	286	134.162466297926	45
2	290	136.026068984611	46
2	295	137.112344472619	47
2	299	140.060224994264	48
2	308	147.370023509289	49
2	314	150.546297723278	50
2	323	154.525332122578	51
2	327	156.318439375057	52
2	335	159.298381224389	53
2	342	165.509840901434	54
2	346	166.918497593272	55
2	354	170.073040040033	56
2	363	180.578847428193	57
2	368	183.997423832941	58
2	375	188.899494166081	59
2	384	191.407532999223	60
2	392	196.082732359133	61
2	396	197.261775178336	62
2	403	201.639513193974	63
2	407	202.791523961624	64
2	412	204.259553939155	65
2	418	205.882258117221	66
2	424	207.613631025759	67
2	429	209.559845937734	68
2	434	210.715491663997	69
2	441	214.253841972733	70
2	445	215.58852092556	71
2	455	220.202596004966	72
2	460	222.135637685452	73
2	473	229.525038230835	74
2	477	230.741039229135	75
2	480	231.839556612293	76
2	486	233.716352074846	77
2	492	236.355562382169	78
2	496	237.69382335585	79
2	499	238.996312292741	80
2	504	241.821003759207	81
2	514	243.451814539281	82
2	517	245.463432586107	83
2	521	246.976398646475	84
2	529	253.378677338563	85
2	532	254.570662651943	86
2	540	257.907583779832	87
2	545	259.040415387057	88
2	554	264.76412201677	89
2	559	266.445271375312	90
2	567	269.492500395484	91
2	571	271.478899627998	92
2	578	275.017467889283	93
2	589	282.450062752109	94
2	599	288.228181594633	95
2	609	290.937406675203	96
2	616	293.338947244679	97
2	621	294.767496168296	98
2	625	296.453166427893	99
2	629	297.448942365808	100
2	633	299.095520452828	101
2	638	300.561684232944	102
2	641	302.157091837107	103
2	647	303.564072608196	104
2	659	307.509406804273	105
2	664	309.272255948875	106
2	667	310.841459049522	107
2	673	312.336955987971	108
2	679	315.504515680792	109
2	683	317.092612901123	110
2	688	318.464899627336	111
2	692	319.888689874811	112
2	697	322.891808375628	113
2	702	325.424117786634	114
2	708	328.350280074136	115
2	712	329.781588497615	116
2	718	331.210101276739	117
2	721	332.392843533597	118
2	727	333.683530495278	119
2	731	336.741117492408	120
2	737	338.396413768776	121
2	742	341.011487535578	122
2	754	348.633236419833	123
2	762	350.551688405506	124
2	768	353.600575318206	125
2	773	356.97385034637	126
2	779	358.889575848313	127
2	786	363.393866741249	128
2	794	369.47856284906	129
2	800	372.612708989381	130
2	807	375.756397907933	131
2	819	382.424357375036	132
2	825	384.009471106077	133
2	831	386.670011083623	134
2	838	389.507047746317	135
2	843	393.10725921925	136
2	847	394.533507024174	137
2	858	403.255740629271	138
2	864	406.605473049177	139
2	870	409.749823120936	140
2	874	411.29210093021	141
2	880	414.245445555896	142
2	890	415.923253151626	143
2	898	418.958409713314	144
2	908	425.875987619384	145
2	916	429.159754402485	146
2	919	431.00198204636	147
2	928	436.938479401721	148
2	932	438.79182968766	149
2	936	439.916453789619	150
2	940	440.950087667136	151
2	945	442.178105209463	152
2	951	446.756709340528	153
2	958	450.066577021085	154
2	961	451.226698474014	155
2	969	454.493193668241	156
2	977	459.387082809914	157
2	991	468.052285141753	158
2	1003	478.806506861565	159
2	1007	480.713753179163	160
2	1015	484.981177764735	161
2	1019	486.831645817873	162
2	1030	491.924110332538	163
2	1034	493.191254947602	164
2	1040	495.812511861485	165
2	1047	497.824170131051	166
2	1050	499.164007984724	167
2	1067	512.323517841873	168
2	1071	513.874065561131	169
2	1079	519.264579419779	170
2	1087	521.905072837342	171
2	1093	528.672904732581	172
2	1097	530.141879629949	173
2	1102	533.694642166334	174
2	1108	535.113592502365	175
2	1123	544.596835477541	176
2	1126	545.789900331801	177
2	1134	552.231716145881	178
2	1144	554.084589022858	179
2	1154	559.190660157526	180
2	1159	560.4017882606	181
2	1162	561.933268638874	182
2	1168	564.900092662619	183
2	1172	567.207663734823	184
2	1179	571.549953385365	185
2	1183	572.514517729514	186
2	1196	582.952985195551	187
2	1203	585.010603041554	188
2	1206	586.589457376416	189
2	1213	592.782461569811	190
2	1219	594.025968989454	191
2	1223	595.812979726905	192
2	1230	597.439477584937	193
2	1239	598.563258661151	194
2	1244	599.724311154736	195
2	1248	603.139695193081	196
2	1265	613.663712582803	197
2	1270	616.398429569621	198
2	1274	617.80980297955	199
2	1284	623.260749027107	200
2	1288	624.746410235947	201
2	1293	626.926710281696	202
2	1297	628.854522714822	203
2	1310	641.733316767152	204
2	1321	647.130213432064	205
2	1329	649.952208758869	206
2	1334	651.229964557752	207
2	1338	653.049607721801	208
2	1355	655.058005289996	209
2	1359	656.186953587299	210
2	1367	663.302584096569	211
2	1372	664.253141220413	212
2	1378	665.704960879528	213
2	1383	666.766400961175	214
2	1395	673.132847121274	215
2	1400	674.517673842851	216
2	1417	686.456574432073	217
2	1420	687.964836873781	218
2	1424	689.68585886286	219
2	1429	693.119399823661	220
2	1439	700.474709180986	221
2	1445	701.566358516818	222
2	1451	703.869528467779	223
2	1457	707.823275941905	224
2	1467	712.478644852525	225
2	1472	713.752504430349	226
2	1479	718.404237141835	227
2	1483	720.331459156303	228
2	1489	721.555194467751	229
2	1496	728.134490401254	230
2	1503	730.813220571199	231
2	1519	745.049932107833	232
2	1524	746.753854304639	233
2	1528	748.239868767909	234
2	1536	749.734782763389	235
2	1540	753.055095192976	236
2	1544	754.094277948732	237
2	1550	757.094749944259	238
2	1556	759.565128708121	239
2	1560	761.321464204802	240
2	1569	765.877619750178	241
2	1577	767.096595239758	242
2	1586	774.00590525673	243
2	1591	776.161228632042	244
2	1595	777.57265697819	245
2	1601	781.028667014215	246
2	1604	782.003613076631	247
2	1609	785.282539480708	248
2	1616	789.868099549944	249
2	1621	791.202881524222	250
2	1625	792.993615930219	251
2	1628	794.675700950721	252
2	1632	796.227573930242	253
2	1635	798.106324920395	254
2	1642	799.972203551819	255
2	1647	803.414411364239	256
2	1651	804.967317262704	257
2	1655	806.557184955691	258
2	1660	809.460950894449	259
2	1666	810.822723365328	260
2	1676	820.312595608732	261
2	1681	825.053666444991	262
2	1690	828.341704091516	263
2	1699	831.826914735686	264
2	1707	832.930447287904	265
2	1715	834.674747350265	266
2	1720	837.711679281788	267
2	1726	841.083275267223	268
2	1731	842.479415975355	269
2	1734	844.411308327681	270
2	1743	850.057047511034	271
2	1751	854.207883986072	272
2	1760	859.478365678214	273
2	1767	864.96191573578	274
2	1771	866.816483458367	275
2	1777	869.920342916427	276
2	1786	878.897152146733	277
2	1795	885.402969768988	278
2	1805	889.21722878173	279
2	1811	893.443766431818	280
2	1818	894.613396792136	281
2	1825	897.307343242428	282
2	1828	899.269550203168	283
2	1831	901.257073226666	284
2	1841	904.723343168349	285
2	1844	906.573413464886	286
2	1847	907.73864165809	287
2	1853	911.28749352942	288
2	1857	912.35906362108	289
2	1861	913.451416197195	290
2	1868	914.649497293288	291
2	1873	916.038618199057	292
2	1879	917.618018282521	293
2	1886	922.012910788124	294
2	1890	923.188518642608	295
2	1894	926.087759010039	296
2	1901	927.468067020119	297
2	1911	929.090508880053	298
2	1917	930.691009886511	299
2	1922	933.129103741565	300
2	1926	934.573371175473	301
2	1932	936.702411815583	302
2	1939	941.063849365873	303
2	1947	943.034008293658	304
2	1951	944.892082239981	305
2	1960	953.121892550152	306
2	1965	954.699530625893	307
2	1972	957.866913541013	308
2	1980	959.055913273087	309
2	1986	960.33469227562	310
2	1992	963.36558127054	311
2	1996	964.471261475582	312
2	2008	970.364809843654	313
2	2014	973.295679505994	314
2	2017	974.753203398339	315
2	2024	975.90745280619	316
2	2028	978.497422498404	317
2	2032	979.670050455411	318
2	2049	982.729985573359	319
2	2073	999.902564057369	320
3	3	0.429777435889	1
3	10	7.302382682761	2
3	18	12.955059861024	3
3	22	14.818779491874	4
3	24	14.97296840615	5
3	29	18.082127683525	6
3	31	18.361927894478	7
3	33	18.584816962973	8
3	45	24.948956735647	9
3	47	25.147363898308	10
3	49	25.39403715848	11
3	55	28.002669161516	12
3	63	33.874416608406	13
3	65	34.118774986195	14
3	67	34.192415054794	15
3	71	35.621121865184	16
3	78	40.144869849451	17
3	80	40.441018086851	18
3	84	41.777042779333	19
3	89	43.691585840653	20
3	103	50.784454403416	21
3	109	53.529932361951	22
3	118	56.86722681112	23
3	123	58.634064392176	24
3	132	63.197699309871	25
3	134	63.520430452872	26
3	138	64.451966306394	27
3	142	65.823609790026	28
3	146	67.603939789228	29
3	150	69.663960731725	30
3	154	70.703151978123	31
3	162	74.037919477676	32
3	167	76.8287249395	33
3	169	76.996336055022	34
3	171	77.128178915159	35
3	184	84.977793261952	36
3	190	87.730107828637	37
3	198	92.516597883055	38
3	202	94.034761335709	39
3	204	94.160281185698	40
3	206	94.445660642355	41
3	208	94.675958644606	42
3	213	95.06106707221	43
3	215	95.171867286851	44
3	222	98.484569366091	45
3	235	106.13365891582	46
3	241	110.759250695717	47
3	248	113.083973332095	48
3	250	113.30557056527	49
3	259	117.732336896589	50
3	261	118.043888356277	51
3	274	127.037566403496	52
3	287	134.355146603108	53
3	291	136.224050815269	54
3	300	140.195968734085	55
3	309	147.396191915548	56
3	315	150.574973055252	57
3	324	154.721439150036	58
3	328	156.417262180394	59
3	330	156.817097471287	60
3	343	165.551466062877	61
3	347	166.983680969201	62
3	349	167.177277351854	63
3	364	180.617853518122	64
3	369	184.187808452699	65
3	376	188.990370790146	66
3	385	191.528249896174	67
3	393	196.104230338635	68
3	404	201.797101285155	69
3	408	202.99445032132	70
3	413	204.298030094788	71
3	415	204.658198726929	72
3	419	206.069478421166	73
3	425	207.791311526095	74
3	430	209.636851431682	75
3	435	210.819141776459	76
3	442	214.309476840289	77
3	446	215.697944225832	78
3	448	215.772115347148	79
3	456	220.335091331636	80
3	461	222.232163369272	81
3	474	229.579126143727	82
3	481	231.931820297793	83
3	483	232.241954013312	84
3	487	233.754699022594	85
3	493	236.394554499493	86
3	505	241.902579471203	87
3	507	242.110972733486	88
3	509	242.318670585076	89
3	511	242.395723914205	90
3	518	245.552801562494	91
3	522	247.116747463527	92
3	533	254.619802739328	93
3	541	258.094474553496	94
3	546	259.129748635652	95
3	555	264.894134145565	96
3	560	266.62418054095	97
3	562	267.018993348595	98
3	568	269.581748305427	99
3	572	271.570480468736	100
3	579	275.074332223819	101
3	590	282.516908570404	102
3	600	288.40196093908	103
3	602	288.610903598089	104
3	604	288.843089847325	105
3	610	291.099000937554	106
3	617	293.494678634511	107
3	622	294.792389895592	108
3	626	296.552607177656	109
3	630	297.639273564679	110
3	634	299.255603382579	111
3	642	302.230830838967	112
3	648	303.65230363305	113
3	650	303.947333406076	114
3	660	307.669226644661	115
3	668	310.937730360511	116
3	670	311.212723773481	117
3	674	312.534972285113	118
3	680	315.663110822507	119
3	684	317.237503495019	120
3	689	318.492225503342	121
3	698	323.066445601911	122
3	703	325.539829871313	123
3	709	328.503456407149	124
3	713	329.970583600075	125
3	722	332.597158372506	126
3	724	332.883413922162	127
3	732	336.854666160319	128
3	734	337.054876450998	129
3	738	338.548563621605	130
3	743	341.144134786476	131
3	745	341.388387581457	132
3	755	348.66212685928	133
3	759	349.03675993617	134
3	763	350.606904637455	135
3	769	353.687073959326	136
3	774	357.079869140733	137
3	801	372.777118336835	138
3	808	375.784550084836	139
3	820	382.494879444883	140
3	826	384.199618564303	141
3	832	386.729163154843	142
3	834	387.001183266626	143
3	839	389.551371712066	144
3	844	393.236520944122	145
3	848	394.574058473861	146
3	859	403.338978515905	147
3	865	406.648070180517	148
3	871	409.945279673907	149
3	875	411.44585438826	150
3	881	414.437289109526	151
3	883	414.676354478018	152
3	887	415.299347232476	153
3	891	415.997729321188	154
3	893	416.123620060415	155
3	899	418.99714568303	156
3	909	425.993735486487	157
3	920	431.028742588699	158
3	929	437.055774737888	159
3	933	438.999745792624	160
3	937	440.068265724499	161
3	941	441.159430430721	162
3	952	446.928861074542	163
3	962	451.31097193834	164
3	970	454.537340217363	165
3	978	459.438895615357	166
3	980	459.688636972	167
3	992	468.103150780517	168
3	1004	478.858602823045	169
3	1008	480.850356583162	170
3	1016	485.055736779617	171
3	1020	487.003131462068	172
3	1022	487.306627561538	173
3	1031	492.026048463661	174
3	1035	493.230465371103	175
3	1041	495.949836342165	176
3	1043	496.164858305247	177
3	1051	499.222044062517	178
3	1053	499.342890367247	179
3	1068	512.363787506674	180
3	1072	514.0666878408	181
3	1080	519.419299073363	182
3	1082	519.632306893528	183
3	1094	528.821704776073	184
3	1098	530.232168361491	185
3	1103	533.741325674715	186
3	1109	535.254407382216	187
3	1111	535.493876194914	188
3	1113	535.781685820373	189
3	1127	545.921746140715	190
3	1135	552.437777490519	191
3	1137	552.729895022805	192
3	1139	552.965210049267	193
3	1141	553.233401232519	194
3	1145	554.252454951127	195
3	1147	554.501436197935	196
3	1155	559.357227245461	197
3	1163	562.073660856857	198
3	1173	567.325626831362	199
3	1180	571.644950946385	200
3	1197	583.051194222603	201
3	1199	583.374753898167	202
3	1214	592.945581094456	203
3	1220	594.054093986728	204
3	1224	596.014156739697	205
3	1231	597.61444366913	206
3	1233	597.85375454192	207
3	1235	597.935400268659	208
3	1240	598.653804668189	209
3	1249	603.31446636711	210
3	1251	603.623773616459	211
3	1266	613.829113950018	212
3	1271	616.564705156805	213
3	1275	617.990101831828	214
3	1277	618.245689265083	215
3	1285	623.314151600755	216
3	1289	624.803650379321	217
3	1294	627.032817945464	218
3	1298	629.031412970342	219
3	1311	641.851092536111	220
3	1322	647.310158421799	221
3	1330	649.986292417659	222
3	1335	651.300574932397	223
3	1339	653.193505155529	224
3	1341	653.333046467434	225
3	1345	653.957446889436	226
3	1349	654.317258958238	227
3	1351	654.404146457807	228
3	1356	655.261669107549	229
3	1360	656.271668469489	230
3	1368	663.41994170884	231
3	1373	664.445868844316	232
3	1379	665.84028882213	233
3	1384	666.90878540918	234
3	1386	667.07972226132	235
3	1396	673.251443000357	236
3	1401	674.546118086749	237
3	1403	674.805959167772	238
3	1421	688.041328644826	239
3	1430	693.317338081657	240
3	1440	700.512274334802	241
3	1442	700.742575483379	242
3	1446	701.622227080093	243
3	1452	703.95986556347	244
3	1458	707.965692680202	245
3	1468	712.643791085576	246
3	1480	718.464425558317	247
3	1484	720.416482159659	248
3	1486	720.671748661714	249
3	1490	721.587146790952	250
3	1497	728.253890039763	251
3	1499	728.527408816159	252
3	1520	745.196627327197	253
3	1525	746.791769043024	254
3	1529	748.397143784305	255
3	1531	748.718416061338	256
3	1533	748.872233312567	257
3	1541	753.142167015553	258
3	1545	754.208751913646	259
3	1551	757.146063005375	260
3	1557	759.61063944184	261
3	1561	761.373941818361	262
3	1563	761.664901166106	263
3	1570	766.003430319693	264
3	1572	766.258289462097	265
3	1578	767.124929100645	266
3	1592	776.30366758821	267
3	1596	777.77932181197	268
3	1605	782.144874706021	269
3	1610	785.383897224388	270
3	1617	790.026599612015	271
3	1622	791.398872041378	272
3	1629	794.782226892699	273
3	1636	798.148096672135	274
3	1638	798.459436122059	275
3	1643	800.161375478429	276
3	1648	803.550418380594	277
3	1652	805.096687736441	278
3	1661	809.564502502906	279
3	1667	811.032572885023	280
3	1682	825.146889300837	281
3	1691	828.462247203367	282
3	1693	828.786536902268	283
3	1700	831.920202697707	284
3	1702	832.19777512418	285
3	1708	833.006367405201	286
3	1710	833.403499335514	287
3	1716	834.710706769959	288
3	1721	837.859250515718	289
3	1727	841.221235163835	290
3	1735	844.452738097343	291
3	1744	850.083378983878	292
3	1752	854.346213894245	293
3	1761	859.641420170252	294
3	1768	865.143032826656	295
3	1772	866.886432782589	296
3	1787	879.025178483658	297
3	1796	885.523020778021	298
3	1812	893.516475859634	299
3	1819	894.813989139466	300
3	1832	901.418680972529	301
3	1834	901.505189995454	302
3	1836	901.813759963809	303
3	1848	907.904474114743	304
3	1854	911.32324746443	305
3	1858	912.529906214071	306
3	1862	913.538931294651	307
3	1864	913.878315359132	308
3	1869	914.703851385909	309
3	1874	916.120154742044	310
3	1880	917.819766877749	311
3	1887	922.196006433917	312
3	1895	926.252125229597	313
3	1902	927.603239674428	314
3	1904	927.835123489005	315
3	1906	928.034919468723	316
3	1912	929.199947989065	317
3	1918	930.80112057707	318
3	1923	933.175652469909	319
3	1927	934.677513331032	320
3	1929	934.878824191577	321
3	1933	936.788103525735	322
3	1940	941.137941238465	323
3	1942	941.333886440281	324
3	1944	941.567517600133	325
3	1948	943.152926510084	326
3	1961	953.259167759586	327
3	1966	954.730584141787	328
3	1973	958.015294490815	329
3	1975	958.220022082922	330
3	1981	959.088981063992	331
3	1987	960.427267351107	332
3	1993	963.52509676608	333
3	1997	964.641936921447	334
3	2001	965.012632249187	335
3	2009	970.467342471034	336
3	2018	974.913499861802	337
3	2020	975.072163459142	338
3	2029	978.633783295506	339
3	2033	979.84742117407	340
3	2037	980.301595824647	341
3	2039	980.576417964606	342
3	2041	980.697843229402	343
3	2043	980.823717987273	344
3	2050	982.804519414133	345
3	2052	983.063852042834	346
3	2054	983.300010171496	347
3	2074	999.985077127147	348
4	3	0.429777435889	1
4	10	7.302382682761	2
4	18	12.955059861024	3
4	22	14.818779491874	4
4	24	14.97296840615	5
4	29	18.082127683525	6
4	31	18.361927894478	7
4	33	18.584816962973	8
4	45	24.948956735647	9
4	47	25.147363898308	10
4	49	25.39403715848	11
4	55	28.002669161516	12
4	63	33.874416608406	13
4	65	34.118774986195	14
4	67	34.192415054794	15
4	71	35.621121865184	16
4	78	40.144869849451	17
4	80	40.441018086851	18
4	84	41.777042779333	19
4	89	43.691585840653	20
4	103	50.784454403416	21
4	109	53.529932361951	22
4	118	56.86722681112	23
4	123	58.634064392176	24
4	132	63.197699309871	25
4	134	63.520430452872	26
4	138	64.451966306394	27
4	142	65.823609790026	28
4	146	67.603939789228	29
4	150	69.663960731725	30
4	154	70.703151978123	31
4	162	74.037919477676	32
4	167	76.8287249395	33
4	169	76.996336055022	34
4	171	77.128178915159	35
4	184	84.977793261952	36
4	190	87.730107828637	37
4	198	92.516597883055	38
4	202	94.034761335709	39
4	204	94.160281185698	40
4	206	94.445660642355	41
4	208	94.675958644606	42
4	213	95.06106707221	43
4	215	95.171867286851	44
4	222	98.484569366091	45
4	235	106.13365891582	46
4	241	110.759250695717	47
4	248	113.083973332095	48
4	250	113.30557056527	49
4	259	117.732336896589	50
4	261	118.043888356277	51
4	274	127.037566403496	52
4	287	134.355146603108	53
4	291	136.224050815269	54
4	300	140.195968734085	55
4	309	147.396191915548	56
4	315	150.574973055252	57
4	324	154.721439150036	58
4	328	156.417262180394	59
4	330	156.817097471287	60
4	343	165.551466062877	61
4	347	166.983680969201	62
4	349	167.177277351854	63
4	364	180.617853518122	64
4	369	184.187808452699	65
4	376	188.990370790146	66
4	385	191.528249896174	67
4	393	196.104230338635	68
4	404	201.797101285155	69
4	408	202.99445032132	70
4	413	204.298030094788	71
4	415	204.658198726929	72
4	419	206.069478421166	73
4	425	207.791311526095	74
4	430	209.636851431682	75
4	435	210.819141776459	76
4	442	214.309476840289	77
4	446	215.697944225832	78
4	448	215.772115347148	79
4	456	220.335091331636	80
4	461	222.232163369272	81
4	474	229.579126143727	82
4	481	231.931820297793	83
4	483	232.241954013312	84
4	487	233.754699022594	85
4	493	236.394554499493	86
4	505	241.902579471203	87
4	507	242.110972733486	88
4	509	242.318670585076	89
4	511	242.395723914205	90
4	518	245.552801562494	91
4	522	247.116747463527	92
4	533	254.619802739328	93
4	541	258.094474553496	94
4	546	259.129748635652	95
4	555	264.894134145565	96
4	560	266.62418054095	97
4	562	267.018993348595	98
4	568	269.581748305427	99
4	572	271.570480468736	100
4	579	275.074332223819	101
4	590	282.516908570404	102
4	600	288.40196093908	103
4	602	288.610903598089	104
4	604	288.843089847325	105
4	610	291.099000937554	106
4	617	293.494678634511	107
4	622	294.792389895592	108
4	626	296.552607177656	109
4	630	297.639273564679	110
4	634	299.255603382579	111
4	642	302.230830838967	112
4	648	303.65230363305	113
4	650	303.947333406076	114
4	660	307.669226644661	115
4	668	310.937730360511	116
4	670	311.212723773481	117
4	674	312.534972285113	118
4	680	315.663110822507	119
4	684	317.237503495019	120
4	689	318.492225503342	121
4	698	323.066445601911	122
4	703	325.539829871313	123
4	709	328.503456407149	124
4	713	329.970583600075	125
4	722	332.597158372506	126
4	724	332.883413922162	127
4	732	336.854666160319	128
4	734	337.054876450998	129
4	738	338.548563621605	130
4	743	341.144134786476	131
4	745	341.388387581457	132
4	755	348.66212685928	133
4	759	349.03675993617	134
4	763	350.606904637455	135
4	769	353.687073959326	136
4	774	357.079869140733	137
4	801	372.777118336835	138
4	808	375.784550084836	139
4	820	382.494879444883	140
4	826	384.199618564303	141
4	832	386.729163154843	142
4	834	387.001183266626	143
4	839	389.551371712066	144
4	844	393.236520944122	145
4	848	394.574058473861	146
4	859	403.338978515905	147
4	865	406.648070180517	148
4	871	409.945279673907	149
4	875	411.44585438826	150
4	881	414.437289109526	151
4	883	414.676354478018	152
4	887	415.299347232476	153
4	891	415.997729321188	154
4	893	416.123620060415	155
4	899	418.99714568303	156
4	909	425.993735486487	157
4	920	431.028742588699	158
4	929	437.055774737888	159
4	933	438.999745792624	160
4	937	440.068265724499	161
4	941	441.159430430721	162
4	952	446.928861074542	163
4	962	451.31097193834	164
4	970	454.537340217363	165
4	978	459.438895615357	166
4	980	459.688636972	167
4	992	468.103150780517	168
4	1004	478.858602823045	169
4	1008	480.850356583162	170
4	1016	485.055736779617	171
4	1020	487.003131462068	172
4	1022	487.306627561538	173
4	1031	492.026048463661	174
4	1035	493.230465371103	175
4	1041	495.949836342165	176
4	1043	496.164858305247	177
4	1051	499.222044062517	178
4	1053	499.342890367247	179
4	1068	512.363787506674	180
4	1072	514.0666878408	181
4	1080	519.419299073363	182
4	1082	519.632306893528	183
4	1094	528.821704776073	184
4	1098	530.232168361491	185
4	1103	533.741325674715	186
4	1109	535.254407382216	187
4	1111	535.493876194914	188
4	1113	535.781685820373	189
4	1127	545.921746140715	190
4	1135	552.437777490519	191
4	1137	552.729895022805	192
4	1139	552.965210049267	193
4	1141	553.233401232519	194
4	1145	554.252454951127	195
4	1147	554.501436197935	196
4	1155	559.357227245461	197
4	1163	562.073660856857	198
4	1173	567.325626831362	199
4	1180	571.644950946385	200
4	1197	583.051194222603	201
4	1199	583.374753898167	202
4	1214	592.945581094456	203
4	1220	594.054093986728	204
4	1224	596.014156739697	205
4	1231	597.61444366913	206
4	1233	597.85375454192	207
4	1235	597.935400268659	208
4	1240	598.653804668189	209
4	1249	603.31446636711	210
4	1251	603.623773616459	211
4	1266	613.829113950018	212
4	1271	616.564705156805	213
4	1275	617.990101831828	214
4	1277	618.245689265083	215
4	1285	623.314151600755	216
4	1289	624.803650379321	217
4	1294	627.032817945464	218
4	1298	629.031412970342	219
4	1311	641.851092536111	220
4	1322	647.310158421799	221
4	1330	649.986292417659	222
4	1335	651.300574932397	223
4	1339	653.193505155529	224
4	1341	653.333046467434	225
4	1345	653.957446889436	226
4	1349	654.317258958238	227
4	1351	654.404146457807	228
4	1356	655.261669107549	229
4	1360	656.271668469489	230
4	1368	663.41994170884	231
4	1373	664.445868844316	232
4	1379	665.84028882213	233
4	1384	666.90878540918	234
4	1386	667.07972226132	235
4	1396	673.251443000357	236
4	1401	674.546118086749	237
4	1403	674.805959167772	238
4	1421	688.041328644826	239
4	1430	693.317338081657	240
4	1440	700.512274334802	241
4	1442	700.742575483379	242
4	1446	701.622227080093	243
4	1452	703.95986556347	244
4	1458	707.965692680202	245
4	1468	712.643791085576	246
4	1480	718.464425558317	247
4	1484	720.416482159659	248
4	1486	720.671748661714	249
4	1490	721.587146790952	250
4	1497	728.253890039763	251
4	1499	728.527408816159	252
4	1520	745.196627327197	253
4	1525	746.791769043024	254
4	1529	748.397143784305	255
4	1531	748.718416061338	256
4	1533	748.872233312567	257
4	1541	753.142167015553	258
4	1545	754.208751913646	259
4	1551	757.146063005375	260
4	1557	759.61063944184	261
4	1561	761.373941818361	262
4	1563	761.664901166106	263
4	1570	766.003430319693	264
4	1572	766.258289462097	265
4	1578	767.124929100645	266
4	1592	776.30366758821	267
4	1596	777.77932181197	268
4	1605	782.144874706021	269
4	1610	785.383897224388	270
4	1617	790.026599612015	271
4	1622	791.398872041378	272
4	1629	794.782226892699	273
4	1636	798.148096672135	274
4	1638	798.459436122059	275
4	1643	800.161375478429	276
4	1648	803.550418380594	277
4	1652	805.096687736441	278
4	1661	809.564502502906	279
4	1667	811.032572885023	280
4	1682	825.146889300837	281
4	1691	828.462247203367	282
4	1693	828.786536902268	283
4	1700	831.920202697707	284
4	1702	832.19777512418	285
4	1708	833.006367405201	286
4	1710	833.403499335514	287
4	1716	834.710706769959	288
4	1721	837.859250515718	289
4	1727	841.221235163835	290
4	1735	844.452738097343	291
4	1744	850.083378983878	292
4	1752	854.346213894245	293
4	1761	859.641420170252	294
4	1768	865.143032826656	295
4	1772	866.886432782589	296
4	1787	879.025178483658	297
4	1796	885.523020778021	298
4	1812	893.516475859634	299
4	1819	894.813989139466	300
4	1832	901.418680972529	301
4	1834	901.505189995454	302
4	1836	901.813759963809	303
4	1848	907.904474114743	304
4	1854	911.32324746443	305
4	1858	912.529906214071	306
4	1862	913.538931294651	307
4	1864	913.878315359132	308
4	1869	914.703851385909	309
4	1874	916.120154742044	310
4	1880	917.819766877749	311
4	1887	922.196006433917	312
4	1895	926.252125229597	313
4	1902	927.603239674428	314
4	1904	927.835123489005	315
4	1906	928.034919468723	316
4	1912	929.199947989065	317
4	1918	930.80112057707	318
4	1923	933.175652469909	319
4	1927	934.677513331032	320
4	1929	934.878824191577	321
4	1933	936.788103525735	322
4	1940	941.137941238465	323
4	1942	941.333886440281	324
4	1944	941.567517600133	325
4	1948	943.152926510084	326
4	1961	953.259167759586	327
4	1966	954.730584141787	328
4	1973	958.015294490815	329
4	1975	958.220022082922	330
4	1981	959.088981063992	331
4	1987	960.427267351107	332
4	1993	963.52509676608	333
4	1997	964.641936921447	334
4	2001	965.012632249187	335
4	2009	970.467342471034	336
4	2018	974.913499861802	337
4	2020	975.072163459142	338
4	2029	978.633783295506	339
4	2033	979.84742117407	340
4	2037	980.301595824647	341
4	2039	980.576417964606	342
4	2041	980.697843229402	343
4	2043	980.823717987273	344
4	2050	982.804519414133	345
4	2052	983.063852042834	346
4	2054	983.300010171496	347
4	2074	999.985077127147	348
5	23	14.917565260687	1
5	32	18.553374124338	2
5	46	24.999160957079	3
5	48	25.193618658714	4
5	64	34.002070883613	5
5	66	34.156623682333	6
5	79	40.308530120824	7
5	90	43.849384154124	8
5	110	53.568850488067	9
5	133	63.351538045746	10
5	168	76.935389596248	11
5	172	77.330094577797	12
5	191	87.889129642732	13
5	216	95.273229813966	14
5	223	98.65163835999	15
5	249	113.251680768103	16
5	260	117.874995242407	17
5	310	147.464298241839	18
5	316	150.625934395732	19
5	329	156.621353757207	20
5	348	167.099428354999	21
5	377	189.015410074874	22
5	414	204.50634700902	23
5	420	206.114836100337	24
5	426	207.819477043312	25
5	436	210.907789855064	26
5	447	215.718930253624	27
5	457	220.539485133863	28
5	462	222.442026186945	29
5	482	232.097169242215	30
5	506	241.943570122218	31
5	508	242.191970901601	32
5	510	242.359529632639	33
5	534	254.775258841572	34
5	547	259.174810252754	35
5	561	266.821036097754	36
5	573	271.602846139885	37
5	580	275.242184826727	38
5	601	288.524035712846	39
5	611	291.247832225866	40
5	618	293.54491641993	41
5	643	302.271019272199	42
5	649	303.773510663927	43
5	651	304.052240028187	44
5	669	311.12656730444	45
5	685	317.364790136449	46
5	714	330.013011497326	47
5	723	332.71335769517	48
5	744	341.233721207774	49
5	746	341.517465041378	50
5	756	348.728425655491	51
5	775	357.238102427413	52
5	802	372.918616263615	53
5	809	375.980269650019	54
5	821	382.681478962785	55
5	833	386.85415360729	56
5	882	414.495097387661	57
5	884	414.81976598037	58
5	892	416.044999749037	59
5	910	426.202342214991	60
5	921	431.12506334439	61
5	953	446.992156509567	62
5	963	451.403697139654	63
5	979	459.500852228612	64
5	1021	487.148525866454	65
5	1023	487.505993729156	66
5	1044	496.266603045687	67
5	1052	499.29969410304	68
5	1104	533.794943415999	69
5	1112	535.585747080138	70
5	1138	552.772642857188	71
5	1140	553.13200931521	72
5	1146	554.408791256373	73
5	1200	583.506023243311	74
5	1215	593.134702286521	75
5	1225	596.186501754154	76
5	1232	597.647096972388	77
5	1252	603.685856749709	78
5	1276	618.068597909997	79
5	1312	641.900433366461	80
5	1323	647.378906241636	81
5	1342	653.524993107532	82
5	1346	654.033234085172	83
5	1350	654.342647915302	84
5	1374	664.561908717235	85
5	1380	665.900698479172	86
5	1441	700.637341358141	87
5	1459	708.076948824232	88
5	1485	720.534591157712	89
5	1532	748.836432006282	90
5	1562	761.527950105378	91
5	1571	766.067206379326	92
5	1573	766.381958957731	93
5	1637	798.257812783526	94
5	1639	798.552243379756	95
5	1662	809.75863472801	96
5	1683	825.297360406434	97
5	1694	828.816772031323	98
5	1703	832.302766472647	99
5	1709	833.212202399324	100
5	1711	833.500727217922	101
5	1728	841.375445615222	102
5	1797	885.611015564808	103
5	1813	893.612177884307	104
5	1820	894.938199006381	105
5	1835	901.690030356362	106
5	1863	913.690907367069	107
5	1875	916.199457734283	108
5	1896	926.460872220973	109
5	1903	927.740170121791	110
5	1905	927.87699968005	111
5	1907	928.241702173473	112
5	1913	929.25227194799	113
5	1967	954.817807326108	114
5	1976	958.297820211502	115
5	1982	959.28580559951	116
5	1998	964.728721076215	117
5	2019	974.957265776359	118
5	2034	980.011510617791	119
5	2038	980.437320893807	120
5	2051	982.985105596419	121
5	2053	983.19748460173	122
6	23	14.917565260687	1
6	32	18.553374124338	2
6	46	24.999160957079	3
6	48	25.193618658714	4
6	64	34.002070883613	5
6	66	34.156623682333	6
6	79	40.308530120824	7
6	90	43.849384154124	8
6	110	53.568850488067	9
6	133	63.351538045746	10
6	168	76.935389596248	11
6	172	77.330094577797	12
6	191	87.889129642732	13
6	216	95.273229813966	14
6	223	98.65163835999	15
6	249	113.251680768103	16
6	260	117.874995242407	17
6	310	147.464298241839	18
6	316	150.625934395732	19
6	329	156.621353757207	20
6	348	167.099428354999	21
6	377	189.015410074874	22
6	414	204.50634700902	23
6	420	206.114836100337	24
6	426	207.819477043312	25
6	436	210.907789855064	26
6	447	215.718930253624	27
6	457	220.539485133863	28
6	462	222.442026186945	29
6	482	232.097169242215	30
6	506	241.943570122218	31
6	508	242.191970901601	32
6	510	242.359529632639	33
6	534	254.775258841572	34
6	547	259.174810252754	35
6	561	266.821036097754	36
6	573	271.602846139885	37
6	580	275.242184826727	38
6	601	288.524035712846	39
6	611	291.247832225866	40
6	618	293.54491641993	41
6	643	302.271019272199	42
6	649	303.773510663927	43
6	651	304.052240028187	44
6	669	311.12656730444	45
6	685	317.364790136449	46
6	714	330.013011497326	47
6	723	332.71335769517	48
6	744	341.233721207774	49
6	746	341.517465041378	50
6	756	348.728425655491	51
6	775	357.238102427413	52
6	802	372.918616263615	53
6	809	375.980269650019	54
6	821	382.681478962785	55
6	833	386.85415360729	56
6	882	414.495097387661	57
6	884	414.81976598037	58
6	892	416.044999749037	59
6	910	426.202342214991	60
6	921	431.12506334439	61
6	953	446.992156509567	62
6	963	451.403697139654	63
6	979	459.500852228612	64
6	1021	487.148525866454	65
6	1023	487.505993729156	66
6	1044	496.266603045687	67
6	1052	499.29969410304	68
6	1104	533.794943415999	69
6	1112	535.585747080138	70
6	1138	552.772642857188	71
6	1140	553.13200931521	72
6	1146	554.408791256373	73
6	1200	583.506023243311	74
6	1215	593.134702286521	75
6	1225	596.186501754154	76
6	1232	597.647096972388	77
6	1252	603.685856749709	78
6	1276	618.068597909997	79
6	1312	641.900433366461	80
6	1323	647.378906241636	81
6	1342	653.524993107532	82
6	1346	654.033234085172	83
6	1350	654.342647915302	84
6	1374	664.561908717235	85
6	1380	665.900698479172	86
6	1441	700.637341358141	87
6	1459	708.076948824232	88
6	1485	720.534591157712	89
6	1532	748.836432006282	90
6	1562	761.527950105378	91
6	1571	766.067206379326	92
6	1573	766.381958957731	93
6	1637	798.257812783526	94
6	1639	798.552243379756	95
6	1662	809.75863472801	96
6	1683	825.297360406434	97
6	1694	828.816772031323	98
6	1703	832.302766472647	99
6	1709	833.212202399324	100
6	1711	833.500727217922	101
6	1728	841.375445615222	102
6	1797	885.611015564808	103
6	1813	893.612177884307	104
6	1820	894.938199006381	105
6	1835	901.690030356362	106
6	1863	913.690907367069	107
6	1875	916.199457734283	108
6	1896	926.460872220973	109
6	1903	927.740170121791	110
6	1905	927.87699968005	111
6	1907	928.241702173473	112
6	1913	929.25227194799	113
6	1967	954.817807326108	114
6	1976	958.297820211502	115
6	1982	959.28580559951	116
6	1998	964.728721076215	117
6	2019	974.957265776359	118
6	2034	980.011510617791	119
6	2038	980.437320893807	120
6	2051	982.985105596419	121
6	2053	983.19748460173	122
7	30	18.273621393087	1
7	34	18.728913569091	2
7	85	41.853555800148	3
7	119	56.900368539264	4
7	124	58.656290067663	5
7	155	70.838490539704	6
7	170	77.059930002537	7
7	203	94.096257876851	8
7	205	94.273812151269	9
7	207	94.600284790639	10
7	209	94.732883666312	11
7	214	95.081836212267	12
7	242	110.878923292737	13
7	275	127.147478330644	14
7	292	136.293200787744	15
7	386	191.683250291825	16
7	409	203.141234440924	17
7	431	209.7670717442	18
7	449	215.847812783944	19
7	464	222.688314036991	20
7	488	233.938019381129	21
7	536	254.929001376845	22
7	542	258.151090968172	23
7	556	264.929594369083	24
7	603	288.755179164291	25
7	635	299.305367545221	26
7	661	307.878739508512	27
7	675	312.588292978489	28
7	733	336.994247734851	29
7	758	348.85719669628	30
7	860	403.540536510308	31
7	876	411.539868604069	32
7	886	415.15144103126	33
7	894	416.208775011348	34
7	942	441.365494830246	35
7	965	451.701197352057	36
7	981	459.85925346119	37
7	1042	495.999495014278	38
7	1081	519.453534147071	39
7	1083	519.712284368474	40
7	1110	535.426800401213	41
7	1114	535.972755635292	42
7	1136	552.604266861403	43
7	1156	559.443473632432	44
7	1198	583.166530076283	45
7	1234	597.911283171414	46
7	1236	598.044761311407	47
7	1241	598.787079712091	48
7	1250	603.510411403184	49
7	1331	650.168834332437	50
7	1340	653.224719571859	51
7	1344	653.889063652869	52
7	1348	654.192464741498	53
7	1352	654.558045573443	54
7	1361	656.339286541033	55
7	1369	663.60755147806	56
7	1385	666.96322626469	57
7	1397	673.458895814906	58
7	1402	674.743208864902	59
7	1447	701.645072569629	60
7	1469	712.742407044853	61
7	1498	728.449856902115	62
7	1521	745.216930295099	63
7	1530	748.567927221772	64
7	1618	790.080721422758	65
7	1692	828.668391273883	66
7	1701	831.993341669248	67
7	1736	844.638528238898	68
7	1753	854.452618566727	69
7	1799	885.749253845154	70
7	1833	901.45602240975	71
7	1865	913.97002709326	72
7	1870	914.885602839415	73
7	1881	917.85841034786	74
7	1898	926.841654900336	75
7	1928	934.778169372074	76
7	1941	941.178049284363	77
7	1943	941.396932119356	78
7	1962	953.292798610467	79
7	1974	958.186392524626	80
7	2000	964.864675137713	81
7	2021	975.19868133344	82
7	2036	980.258575147921	83
7	2040	980.611427251475	84
7	2042	980.781706615264	85
7	2044	980.969080753167	86
8	30	18.273621393087	1
8	34	18.728913569091	2
8	85	41.853555800148	3
8	119	56.900368539264	4
8	124	58.656290067663	5
8	155	70.838490539704	6
8	170	77.059930002537	7
8	203	94.096257876851	8
8	205	94.273812151269	9
8	207	94.600284790639	10
8	209	94.732883666312	11
8	214	95.081836212267	12
8	242	110.878923292737	13
8	275	127.147478330644	14
8	292	136.293200787744	15
8	386	191.683250291825	16
8	409	203.141234440924	17
8	431	209.7670717442	18
8	449	215.847812783944	19
8	464	222.688314036991	20
8	488	233.938019381129	21
8	536	254.929001376845	22
8	542	258.151090968172	23
8	556	264.929594369083	24
8	603	288.755179164291	25
8	635	299.305367545221	26
8	661	307.878739508512	27
8	675	312.588292978489	28
8	733	336.994247734851	29
8	758	348.85719669628	30
8	860	403.540536510308	31
8	876	411.539868604069	32
8	886	415.15144103126	33
8	894	416.208775011348	34
8	942	441.365494830246	35
8	965	451.701197352057	36
8	981	459.85925346119	37
8	1042	495.999495014278	38
8	1081	519.453534147071	39
8	1083	519.712284368474	40
8	1110	535.426800401213	41
8	1114	535.972755635292	42
8	1136	552.604266861403	43
8	1156	559.443473632432	44
8	1198	583.166530076283	45
8	1234	597.911283171414	46
8	1236	598.044761311407	47
8	1241	598.787079712091	48
8	1250	603.510411403184	49
8	1331	650.168834332437	50
8	1340	653.224719571859	51
8	1344	653.889063652869	52
8	1348	654.192464741498	53
8	1352	654.558045573443	54
8	1361	656.339286541033	55
8	1369	663.60755147806	56
8	1385	666.96322626469	57
8	1397	673.458895814906	58
8	1402	674.743208864902	59
8	1447	701.645072569629	60
8	1469	712.742407044853	61
8	1498	728.449856902115	62
8	1521	745.216930295099	63
8	1530	748.567927221772	64
8	1618	790.080721422758	65
8	1692	828.668391273883	66
8	1701	831.993341669248	67
8	1736	844.638528238898	68
8	1753	854.452618566727	69
8	1799	885.749253845154	70
8	1833	901.45602240975	71
8	1865	913.97002709326	72
8	1870	914.885602839415	73
8	1881	917.85841034786	74
8	1898	926.841654900336	75
8	1928	934.778169372074	76
8	1941	941.178049284363	77
8	1943	941.396932119356	78
8	1962	953.292798610467	79
8	1974	958.186392524626	80
8	2000	964.864675137713	81
8	2021	975.19868133344	82
8	2036	980.258575147921	83
8	2040	980.611427251475	84
8	2042	980.781706615264	85
8	2044	980.969080753167	86
9	91	43.970693341944	1
9	111	53.724556334759	2
9	173	77.354970493353	3
9	192	88.091897555599	4
9	217	95.329300917589	5
9	317	150.799268734893	6
9	378	189.098776493748	7
9	421	206.238319097717	8
9	437	210.974795618081	9
9	463	222.547173324699	10
9	535	254.895623319018	11
9	548	259.32434084243	12
9	574	271.751227077655	13
9	612	291.26793596033	14
9	644	302.474026758398	15
9	652	304.122857530253	16
9	715	330.054195748402	17
9	757	348.792388193824	18
9	776	357.308792177806	19
9	803	372.975257022497	20
9	810	376.099939292882	21
9	822	382.850324324491	22
9	885	414.976372388355	23
9	911	426.294655335948	24
9	954	447.140430432992	25
9	964	451.555695479667	26
9	1105	533.82594617899	27
9	1216	593.313552382545	28
9	1226	596.213149727957	29
9	1253	603.715253515451	30
9	1313	641.989093903233	31
9	1324	647.517063896266	32
9	1343	653.71011968945	33
9	1347	654.169474476433	34
9	1375	664.766280028599	35
9	1460	708.207507723531	36
9	1574	766.469347730237	37
9	1663	809.961419147026	38
9	1684	825.429038839026	39
9	1695	828.913963805581	40
9	1704	832.503330351523	41
9	1712	833.622269303322	42
9	1798	885.637020599064	43
9	1814	893.802070661851	44
9	1876	916.24366004664	45
9	1897	926.66320731364	46
9	1908	928.33207328336	47
9	1914	929.435382685383	48
9	1968	954.963359052223	49
9	1977	958.33998660359	50
9	1983	959.347701658662	51
9	1999	964.822602694726	52
9	2035	980.081995240499	53
10	91	43.970693341944	1
10	111	53.724556334759	2
10	173	77.354970493353	3
10	192	88.091897555599	4
10	217	95.329300917589	5
10	317	150.799268734893	6
10	378	189.098776493748	7
10	421	206.238319097717	8
10	437	210.974795618081	9
10	463	222.547173324699	10
10	535	254.895623319018	11
10	548	259.32434084243	12
10	574	271.751227077655	13
10	612	291.26793596033	14
10	644	302.474026758398	15
10	652	304.122857530253	16
10	715	330.054195748402	17
10	757	348.792388193824	18
10	776	357.308792177806	19
10	803	372.975257022497	20
10	810	376.099939292882	21
10	822	382.850324324491	22
10	885	414.976372388355	23
10	911	426.294655335948	24
10	954	447.140430432992	25
10	964	451.555695479667	26
10	1105	533.82594617899	27
10	1216	593.313552382545	28
10	1226	596.213149727957	29
10	1253	603.715253515451	30
10	1313	641.989093903233	31
10	1324	647.517063896266	32
10	1343	653.71011968945	33
10	1347	654.169474476433	34
10	1375	664.766280028599	35
10	1460	708.207507723531	36
10	1574	766.469347730237	37
10	1663	809.961419147026	38
10	1684	825.429038839026	39
10	1695	828.913963805581	40
10	1704	832.503330351523	41
10	1712	833.622269303322	42
10	1798	885.637020599064	43
10	1814	893.802070661851	44
10	1876	916.24366004664	45
10	1897	926.66320731364	46
10	1908	928.33207328336	47
10	1914	929.435382685383	48
10	1968	954.963359052223	49
10	1977	958.33998660359	50
10	1983	959.347701658662	51
10	1999	964.822602694726	52
10	2035	980.081995240499	53
11	210	94.755398669101	1
11	380	189.331780662584	2
11	450	215.879822230826	3
11	465	222.758986443371	4
11	877	411.672956114331	5
11	966	451.877676020781	6
11	1332	650.292179416637	7
11	1353	654.754008032185	8
11	1398	673.545222409252	9
11	1882	917.973541846556	10
12	210	94.755398669101	2.59310752151
12	380	189.331780662584	1.859931079881
12	450	215.879822230826	1.786558203015
12	465	222.758986443371	2.646296678587
12	877	411.672956114331	2.103189338311
12	966	451.877676020781	1.85765069662
12	1332	650.292179416637	2.1468014555619
12	1353	654.754008032185	3.731130470238
12	1398	673.545222409252	1.930204934302
12	1882	917.973541846556	2.1363975936231
13	379	189.302529507359	1
13	653	304.316701975538	2
13	1227	596.331946875506	3
13	1461	708.254650373394	4
13	1685	825.569914852539	5
13	1815	893.97879422762	6
14	379	189.302529507359	1
14	653	304.316701975538	2
14	1227	596.331946875506	3
14	1461	708.254650373394	4
14	1685	825.569914852539	5
14	1815	893.97879422762	6

