version 3
run General-2-20231019-18:57:58-54425
attr configname General
attr datetime 20231019-18:57:58
attr datetimef 20231019-185758
attr experiment General
attr inifile omnetpp.ini
attr iterationvars ""
attr iterationvarsd ""
attr iterationvarsf ""
attr measurement ""
attr network Multihop
attr processid 54425
attr repetition 2
attr replication #2
attr resultdir results
attr runnumber 2
attr seedset 2
config network Multihop
config Multihop.node[*].transmissionTime "uniform(1s, 2s)"
config Multihop.node[*].delayTime "uniform(0.01s, 0.2s)"
config Multihop.node[0].lossProbability 0.3
config Multihop.node[1].lossProbability 0.3
config Multihop.node[2].lossProbability 0.3
config Multihop.node[3].lossProbability 0.3/2
config Multihop.node[4].lossProbability 0.3/2
config Multihop.node[5].lossProbability 0.3*2
config Multihop.node[6].lossProbability 0.3*2
config Multihop.node[7].lossProbability 0.3*3
config record-eventlog true
config sim-time-limit 1000s
config repeat 5

vector 0 Multihop.node[0] txVector ETV
vector 1 Multihop.node[2] rxVector ETV
vector 2 Multihop.node[2] txVector ETV
vector 3 Multihop.node[4] rxVector ETV
vector 4 Multihop.node[4] txVector ETV
vector 5 Multihop.node[6] rxVector ETV
vector 6 Multihop.node[6] txVector ETV
vector 7 Multihop.node[1] rxVector ETV
vector 8 Multihop.node[1] txVector ETV
vector 9 Multihop.node[3] rxVector ETV
vector 10 Multihop.node[3] txVector ETV
vector 11 Multihop.node[5] rxVector ETV
vector 12 Multihop.node[5] txVector ETV
vector 13 Multihop.node[7] rxVector ETV
vector 14 Multihop.node[7] e2eVector ETV
0	0	0	1
0	1	0.092839031499	2
0	2	1.277921112972	3
0	7	3.20946197656	4
0	8	4.69463789139	5
0	14	6.32737562202	6
0	15	8.173937113277	7
0	17	9.253582584226	8
0	19	10.541451404124	9
0	21	11.668611375868	10
0	22	12.890446543015	11
0	23	14.657937719507	12
0	36	16.235245789654	13
0	39	17.70308828123	14
0	42	19.651178704594	15
0	43	21.397810117594	16
0	44	22.829347887562	17
0	50	24.717651634031	18
0	54	26.074275914366	19
0	55	27.627909760243	20
0	59	29.201552258591	21
0	60	30.998957202091	22
0	62	32.268346003276	23
0	66	33.631671894594	24
0	68	35.182649799409	25
0	72	36.564342737916	26
0	79	37.98109617482	27
0	83	39.52444140778	28
0	89	41.41958714651	29
0	93	42.908853314138	30
0	94	44.761142274384	31
0	95	45.973909645361	32
0	97	46.974033229538	33
0	99	48.161319773664	34
0	100	49.946111696559	35
0	101	51.475932872408	36
0	107	52.749770741929	37
0	111	54.619916635119	38
0	112	56.432698586742	39
0	114	57.978571289937	40
0	118	59.009160767795	41
0	122	60.367401075569	42
0	126	61.987042536979	43
0	132	63.860169877085	44
0	136	65.63775778913	45
0	138	67.314897532128	46
0	142	68.729357585097	47
0	146	70.556810935512	48
0	150	71.945145113412	49
0	157	73.326807690803	50
0	161	74.670647586016	51
0	164	76.4629778024	52
0	168	78.296139045405	53
0	176	80.162319287211	54
0	177	81.804771712767	55
0	178	83.191672057863	56
0	179	85.046791725345	57
0	184	86.427584306356	58
0	185	87.67383789762	59
0	187	89.464081696021	60
0	192	90.639726382234	61
0	193	91.882063885239	62
0	197	93.088682636405	63
0	200	94.264281711328	64
0	202	95.917188660494	65
0	204	97.080527930307	66
0	211	98.59492998642	67
0	212	100.546440138035	68
0	214	102.398703064323	69
0	216	103.606744681271	70
0	222	104.77152330407	71
0	223	105.914518533759	72
0	225	107.045797756426	73
0	227	108.418690640498	74
0	229	109.993136982685	75
0	231	111.7221377867	76
0	233	113.55888131612	77
0	237	114.846516574985	78
0	239	116.806222570381	79
0	241	118.340324266135	80
0	244	119.430792246499	81
0	245	121.176331061191	82
0	246	122.541597095105	83
0	247	124.290562131695	84
0	249	125.797333970453	85
0	253	126.860235506223	86
0	258	128.199004142099	87
0	265	130.027559306026	88
0	271	131.029441963668	89
0	274	132.707863469861	90
0	278	133.740717403378	91
0	280	135.460934049237	92
0	282	136.836315481943	93
0	286	138.038214984602	94
0	288	139.365609167629	95
0	289	140.825299463953	96
0	291	142.687275922178	97
0	295	143.953901815247	98
0	296	145.62162336383	99
0	297	146.752487835493	100
0	303	147.9664288799	101
0	306	149.267181946216	102
0	308	150.800022838423	103
0	309	152.79933975406	104
0	311	154.508245299123	105
0	312	155.826143795643	106
0	313	157.398152613798	107
0	316	158.77057313269	108
0	320	160.372336856341	109
0	326	162.012984517748	110
0	327	163.656312978613	111
0	328	165.199631621382	112
0	334	167.16102181214	113
0	335	169.019139148547	114
0	343	170.198831906561	115
0	350	171.633924332699	116
0	351	172.788859854005	117
0	357	173.85457053014	118
0	358	175.233283677855	119
0	360	177.162632854441	120
0	361	178.609100963706	121
0	362	180.371531524248	122
0	365	182.008094937559	123
0	369	183.601835307451	124
0	375	184.626873913473	125
0	377	185.893463750389	126
0	383	187.816526480038	127
0	387	189.660618569022	128
0	388	191.378982709972	129
0	390	193.338695222297	130
0	392	194.784980192798	131
0	397	196.064307446376	132
0	399	197.891104926838	133
0	400	199.820842014876	134
0	401	201.284151791147	135
0	403	202.38690106945	136
0	405	203.607794037106	137
0	407	205.561485581117	138
0	411	206.682326330588	139
0	412	207.880421964469	140
0	414	209.23052734604	141
0	420	210.465964067978	142
0	423	211.772287291958	143
0	430	213.049940360262	144
0	431	214.37232215518	145
0	434	216.370601684105	146
0	436	218.018442336254	147
0	442	219.781642559001	148
0	445	221.243980164191	149
0	451	223.235905402823	150
0	455	224.438796662277	151
0	461	226.3346505135	152
0	466	228.079526769945	153
0	467	230.001956089183	154
0	471	231.828061564376	155
0	473	233.271718549558	156
0	475	234.381650748213	157
0	476	235.495284677732	158
0	480	237.136461987176	159
0	481	239.089117716315	160
0	485	240.734716678985	161
0	487	242.324096323472	162
0	492	243.553444380655	163
0	494	244.601374069943	164
0	495	245.706763939482	165
0	499	247.562306917521	166
0	504	249.240465938362	167
0	512	250.271912747544	168
0	521	251.702650703738	169
0	523	253.306997639375	170
0	524	254.30746611023	171
0	525	255.717450439247	172
0	535	257.606881036672	173
0	536	259.545312061223	174
0	537	261.502461584766	175
0	538	262.662673984204	176
0	541	264.474928069409	177
0	547	266.074507278172	178
0	551	267.509562588311	179
0	552	268.725130829741	180
0	554	270.051021681414	181
0	558	272.044298254899	182
0	562	273.845900031287	183
0	565	275.564989300692	184
0	569	276.809489934254	185
0	570	278.757114907508	186
0	571	279.844621351003	187
0	574	280.920121061164	188
0	583	282.902385728448	189
0	588	284.613936537193	190
0	589	285.733817189015	191
0	593	286.992349633961	192
0	594	288.581741587273	193
0	595	290.422086382532	194
0	599	291.651329322034	195
0	604	293.066072406029	196
0	605	294.485841366943	197
0	606	295.583232270801	198
0	610	296.805393748465	199
0	611	298.800161923296	200
0	614	300.380929890801	201
0	616	302.240659859511	202
0	622	303.26019860107	203
0	627	304.882618956515	204
0	628	306.337658846067	205
0	632	308.31587862318	206
0	634	309.326390809627	207
0	639	310.912167033894	208
0	640	312.562711346677	209
0	644	313.885437491365	210
0	648	315.446569185719	211
0	650	317.282258992564	212
0	656	318.525441465681	213
0	659	319.852091537105	214
0	660	321.838867418017	215
0	665	323.324803302312	216
0	666	324.85697934452	217
0	667	326.112072858741	218
0	669	327.88724810096	219
0	670	329.438130965471	220
0	671	330.451132924776	221
0	673	331.751696358449	222
0	677	333.463449829738	223
0	679	335.459106867216	224
0	683	337.117025395404	225
0	687	339.074607073344	226
0	688	340.925884342301	227
0	692	342.684864241877	228
0	693	343.856669239249	229
0	695	345.336273473469	230
0	699	346.5589804263	231
0	703	347.898415971795	232
0	708	349.36505291822	233
0	709	351.212227172233	234
0	713	352.748391071582	235
0	718	354.36017540867	236
0	722	355.614801913747	237
0	730	357.193274383913	238
0	734	358.689825263587	239
0	735	360.20560616978	240
0	741	361.542105618413	241
0	745	363.474156217198	242
0	751	365.346396441585	243
0	752	366.979971594889	244
0	753	368.561409126515	245
0	759	369.710000422797	246
0	760	370.992636219146	247
0	764	372.970750474151	248
0	765	374.654225371558	249
0	769	376.176728594363	250
0	770	377.748133145286	251
0	776	379.09477798805	252
0	778	380.926948907565	253
0	779	382.859007200472	254
0	787	383.972322520347	255
0	790	385.854231219519	256
0	791	387.569770794375	257
0	795	389.539634791449	258
0	797	390.731899069868	259
0	805	392.208477588616	260
0	809	393.458166211158	261
0	810	394.801335414885	262
0	811	396.095839097876	263
0	814	398.032119958907	264
0	815	399.576252294018	265
0	819	400.838809174265	266
0	820	402.298224031938	267
0	824	404.028856971081	268
0	828	405.732151128597	269
0	831	407.117902836542	270
0	832	408.236282045733	271
0	833	410.114835548693	272
0	836	411.225857976371	273
0	840	413.063693053102	274
0	842	414.315257003544	275
0	844	416.100182366571	276
0	846	417.156593520441	277
0	850	418.745907104588	278
0	851	420.58233879345	279
0	856	422.199522501337	280
0	858	423.7658087304	281
0	865	424.951742200893	282
0	866	426.864598784144	283
0	868	428.510426732958	284
0	869	429.532045193729	285
0	876	430.685861576363	286
0	878	431.764373107362	287
0	885	433.52774588835	288
0	886	435.372348353747	289
0	887	436.589371586699	290
0	892	437.723791855868	291
0	900	439.513404281592	292
0	907	440.828122360647	293
0	911	442.79036485871	294
0	912	444.612991476913	295
0	920	446.309885413635	296
0	925	447.713464430084	297
0	934	449.350635600991	298
0	935	451.096916129829	299
0	936	452.275872151849	300
0	937	454.032875882478	301
0	938	455.092655817529	302
0	939	456.968680503795	303
0	944	458.155585377028	304
0	945	459.251876852492	305
0	947	460.887885952152	306
0	951	462.279973378654	307
0	952	464.264966425502	308
0	956	466.25951775491	309
0	958	467.389727827643	310
0	964	469.14460194159	311
0	966	471.0880360366	312
0	967	472.796075257721	313
0	971	473.879443250146	314
0	973	475.139690764729	315
0	977	476.728240544457	316
0	981	478.574590299992	317
0	983	480.126185148969	318
0	984	481.387219110518	319
0	986	482.788606068366	320
0	987	484.748116967981	321
0	988	486.508962318781	322
0	990	488.06379705017	323
0	991	489.651762219626	324
0	993	490.735839587884	325
0	995	492.159091274502	326
0	998	493.778069893379	327
0	999	494.780772869956	328
0	1004	496.7079335116	329
0	1008	498.104825827774	330
0	1009	499.686301016962	331
0	1010	501.252955472344	332
0	1011	503.175845537815	333
0	1013	504.499608888771	334
0	1014	505.703176545227	335
0	1015	507.043318899596	336
0	1021	508.270434515333	337
0	1027	509.744303685628	338
0	1028	511.385442342624	339
0	1029	512.897525338937	340
0	1030	514.56783911727	341
0	1034	516.382400592804	342
0	1037	517.705040146146	343
0	1043	519.677791166367	344
0	1046	521.240050867448	345
0	1048	522.929529209404	346
0	1050	524.425667404213	347
0	1055	525.619386738415	348
0	1056	527.050578833806	349
0	1058	528.544346642696	350
0	1061	530.126173927231	351
0	1062	531.165914729951	352
0	1064	532.363928220483	353
0	1068	534.284581403962	354
0	1070	535.351427317147	355
0	1071	537.125177279363	356
0	1078	538.881322790651	357
0	1079	540.188751873576	358
0	1080	541.706367024702	359
0	1084	543.181101364798	360
0	1090	545.071962926553	361
0	1091	546.267226971935	362
0	1093	547.289074660295	363
0	1097	549.178520020812	364
0	1105	551.056776250263	365
0	1109	552.44375907189	366
0	1110	554.095035895023	367
0	1117	555.529048871964	368
0	1124	556.930924638657	369
0	1127	558.076813840557	370
0	1133	559.709923722798	371
0	1134	561.492414884519	372
0	1135	562.700964748876	373
0	1140	563.899627070425	374
0	1144	565.256402091373	375
0	1145	567.090657099633	376
0	1147	568.902297747804	377
0	1149	570.651636437996	378
0	1153	572.48478447927	379
0	1157	574.096444120415	380
0	1161	575.140582321927	381
0	1162	576.653562236827	382
0	1165	577.999549349321	383
0	1170	579.884772666048	384
0	1172	581.474003912898	385
0	1174	583.38237787715	386
0	1175	585.194908788678	387
0	1179	586.984947445354	388
0	1182	588.623145319772	389
0	1186	590.129514484218	390
0	1189	591.707030062814	391
0	1190	592.837244511367	392
0	1198	594.294951506908	393
0	1199	596.131182405184	394
0	1200	597.830087908794	395
0	1207	599.473593009188	396
0	1211	600.493429572106	397
0	1217	601.727400738298	398
0	1219	603.64056403634	399
0	1225	605.429404112528	400
0	1229	607.302194788138	401
0	1234	609.017486030719	402
0	1239	610.399105682987	403
0	1243	612.349775261729	404
0	1246	613.511577397137	405
0	1248	614.964028955688	406
0	1250	616.814101572399	407
0	1254	618.219063716493	408
0	1255	619.877968088276	409
0	1261	620.984880540305	410
0	1263	622.180700172222	411
0	1267	623.714042402821	412
0	1270	624.844063899497	413
0	1273	626.331981640093	414
0	1274	627.394832767097	415
0	1279	628.708597427949	416
0	1283	630.369835096195	417
0	1284	632.26385105077	418
0	1287	633.355584573483	419
0	1297	634.453495053591	420
0	1303	636.090472642582	421
0	1307	638.026587573363	422
0	1313	639.661577307869	423
0	1319	641.261840880633	424
0	1320	642.902281721373	425
0	1322	644.46261871375	426
0	1329	645.765514308837	427
0	1333	647.552588092646	428
0	1335	648.753161886491	429
0	1338	650.714100803265	430
0	1340	652.55313874969	431
0	1341	654.401555516307	432
0	1345	655.776748684251	433
0	1347	657.603892965491	434
0	1352	659.274560287378	435
0	1360	660.667226153675	436
0	1366	661.90941256589	437
0	1368	663.890321483386	438
0	1373	665.001208124	439
0	1375	666.39945759556	440
0	1376	667.612007568141	441
0	1378	669.073323973238	442
0	1383	670.705536641895	443
0	1387	672.178579954446	444
0	1393	673.751197823572	445
0	1395	675.15374868062	446
0	1396	676.316751337393	447
0	1404	677.884600062172	448
0	1406	679.122297350799	449
0	1410	680.403740433759	450
0	1411	681.688654609273	451
0	1413	682.912391495674	452
0	1414	684.050680981732	453
0	1416	686.016390172315	454
0	1420	687.21658991791	455
0	1421	688.98520696351	456
0	1422	690.536853127896	457
0	1427	691.967804437985	458
0	1428	693.491932455699	459
0	1430	695.042251293563	460
0	1431	696.831923512059	461
0	1433	698.161093310934	462
0	1437	700.004221849392	463
0	1439	701.0121502306	464
0	1440	702.548349387028	465
0	1441	703.97978041276	466
0	1446	705.155550175595	467
0	1447	706.705457004501	468
0	1451	708.403151768974	469
0	1452	709.493435133497	470
0	1457	711.379490809298	471
0	1458	712.910166902018	472
0	1460	714.838545086111	473
0	1461	715.991263899735	474
0	1463	717.439657337514	475
0	1465	719.073414059139	476
0	1466	720.864392717851	477
0	1468	722.76082277579	478
0	1469	724.147887310262	479
0	1471	725.592378692019	480
0	1473	726.830901384835	481
0	1475	728.038830721301	482
0	1476	729.388353814154	483
0	1482	730.714993700401	484
0	1483	732.361415774345	485
0	1484	733.77233472049	486
0	1490	735.571811230171	487
0	1491	737.206732887325	488
0	1497	739.068861843103	489
0	1501	740.335358741011	490
0	1504	741.694360152835	491
0	1505	742.859336995304	492
0	1509	744.83054928949	493
0	1513	746.294047605962	494
0	1515	747.560698512027	495
0	1516	748.641720010217	496
0	1522	750.131301593518	497
0	1523	751.628557707666	498
0	1527	753.411544443824	499
0	1529	755.355015715602	500
0	1533	756.674741999031	501
0	1537	757.840901226521	502
0	1540	759.066645912145	503
0	1543	760.154576642456	504
0	1547	761.628419889853	505
0	1551	763.045901201916	506
0	1553	764.395962707483	507
0	1554	765.599991568615	508
0	1557	766.665502802952	509
0	1560	767.746539728966	510
0	1562	768.790288536827	511
0	1566	769.954245071177	512
0	1570	771.006216218712	513
0	1572	772.510892068519	514
0	1574	774.211280728009	515
0	1576	776.154862823448	516
0	1580	777.460922304558	517
0	1582	779.003064065956	518
0	1583	780.499331950693	519
0	1586	781.560923462751	520
0	1592	783.409697819751	521
0	1597	784.703312635904	522
0	1598	785.769749418616	523
0	1602	787.463442579394	524
0	1606	788.668624367814	525
0	1607	790.423896381881	526
0	1609	791.460922621906	527
0	1614	792.483215383737	528
0	1615	793.567724563664	529
0	1620	795.549545227567	530
0	1621	797.329586828377	531
0	1622	799.11415877288	532
0	1626	800.144064331211	533
0	1627	801.313282929377	534
0	1634	802.389390602026	535
0	1636	803.932150982104	536
0	1641	805.38620307368	537
0	1645	806.424903088266	538
0	1653	808.382359918689	539
0	1655	809.607798756815	540
0	1656	811.381063924187	541
0	1664	813.219379021802	542
0	1666	815.178534039778	543
0	1667	816.286274676926	544
0	1668	817.97349307711	545
0	1676	819.034712972601	546
0	1677	820.561866083664	547
0	1684	821.691059065999	548
0	1685	823.664869566697	549
0	1689	824.997336398361	550
0	1690	826.079542193345	551
0	1694	827.898175218624	552
0	1696	829.493375254811	553
0	1698	831.490794889412	554
0	1704	833.408086037046	555
0	1706	834.799730825952	556
0	1709	836.544732428404	557
0	1710	838.222912265702	558
0	1717	839.279883343975	559
0	1723	840.769053874786	560
0	1727	841.868639976501	561
0	1728	843.428689411159	562
0	1733	844.879485531261	563
0	1734	846.121660349442	564
0	1735	847.509978775185	565
0	1739	848.736108302854	566
0	1741	850.051363752939	567
0	1742	851.941656909201	568
0	1744	853.180829008825	569
0	1745	854.724776631005	570
0	1749	855.755389359563	571
0	1750	857.141087516926	572
0	1751	858.537986639671	573
0	1755	859.610631126694	574
0	1757	860.629549623949	575
0	1759	862.011406636348	576
0	1760	863.736317569174	577
0	1765	865.620864881918	578
0	1766	866.951232701324	579
0	1769	868.872079760784	580
0	1772	870.13783458459	581
0	1776	872.045070652867	582
0	1784	873.475516455265	583
0	1790	874.81756182948	584
0	1795	876.678348647215	585
0	1799	878.009071802272	586
0	1804	879.938097026449	587
0	1810	881.55285271352	588
0	1820	882.949582499935	589
0	1824	884.800421583018	590
0	1827	885.827960037178	591
0	1832	886.968263494334	592
0	1839	888.754349787737	593
0	1840	890.409237356408	594
0	1842	892.146484483283	595
0	1846	893.251467713404	596
0	1854	895.158369944214	597
0	1857	896.486857378638	598
0	1859	897.911059610095	599
0	1860	899.445212224048	600
0	1861	900.718344428592	601
0	1865	902.295139161653	602
0	1867	903.853268347697	603
0	1873	904.985602516697	604
0	1874	906.331816635576	605
0	1875	907.882891376984	606
0	1877	909.809301114424	607
0	1880	910.95559955972	608
0	1882	912.05067232765	609
0	1883	913.377633072685	610
0	1892	914.999028983309	611
0	1893	916.817886806808	612
0	1894	917.962802289303	613
0	1903	918.977060134073	614
0	1912	920.073587945911	615
0	1915	921.831533771024	616
0	1917	922.84002987297	617
0	1920	924.558383925834	618
0	1922	925.709486370922	619
0	1931	927.383111309742	620
0	1935	928.685379753837	621
0	1936	929.832507880654	622
0	1937	931.583722557423	623
0	1939	933.045481420138	624
0	1941	934.210211874467	625
0	1946	935.879357651124	626
0	1948	937.764136411963	627
0	1949	938.976392694997	628
0	1954	940.439873211101	629
0	1962	942.07237473318	630
0	1964	943.424050883871	631
0	1970	945.389582096614	632
0	1972	947.150612491896	633
0	1976	948.361459620311	634
0	1980	949.858570678174	635
0	1984	951.295177548673	636
0	1989	952.411419284545	637
0	1990	953.878384646276	638
0	1991	955.355025110781	639
0	1994	957.231794727515	640
0	1996	958.675428032191	641
0	2002	960.117056037547	642
0	2006	961.835168821752	643
0	2009	963.29719884439	644
0	2013	965.088610359017	645
0	2016	966.350679322394	646
0	2018	967.775494920571	647
0	2019	969.220521570432	648
0	2020	970.867665830783	649
0	2021	972.316155210852	650
0	2022	973.768959784664	651
0	2023	975.450201811053	652
0	2025	977.13646301396	653
0	2030	978.804679838492	654
0	2034	980.184536760457	655
0	2037	981.359669883985	656
0	2038	982.980608448636	657
0	2045	984.475414714793	658
0	2047	986.332879786164	659
0	2051	987.712590739614	660
0	2057	989.623814242444	661
0	2059	991.289229913632	662
0	2063	992.815310824913	663
0	2064	994.415731959528	664
0	2070	995.422012681159	665
0	2071	996.567778842541	666
0	2077	998.423854141513	667
1	3	1.38063236768	1
1	9	4.815174888557	2
1	24	14.766817341677	3
1	37	16.436456811909	4
1	40	17.884749876616	5
1	45	23.033758147365	6
1	51	24.914851060585	7
1	56	27.805992971233	8
1	63	32.361975454477	9
1	69	35.210591363712	10
1	73	36.696917046927	11
1	80	38.042099390322	12
1	84	39.624191145195	13
1	90	41.515065405041	14
1	102	51.60033726798	15
1	108	52.906636866497	16
1	115	58.072782569142	17
1	119	59.156161907184	18
1	123	60.498964173832	19
1	127	62.091511646895	20
1	133	63.882222052408	21
1	139	67.390708841591	22
1	143	68.7687637956	23
1	147	70.697450202356	24
1	151	72.006721062152	25
1	158	73.371772666224	26
1	162	74.744010984213	27
1	165	76.626808683924	28
1	169	78.358106477019	29
1	180	85.25002713613	30
1	188	89.571812087605	31
1	194	92.024008120462	32
1	198	93.18585653845	33
1	205	97.119656305211	34
1	217	103.681360691013	35
1	234	113.622684982543	36
1	242	118.466127698409	37
1	250	125.963602466536	38
1	254	126.959022475385	39
1	259	128.341464117382	40
1	266	130.228874146797	41
1	272	131.140779375852	42
1	275	132.875098806288	43
1	283	136.991821953858	44
1	292	142.856566683595	45
1	298	146.776051883295	46
1	304	148.158072916041	47
1	314	157.430901337773	48
1	317	158.828885310765	49
1	321	160.556003007335	50
1	329	165.384087696113	51
1	336	169.129577010007	52
1	344	170.319049025565	53
1	352	172.880045284303	54
1	363	180.474851282145	55
1	366	182.075743870293	56
1	370	183.707264058006	57
1	378	186.089026636752	58
1	384	187.939310418477	59
1	393	194.928056393248	60
1	408	205.714523152821	61
1	415	209.269810095328	62
1	421	210.540111525703	63
1	424	211.822467799484	64
1	432	214.496665620495	65
1	437	218.054217750584	66
1	443	219.913885674742	67
1	446	221.447712442429	68
1	452	223.31939256932	69
1	456	224.620170749243	70
1	462	226.464612576981	71
1	468	230.048445336281	72
1	477	235.607172199711	73
1	482	239.260873114655	74
1	488	242.47231736788	75
1	496	245.80612549819	76
1	500	247.666822122053	77
1	505	249.314817772437	78
1	515	250.4339124145	79
1	526	255.768289262635	80
1	539	262.720494334841	81
1	542	264.504571918208	82
1	548	266.21505048754	83
1	555	270.15470000898	84
1	559	272.197863935957	85
1	563	274.046998210732	86
1	566	275.680269700713	87
1	572	279.949213638746	88
1	575	281.001887380709	89
1	584	283.056468814058	90
1	590	285.851733795584	91
1	596	290.484667363367	92
1	600	291.754968105897	93
1	607	295.653554163971	94
1	612	298.989625882616	95
1	617	302.307788722364	96
1	623	303.427547634451	97
1	629	306.396119490299	98
1	635	309.362781432407	99
1	641	312.64389660424	100
1	645	313.96211412904	101
1	651	317.314529716562	102
1	657	318.665784545839	103
1	661	321.878355725955	104
1	674	331.858438941669	105
1	680	335.537295166753	106
1	684	337.14215841844	107
1	689	341.080387125048	108
1	696	345.456231308137	109
1	700	346.728091681826	110
1	704	347.979192399507	111
1	710	351.387372786648	112
1	714	352.883380795727	113
1	719	354.432731276565	114
1	723	355.816302286927	115
1	731	357.299093753377	116
1	736	360.236233523532	117
1	742	361.601197688857	118
1	746	363.656264181191	119
1	754	368.646114911728	120
1	761	371.046523532138	121
1	766	374.806654447416	122
1	771	377.812803579463	123
1	780	383.016613525067	124
1	788	384.085068224802	125
1	792	387.595500228812	126
1	798	390.788613083178	127
1	806	392.315926694096	128
1	812	396.288251774717	129
1	816	399.663165783324	130
1	821	402.341268241283	131
1	825	404.10857620106	132
1	829	405.939440215736	133
1	834	410.315129967517	134
1	837	411.423146464278	135
1	847	417.241793072964	136
1	852	420.629357298845	137
1	859	423.974848997879	138
1	870	429.691790159922	139
1	879	431.883764742895	140
1	888	436.711500996874	141
1	893	437.810616589681	142
1	901	439.667317586731	143
1	908	440.871879421623	144
1	913	444.652032817397	145
1	921	446.500298321932	146
1	926	447.875345242973	147
1	940	457.100628138665	148
1	948	461.033966640879	149
1	953	464.329549696969	150
1	959	467.414130038272	151
1	968	472.956174379621	152
1	974	475.220532193949	153
1	978	476.934011390198	154
1	996	492.295643267826	155
1	1000	494.968567446925	156
1	1005	496.845144507136	157
1	1016	507.173234904603	158
1	1022	508.386575927547	159
1	1031	514.720924081484	160
1	1035	516.517495935192	161
1	1038	517.869061735197	162
1	1044	519.782969424632	163
1	1051	524.614687966823	164
1	1059	528.6924205487	165
1	1065	532.466856382789	166
1	1072	537.281278422539	167
1	1081	541.727227368506	168
1	1085	543.370485664408	169
1	1094	547.347174549908	170
1	1098	549.267301845438	171
1	1106	551.205581411097	172
1	1111	554.165392778011	173
1	1118	555.699050791101	174
1	1125	556.977471838142	175
1	1128	558.198975346776	176
1	1136	562.773624667579	177
1	1141	564.045088533245	178
1	1150	570.787559182582	179
1	1154	572.652090122603	180
1	1158	574.24074967004	181
1	1163	576.722192830018	182
1	1166	578.062037510004	183
1	1176	585.331870713463	184
1	1180	587.021159742995	185
1	1183	588.695818524155	186
1	1187	590.293645691938	187
1	1191	592.899398194122	188
1	1201	597.857130829912	189
1	1208	599.673419775129	190
1	1212	600.516989741578	191
1	1220	603.68714517725	192
1	1226	605.473907768905	193
1	1230	607.366422005388	194
1	1235	609.20807756568	195
1	1240	610.502240616546	196
1	1244	612.435214534853	197
1	1251	616.903734140027	198
1	1256	620.031194576273	199
1	1264	622.337512887627	200
1	1268	623.82005949447	201
1	1271	624.955305706315	202
1	1275	627.465578942744	203
1	1280	628.795463944252	204
1	1285	632.383572085817	205
1	1288	633.399131901528	206
1	1298	634.518272836772	207
1	1304	636.202050333382	208
1	1308	638.082537208906	209
1	1314	639.827536864917	210
1	1323	644.486488324312	211
1	1330	645.962434315459	212
1	1336	648.844842123555	213
1	1342	654.576114712557	214
1	1348	657.713160760484	215
1	1353	659.381466297544	216
1	1361	660.770269378468	217
1	1369	663.916862679915	218
1	1379	669.263920687253	219
1	1384	670.748508385264	220
1	1388	672.20592312514	221
1	1397	676.404383865122	222
1	1407	679.235176693867	223
1	1417	686.144812180286	224
1	1423	690.584142407737	225
1	1434	698.303602989844	226
1	1442	704.051572209058	227
1	1448	706.732850202864	228
1	1453	709.583049993566	229
1	1477	729.458976972778	230
1	1485	733.955061104908	231
1	1492	737.396886863242	232
1	1498	739.231717151515	233
1	1502	740.396688713126	234
1	1506	743.03327737874	235
1	1510	744.914595831881	236
1	1517	748.779170562541	237
1	1524	751.711707091405	238
1	1530	755.544727956691	239
1	1534	756.860462579398	240
1	1538	758.044465911715	241
1	1541	759.269447412844	242
1	1544	760.35390844724	243
1	1548	761.721477010379	244
1	1555	765.642966412347	245
1	1558	766.772451439666	246
1	1563	768.881445427226	247
1	1567	770.150245013068	248
1	1577	776.213437032231	249
1	1584	780.627998083493	250
1	1587	781.717999820801	251
1	1593	783.598446966378	252
1	1599	785.927992373251	253
1	1603	787.61429318897	254
1	1610	791.546556889732	255
1	1616	793.707802006538	256
1	1623	799.263478445157	257
1	1628	801.467601941	258
1	1637	804.050546727509	259
1	1642	805.461430713872	260
1	1646	806.493507316732	261
1	1657	811.473630699552	262
1	1669	817.999086142178	263
1	1678	820.620770277271	264
1	1686	823.750330064951	265
1	1691	826.111484113536	266
1	1699	831.674144984479	267
1	1707	834.920149295041	268
1	1711	838.404162493047	269
1	1718	839.323397481311	270
1	1724	840.934055032862	271
1	1729	843.603678382984	272
1	1736	847.660637266269	273
1	1746	854.779038095863	274
1	1752	858.615466621954	275
1	1761	863.888690562444	276
1	1767	867.067523064674	277
1	1770	868.940130703356	278
1	1773	870.211406025126	279
1	1777	872.245726546059	280
1	1785	873.555354629379	281
1	1791	874.954214338568	282
1	1796	876.855972412986	283
1	1800	878.07596414283	284
1	1805	880.074789364308	285
1	1811	881.712156974211	286
1	1821	883.111907124486	287
1	1825	885.001374278554	288
1	1828	885.958655996531	289
1	1833	887.040594382467	290
1	1843	892.232200614615	291
1	1847	893.401922834769	292
1	1855	895.269687042611	293
1	1862	900.75471928948	294
1	1868	903.914609196698	295
1	1878	909.884739954429	296
1	1884	913.572341558065	297
1	1895	917.992078150201	298
1	1905	919.168980807941	299
1	1918	922.934151976732	300
1	1923	925.814180571769	301
1	1932	927.459937211492	302
1	1942	934.385581769908	303
1	1950	939.079046235228	304
1	1955	940.589593690656	305
1	1965	943.505010380078	306
1	1973	947.236869774245	307
1	1977	948.386532607933	308
1	1981	950.020504238916	309
1	1985	951.473586412278	310
1	1992	955.516645381477	311
1	1997	958.835650308473	312
1	2003	960.304062815964	313
1	2007	962.035709754337	314
1	2010	963.41624537377	315
1	2014	965.275810369126	316
1	2026	977.26175081491	317
1	2031	978.846714785058	318
1	2035	980.319403494786	319
1	2039	983.033956033122	320
1	2048	986.362716760529	321
1	2052	987.762911275729	322
1	2060	991.484946536204	323
1	2065	994.526730360513	324
1	2072	996.597472635089	325
2	3	1.38063236768	1
2	9	4.815174888557	2
2	24	14.766817341677	3
2	37	16.436456811909	4
2	40	17.884749876616	5
2	45	23.033758147365	6
2	51	24.914851060585	7
2	56	27.805992971233	8
2	63	32.361975454477	9
2	69	35.210591363712	10
2	73	36.696917046927	11
2	80	38.042099390322	12
2	84	39.624191145195	13
2	90	41.515065405041	14
2	102	51.60033726798	15
2	108	52.906636866497	16
2	115	58.072782569142	17
2	119	59.156161907184	18
2	123	60.498964173832	19
2	127	62.091511646895	20
2	133	63.882222052408	21
2	139	67.390708841591	22
2	143	68.7687637956	23
2	147	70.697450202356	24
2	151	72.006721062152	25
2	158	73.371772666224	26
2	162	74.744010984213	27
2	165	76.626808683924	28
2	169	78.358106477019	29
2	180	85.25002713613	30
2	188	89.571812087605	31
2	194	92.024008120462	32
2	198	93.18585653845	33
2	205	97.119656305211	34
2	217	103.681360691013	35
2	234	113.622684982543	36
2	242	118.466127698409	37
2	250	125.963602466536	38
2	254	126.959022475385	39
2	259	128.341464117382	40
2	266	130.228874146797	41
2	272	131.140779375852	42
2	275	132.875098806288	43
2	283	136.991821953858	44
2	292	142.856566683595	45
2	298	146.776051883295	46
2	304	148.158072916041	47
2	314	157.430901337773	48
2	317	158.828885310765	49
2	321	160.556003007335	50
2	329	165.384087696113	51
2	336	169.129577010007	52
2	344	170.319049025565	53
2	352	172.880045284303	54
2	363	180.474851282145	55
2	366	182.075743870293	56
2	370	183.707264058006	57
2	378	186.089026636752	58
2	384	187.939310418477	59
2	393	194.928056393248	60
2	408	205.714523152821	61
2	415	209.269810095328	62
2	421	210.540111525703	63
2	424	211.822467799484	64
2	432	214.496665620495	65
2	437	218.054217750584	66
2	443	219.913885674742	67
2	446	221.447712442429	68
2	452	223.31939256932	69
2	456	224.620170749243	70
2	462	226.464612576981	71
2	468	230.048445336281	72
2	477	235.607172199711	73
2	482	239.260873114655	74
2	488	242.47231736788	75
2	496	245.80612549819	76
2	500	247.666822122053	77
2	505	249.314817772437	78
2	515	250.4339124145	79
2	526	255.768289262635	80
2	539	262.720494334841	81
2	542	264.504571918208	82
2	548	266.21505048754	83
2	555	270.15470000898	84
2	559	272.197863935957	85
2	563	274.046998210732	86
2	566	275.680269700713	87
2	572	279.949213638746	88
2	575	281.001887380709	89
2	584	283.056468814058	90
2	590	285.851733795584	91
2	596	290.484667363367	92
2	600	291.754968105897	93
2	607	295.653554163971	94
2	612	298.989625882616	95
2	617	302.307788722364	96
2	623	303.427547634451	97
2	629	306.396119490299	98
2	635	309.362781432407	99
2	641	312.64389660424	100
2	645	313.96211412904	101
2	651	317.314529716562	102
2	657	318.665784545839	103
2	661	321.878355725955	104
2	674	331.858438941669	105
2	680	335.537295166753	106
2	684	337.14215841844	107
2	689	341.080387125048	108
2	696	345.456231308137	109
2	700	346.728091681826	110
2	704	347.979192399507	111
2	710	351.387372786648	112
2	714	352.883380795727	113
2	719	354.432731276565	114
2	723	355.816302286927	115
2	731	357.299093753377	116
2	736	360.236233523532	117
2	742	361.601197688857	118
2	746	363.656264181191	119
2	754	368.646114911728	120
2	761	371.046523532138	121
2	766	374.806654447416	122
2	771	377.812803579463	123
2	780	383.016613525067	124
2	788	384.085068224802	125
2	792	387.595500228812	126
2	798	390.788613083178	127
2	806	392.315926694096	128
2	812	396.288251774717	129
2	816	399.663165783324	130
2	821	402.341268241283	131
2	825	404.10857620106	132
2	829	405.939440215736	133
2	834	410.315129967517	134
2	837	411.423146464278	135
2	847	417.241793072964	136
2	852	420.629357298845	137
2	859	423.974848997879	138
2	870	429.691790159922	139
2	879	431.883764742895	140
2	888	436.711500996874	141
2	893	437.810616589681	142
2	901	439.667317586731	143
2	908	440.871879421623	144
2	913	444.652032817397	145
2	921	446.500298321932	146
2	926	447.875345242973	147
2	940	457.100628138665	148
2	948	461.033966640879	149
2	953	464.329549696969	150
2	959	467.414130038272	151
2	968	472.956174379621	152
2	974	475.220532193949	153
2	978	476.934011390198	154
2	996	492.295643267826	155
2	1000	494.968567446925	156
2	1005	496.845144507136	157
2	1016	507.173234904603	158
2	1022	508.386575927547	159
2	1031	514.720924081484	160
2	1035	516.517495935192	161
2	1038	517.869061735197	162
2	1044	519.782969424632	163
2	1051	524.614687966823	164
2	1059	528.6924205487	165
2	1065	532.466856382789	166
2	1072	537.281278422539	167
2	1081	541.727227368506	168
2	1085	543.370485664408	169
2	1094	547.347174549908	170
2	1098	549.267301845438	171
2	1106	551.205581411097	172
2	1111	554.165392778011	173
2	1118	555.699050791101	174
2	1125	556.977471838142	175
2	1128	558.198975346776	176
2	1136	562.773624667579	177
2	1141	564.045088533245	178
2	1150	570.787559182582	179
2	1154	572.652090122603	180
2	1158	574.24074967004	181
2	1163	576.722192830018	182
2	1166	578.062037510004	183
2	1176	585.331870713463	184
2	1180	587.021159742995	185
2	1183	588.695818524155	186
2	1187	590.293645691938	187
2	1191	592.899398194122	188
2	1201	597.857130829912	189
2	1208	599.673419775129	190
2	1212	600.516989741578	191
2	1220	603.68714517725	192
2	1226	605.473907768905	193
2	1230	607.366422005388	194
2	1235	609.20807756568	195
2	1240	610.502240616546	196
2	1244	612.435214534853	197
2	1251	616.903734140027	198
2	1256	620.031194576273	199
2	1264	622.337512887627	200
2	1268	623.82005949447	201
2	1271	624.955305706315	202
2	1275	627.465578942744	203
2	1280	628.795463944252	204
2	1285	632.383572085817	205
2	1288	633.399131901528	206
2	1298	634.518272836772	207
2	1304	636.202050333382	208
2	1308	638.082537208906	209
2	1314	639.827536864917	210
2	1323	644.486488324312	211
2	1330	645.962434315459	212
2	1336	648.844842123555	213
2	1342	654.576114712557	214
2	1348	657.713160760484	215
2	1353	659.381466297544	216
2	1361	660.770269378468	217
2	1369	663.916862679915	218
2	1379	669.263920687253	219
2	1384	670.748508385264	220
2	1388	672.20592312514	221
2	1397	676.404383865122	222
2	1407	679.235176693867	223
2	1417	686.144812180286	224
2	1423	690.584142407737	225
2	1434	698.303602989844	226
2	1442	704.051572209058	227
2	1448	706.732850202864	228
2	1453	709.583049993566	229
2	1477	729.458976972778	230
2	1485	733.955061104908	231
2	1492	737.396886863242	232
2	1498	739.231717151515	233
2	1502	740.396688713126	234
2	1506	743.03327737874	235
2	1510	744.914595831881	236
2	1517	748.779170562541	237
2	1524	751.711707091405	238
2	1530	755.544727956691	239
2	1534	756.860462579398	240
2	1538	758.044465911715	241
2	1541	759.269447412844	242
2	1544	760.35390844724	243
2	1548	761.721477010379	244
2	1555	765.642966412347	245
2	1558	766.772451439666	246
2	1563	768.881445427226	247
2	1567	770.150245013068	248
2	1577	776.213437032231	249
2	1584	780.627998083493	250
2	1587	781.717999820801	251
2	1593	783.598446966378	252
2	1599	785.927992373251	253
2	1603	787.61429318897	254
2	1610	791.546556889732	255
2	1616	793.707802006538	256
2	1623	799.263478445157	257
2	1628	801.467601941	258
2	1637	804.050546727509	259
2	1642	805.461430713872	260
2	1646	806.493507316732	261
2	1657	811.473630699552	262
2	1669	817.999086142178	263
2	1678	820.620770277271	264
2	1686	823.750330064951	265
2	1691	826.111484113536	266
2	1699	831.674144984479	267
2	1707	834.920149295041	268
2	1711	838.404162493047	269
2	1718	839.323397481311	270
2	1724	840.934055032862	271
2	1729	843.603678382984	272
2	1736	847.660637266269	273
2	1746	854.779038095863	274
2	1752	858.615466621954	275
2	1761	863.888690562444	276
2	1767	867.067523064674	277
2	1770	868.940130703356	278
2	1773	870.211406025126	279
2	1777	872.245726546059	280
2	1785	873.555354629379	281
2	1791	874.954214338568	282
2	1796	876.855972412986	283
2	1800	878.07596414283	284
2	1805	880.074789364308	285
2	1811	881.712156974211	286
2	1821	883.111907124486	287
2	1825	885.001374278554	288
2	1828	885.958655996531	289
2	1833	887.040594382467	290
2	1843	892.232200614615	291
2	1847	893.401922834769	292
2	1855	895.269687042611	293
2	1862	900.75471928948	294
2	1868	903.914609196698	295
2	1878	909.884739954429	296
2	1884	913.572341558065	297
2	1895	917.992078150201	298
2	1905	919.168980807941	299
2	1918	922.934151976732	300
2	1923	925.814180571769	301
2	1932	927.459937211492	302
2	1942	934.385581769908	303
2	1950	939.079046235228	304
2	1955	940.589593690656	305
2	1965	943.505010380078	306
2	1973	947.236869774245	307
2	1977	948.386532607933	308
2	1981	950.020504238916	309
2	1985	951.473586412278	310
2	1992	955.516645381477	311
2	1997	958.835650308473	312
2	2003	960.304062815964	313
2	2007	962.035709754337	314
2	2010	963.41624537377	315
2	2014	965.275810369126	316
2	2026	977.26175081491	317
2	2031	978.846714785058	318
2	2035	980.319403494786	319
2	2039	983.033956033122	320
2	2048	986.362716760529	321
2	2052	987.762911275729	322
2	2060	991.484946536204	323
2	2065	994.526730360513	324
2	2072	996.597472635089	325
3	4	1.461534290573	1
3	10	4.929901510406	2
3	12	5.054059719827	3
3	25	14.875865322337	4
3	27	15.133630331516	5
3	29	15.34712355937	6
3	31	15.617076421791	7
3	46	23.18714613438	8
3	48	23.554948117024	9
3	52	25.018708494972	10
3	57	27.827046411229	11
3	64	32.555725813125	12
3	70	35.412582041354	13
3	74	36.749307702022	14
3	76	36.998734211006	15
3	81	38.17459545917	16
3	85	39.818557702334	17
3	91	41.581769525654	18
3	103	51.67267046223	19
3	105	51.785623384857	20
3	109	53.050710763306	21
3	116	58.10270488676	22
3	120	59.181931875056	23
3	124	60.700159567041	24
3	128	62.254806027859	25
3	130	62.338129623974	26
3	134	64.084004095942	27
3	140	67.546700788082	28
3	144	68.948743355556	29
3	148	70.891625979375	30
3	152	72.1076562646	31
3	159	73.404806511767	32
3	166	76.799457375371	33
3	170	78.558116911895	34
3	172	78.741268056541	35
3	174	78.853296432437	36
3	181	85.359746767923	37
3	189	89.666097197391	38
3	195	92.205825852489	39
3	206	97.201168916244	40
3	208	97.487569621564	41
3	218	103.801421991666	42
3	235	113.738256269913	43
3	251	125.996837979836	44
3	255	127.102290411759	45
3	260	128.498623409891	46
3	267	130.365464119088	47
3	276	133.014610604193	48
3	284	137.087215109657	49
3	293	142.989999826926	50
3	299	146.802851029018	51
3	318	159.031002983383	52
3	322	160.643739871162	53
3	324	160.906941419961	54
3	330	165.412593418507	55
3	337	169.186095416628	56
3	339	169.391602028823	57
3	341	169.628321728107	58
3	345	170.425084375048	59
3	353	172.999630240137	60
3	355	173.20290937641	61
3	367	182.230452193641	62
3	371	183.811054710667	63
3	373	184.013652110866	64
3	379	186.258328950257	65
3	385	187.973052230335	66
3	394	194.978083729659	67
3	409	205.839191438239	68
3	416	209.371169118852	69
3	425	211.886447997335	70
3	427	212.079672452222	71
3	438	218.240405758266	72
3	447	221.597305335858	73
3	453	223.400880954483	74
3	457	224.810923619718	75
3	459	225.096482161563	76
3	463	226.500117569972	77
3	469	230.1433721374	78
3	478	235.711206360394	79
3	483	239.415710189265	80
3	489	242.635455121029	81
3	497	245.942549692958	82
3	501	247.760353034788	83
3	506	249.50559549227	84
3	508	249.836055855682	85
3	510	250.018823911316	86
3	513	250.341822221478	87
3	517	250.611951294547	88
3	527	255.899980997584	89
3	531	256.600193734813	90
3	543	264.620145984996	91
3	549	266.408036822589	92
3	556	270.211954615379	93
3	560	272.307165757975	94
3	567	275.738464051127	95
3	576	281.109190708364	96
3	578	281.4093533553	97
3	585	283.200050956996	98
3	591	286.005109490191	99
3	597	290.537911471517	100
3	601	291.897380225014	101
3	608	295.815604023205	102
3	618	302.439239774097	103
3	620	302.684768976811	104
3	624	303.555826279716	105
3	630	306.443311331913	106
3	636	309.48606141291	107
3	642	312.666883807163	108
3	646	314.141291153099	109
3	652	317.362647654867	110
3	654	317.551579898594	111
3	662	321.948402376881	112
3	675	331.94866961567	113
3	681	335.679994117362	114
3	685	337.288240302606	115
3	690	341.153078908608	116
3	697	345.565883575194	117
3	701	346.777344726553	118
3	705	348.113995430133	119
3	711	351.568306844596	120
3	715	352.918749854693	121
3	720	354.492825211897	122
3	724	355.905288948906	123
3	726	356.109600499424	124
3	732	357.427281928005	125
3	737	360.402824255565	126
3	739	360.669394752355	127
3	743	361.684595325124	128
3	747	363.825189275246	129
3	755	368.702539819146	130
3	762	371.219926669252	131
3	767	374.937277706199	132
3	772	378.018923580622	133
3	774	378.275900683662	134
3	781	383.19950108331	135
3	783	383.435733231095	136
3	793	387.697172541895	137
3	799	390.855390400267	138
3	801	391.057702919862	139
3	803	391.227062583086	140
3	807	392.448325374794	141
3	817	399.814466353751	142
3	822	402.431398047519	143
3	826	404.133330156656	144
3	838	411.632286672872	145
3	848	417.34656001999	146
3	853	420.677122203402	147
3	860	424.147614594761	148
3	862	424.274487487344	149
3	871	429.721534584958	150
3	880	432.01200750903	151
3	882	432.266514524783	152
3	889	436.902882693616	153
3	894	437.98668583559	154
3	896	438.40185355954	155
3	898	438.693821604705	156
3	902	439.80261969241	157
3	904	440.074942223191	158
3	909	441.015728888236	159
3	914	444.726116012695	160
3	916	444.955065785958	161
3	922	446.686075611604	162
3	927	448.009984724556	163
3	929	448.383527945526	164
3	941	457.140091161016	165
3	949	461.223663230892	166
3	954	464.475469602446	167
3	960	467.533135840013	168
3	962	467.699572182782	169
3	969	472.993425144568	170
3	975	475.253384146706	171
3	979	477.065468117954	172
3	1001	495.128029927593	173
3	1006	497.036196198616	174
3	1017	507.360430738396	175
3	1019	507.574281174279	176
3	1023	508.568900857443	177
3	1025	508.686352632866	178
3	1032	514.868343267718	179
3	1039	518.069923858923	180
3	1052	524.806168854141	181
3	1066	532.624533352577	182
3	1073	537.322189692409	183
3	1082	541.758611224897	184
3	1086	543.404859298097	185
3	1088	543.673885022911	186
3	1095	547.39662850243	187
3	1099	549.297922177631	188
3	1101	549.470537813012	189
3	1103	549.672374590395	190
3	1107	551.363307486991	191
3	1112	554.244353614937	192
3	1119	555.794670094408	193
3	1129	558.325853543313	194
3	1137	562.80252664947	195
3	1142	564.118413858382	196
3	1151	570.840377685014	197
3	1155	572.804179628716	198
3	1159	574.32543287357	199
3	1167	578.218427855909	200
3	1177	585.477265324263	201
3	1184	588.896370750346	202
3	1192	592.964562943495	203
3	1194	593.15180047664	204
3	1196	593.397930706086	205
3	1202	597.977356888672	206
3	1209	599.818382568159	207
3	1213	600.681643182541	208
3	1221	603.733726200974	209
3	1223	603.908748259047	210
3	1227	605.502281907268	211
3	1231	607.479961109745	212
3	1236	609.262404660621	213
3	1241	610.666429097116	214
3	1252	617.001900537036	215
3	1257	620.160402155909	216
3	1259	620.211155091373	217
3	1265	622.44858260184	218
3	1276	627.561454005472	219
3	1281	628.860680766718	220
3	1289	633.538181194948	221
3	1291	633.692051872771	222
3	1293	633.945146226705	223
3	1299	634.588583710788	224
3	1305	636.340325565332	225
3	1309	638.200623701321	226
3	1311	638.371475379682	227
3	1315	639.930719247035	228
3	1324	644.592714810915	229
3	1331	646.064556723257	230
3	1343	654.64877811636	231
3	1349	657.836202494302	232
3	1354	659.538933783504	233
3	1356	659.672591054295	234
3	1358	659.907667576431	235
3	1362	660.972440436096	236
3	1370	664.112007746594	237
3	1380	669.440069299885	238
3	1385	670.934160254339	239
3	1389	672.276365181463	240
3	1391	672.570440456674	241
3	1398	676.610554319429	242
3	1400	676.844353119305	243
3	1402	677.142595744466	244
3	1408	679.307768394928	245
3	1418	686.251921484922	246
3	1424	690.755977009695	247
3	1435	698.385173152736	248
3	1443	704.25320954373	249
3	1449	706.870354790848	250
3	1454	709.676018401598	251
3	1478	729.503177373707	252
3	1486	734.141073949526	253
3	1488	734.272217023054	254
3	1493	737.59062985293	255
3	1499	739.439228610464	256
3	1507	743.109567029519	257
3	1511	745.110129919023	258
3	1518	748.89944351786	259
3	1525	751.819494300588	260
3	1531	755.630455369685	261
3	1535	757.050136810952	262
3	1545	760.436749826291	263
3	1549	761.91362694685	264
3	1564	769.039491657902	265
3	1568	770.341637755375	266
3	1578	776.416813460586	267
3	1588	781.902904288684	268
3	1590	782.166132966903	269
3	1594	783.764008249958	270
3	1600	786.02827738951	271
3	1604	787.698713206964	272
3	1611	791.710018050958	273
3	1617	793.906945463175	274
3	1624	799.384931466992	275
3	1629	801.53994131868	276
3	1638	804.082151196636	277
3	1643	805.521722794923	278
3	1647	806.569133742401	279
3	1649	806.82051551553	280
3	1651	807.024062057981	281
3	1658	811.51847378429	282
3	1660	811.815596021793	283
3	1670	818.18301602646	284
3	1672	818.370838394896	285
3	1674	818.614364473272	286
3	1679	820.81448302563	287
3	1687	823.947578922759	288
3	1692	826.175208580056	289
3	1700	831.80718140125	290
3	1702	831.856806095338	291
3	1712	838.43714481993	292
3	1719	839.400897468468	293
3	1725	841.08756998141	294
3	1730	843.756465849348	295
3	1737	847.860764859178	296
3	1747	854.809357575872	297
3	1753	858.659109670737	298
3	1762	864.086978618943	299
3	1774	870.256293648326	300
3	1778	872.336458973536	301
3	1780	872.598901451337	302
3	1786	873.658233760783	303
3	1792	875.035069492705	304
3	1797	877.057382278811	305
3	1801	878.221861381732	306
3	1806	880.27345354077	307
3	1808	880.47705719186	308
3	1812	881.794438119066	309
3	1814	881.914311043553	310
3	1816	882.058637300886	311
3	1818	882.192355280523	312
3	1822	883.272437236068	313
3	1829	886.070126643215	314
3	1834	887.153856079182	315
3	1836	887.497697284219	316
3	1844	892.425948815474	317
3	1848	893.449767215582	318
3	1850	893.58453472123	319
3	1852	893.757414700956	320
3	1863	900.842123161637	321
3	1869	903.993342264092	322
3	1885	913.754167738145	323
3	1887	913.956198895016	324
3	1889	914.246132557177	325
3	1896	918.123685057179	326
3	1898	918.375811328483	327
3	1900	918.722059764923	328
3	1902	918.889771567807	329
3	1907	919.358265776299	330
3	1911	919.99836455884	331
3	1924	925.862143346133	332
3	1926	926.262813635477	333
3	1933	927.480723272472	334
3	1943	934.40802231885	335
3	1951	939.155016735998	336
3	1956	940.645895119208	337
3	1958	940.934079569701	338
3	1960	941.12458088665	339
3	1966	943.612138996913	340
3	1968	943.792452085127	341
3	1974	947.352392825755	342
3	1978	948.549922389884	343
3	1982	950.220939017449	344
3	1986	951.576663970974	345
3	1998	959.037504222587	346
3	2004	960.324863351205	347
3	2011	963.490297925794	348
3	2027	977.439378964296	349
3	2032	978.972433533355	350
3	2040	983.226623015022	351
3	2049	986.525281161553	352
3	2053	987.949159847953	353
3	2055	988.219140061956	354
3	2061	991.521686014513	355
3	2066	994.600127580427	356
3	2068	994.870918456372	357
3	2073	996.657687823063	358
3	2075	996.863079846823	359
4	4	1.461534290573	1
4	10	4.929901510406	2
4	12	5.054059719827	3
4	25	14.875865322337	4
4	27	15.133630331516	5
4	29	15.34712355937	6
4	31	15.617076421791	7
4	46	23.18714613438	8
4	48	23.554948117024	9
4	52	25.018708494972	10
4	57	27.827046411229	11
4	64	32.555725813125	12
4	70	35.412582041354	13
4	74	36.749307702022	14
4	76	36.998734211006	15
4	81	38.17459545917	16
4	85	39.818557702334	17
4	91	41.581769525654	18
4	103	51.67267046223	19
4	105	51.785623384857	20
4	109	53.050710763306	21
4	116	58.10270488676	22
4	120	59.181931875056	23
4	124	60.700159567041	24
4	128	62.254806027859	25
4	130	62.338129623974	26
4	134	64.084004095942	27
4	140	67.546700788082	28
4	144	68.948743355556	29
4	148	70.891625979375	30
4	152	72.1076562646	31
4	159	73.404806511767	32
4	166	76.799457375371	33
4	170	78.558116911895	34
4	172	78.741268056541	35
4	174	78.853296432437	36
4	181	85.359746767923	37
4	189	89.666097197391	38
4	195	92.205825852489	39
4	206	97.201168916244	40
4	208	97.487569621564	41
4	218	103.801421991666	42
4	235	113.738256269913	43
4	251	125.996837979836	44
4	255	127.102290411759	45
4	260	128.498623409891	46
4	267	130.365464119088	47
4	276	133.014610604193	48
4	284	137.087215109657	49
4	293	142.989999826926	50
4	299	146.802851029018	51
4	318	159.031002983383	52
4	322	160.643739871162	53
4	324	160.906941419961	54
4	330	165.412593418507	55
4	337	169.186095416628	56
4	339	169.391602028823	57
4	341	169.628321728107	58
4	345	170.425084375048	59
4	353	172.999630240137	60
4	355	173.20290937641	61
4	367	182.230452193641	62
4	371	183.811054710667	63
4	373	184.013652110866	64
4	379	186.258328950257	65
4	385	187.973052230335	66
4	394	194.978083729659	67
4	409	205.839191438239	68
4	416	209.371169118852	69
4	425	211.886447997335	70
4	427	212.079672452222	71
4	438	218.240405758266	72
4	447	221.597305335858	73
4	453	223.400880954483	74
4	457	224.810923619718	75
4	459	225.096482161563	76
4	463	226.500117569972	77
4	469	230.1433721374	78
4	478	235.711206360394	79
4	483	239.415710189265	80
4	489	242.635455121029	81
4	497	245.942549692958	82
4	501	247.760353034788	83
4	506	249.50559549227	84
4	508	249.836055855682	85
4	510	250.018823911316	86
4	513	250.341822221478	87
4	517	250.611951294547	88
4	527	255.899980997584	89
4	531	256.600193734813	90
4	543	264.620145984996	91
4	549	266.408036822589	92
4	556	270.211954615379	93
4	560	272.307165757975	94
4	567	275.738464051127	95
4	576	281.109190708364	96
4	578	281.4093533553	97
4	585	283.200050956996	98
4	591	286.005109490191	99
4	597	290.537911471517	100
4	601	291.897380225014	101
4	608	295.815604023205	102
4	618	302.439239774097	103
4	620	302.684768976811	104
4	624	303.555826279716	105
4	630	306.443311331913	106
4	636	309.48606141291	107
4	642	312.666883807163	108
4	646	314.141291153099	109
4	652	317.362647654867	110
4	654	317.551579898594	111
4	662	321.948402376881	112
4	675	331.94866961567	113
4	681	335.679994117362	114
4	685	337.288240302606	115
4	690	341.153078908608	116
4	697	345.565883575194	117
4	701	346.777344726553	118
4	705	348.113995430133	119
4	711	351.568306844596	120
4	715	352.918749854693	121
4	720	354.492825211897	122
4	724	355.905288948906	123
4	726	356.109600499424	124
4	732	357.427281928005	125
4	737	360.402824255565	126
4	739	360.669394752355	127
4	743	361.684595325124	128
4	747	363.825189275246	129
4	755	368.702539819146	130
4	762	371.219926669252	131
4	767	374.937277706199	132
4	772	378.018923580622	133
4	774	378.275900683662	134
4	781	383.19950108331	135
4	783	383.435733231095	136
4	793	387.697172541895	137
4	799	390.855390400267	138
4	801	391.057702919862	139
4	803	391.227062583086	140
4	807	392.448325374794	141
4	817	399.814466353751	142
4	822	402.431398047519	143
4	826	404.133330156656	144
4	838	411.632286672872	145
4	848	417.34656001999	146
4	853	420.677122203402	147
4	860	424.147614594761	148
4	862	424.274487487344	149
4	871	429.721534584958	150
4	880	432.01200750903	151
4	882	432.266514524783	152
4	889	436.902882693616	153
4	894	437.98668583559	154
4	896	438.40185355954	155
4	898	438.693821604705	156
4	902	439.80261969241	157
4	904	440.074942223191	158
4	909	441.015728888236	159
4	914	444.726116012695	160
4	916	444.955065785958	161
4	922	446.686075611604	162
4	927	448.009984724556	163
4	929	448.383527945526	164
4	941	457.140091161016	165
4	949	461.223663230892	166
4	954	464.475469602446	167
4	960	467.533135840013	168
4	962	467.699572182782	169
4	969	472.993425144568	170
4	975	475.253384146706	171
4	979	477.065468117954	172
4	1001	495.128029927593	173
4	1006	497.036196198616	174
4	1017	507.360430738396	175
4	1019	507.574281174279	176
4	1023	508.568900857443	177
4	1025	508.686352632866	178
4	1032	514.868343267718	179
4	1039	518.069923858923	180
4	1052	524.806168854141	181
4	1066	532.624533352577	182
4	1073	537.322189692409	183
4	1082	541.758611224897	184
4	1086	543.404859298097	185
4	1088	543.673885022911	186
4	1095	547.39662850243	187
4	1099	549.297922177631	188
4	1101	549.470537813012	189
4	1103	549.672374590395	190
4	1107	551.363307486991	191
4	1112	554.244353614937	192
4	1119	555.794670094408	193
4	1129	558.325853543313	194
4	1137	562.80252664947	195
4	1142	564.118413858382	196
4	1151	570.840377685014	197
4	1155	572.804179628716	198
4	1159	574.32543287357	199
4	1167	578.218427855909	200
4	1177	585.477265324263	201
4	1184	588.896370750346	202
4	1192	592.964562943495	203
4	1194	593.15180047664	204
4	1196	593.397930706086	205
4	1202	597.977356888672	206
4	1209	599.818382568159	207
4	1213	600.681643182541	208
4	1221	603.733726200974	209
4	1223	603.908748259047	210
4	1227	605.502281907268	211
4	1231	607.479961109745	212
4	1236	609.262404660621	213
4	1241	610.666429097116	214
4	1252	617.001900537036	215
4	1257	620.160402155909	216
4	1259	620.211155091373	217
4	1265	622.44858260184	218
4	1276	627.561454005472	219
4	1281	628.860680766718	220
4	1289	633.538181194948	221
4	1291	633.692051872771	222
4	1293	633.945146226705	223
4	1299	634.588583710788	224
4	1305	636.340325565332	225
4	1309	638.200623701321	226
4	1311	638.371475379682	227
4	1315	639.930719247035	228
4	1324	644.592714810915	229
4	1331	646.064556723257	230
4	1343	654.64877811636	231
4	1349	657.836202494302	232
4	1354	659.538933783504	233
4	1356	659.672591054295	234
4	1358	659.907667576431	235
4	1362	660.972440436096	236
4	1370	664.112007746594	237
4	1380	669.440069299885	238
4	1385	670.934160254339	239
4	1389	672.276365181463	240
4	1391	672.570440456674	241
4	1398	676.610554319429	242
4	1400	676.844353119305	243
4	1402	677.142595744466	244
4	1408	679.307768394928	245
4	1418	686.251921484922	246
4	1424	690.755977009695	247
4	1435	698.385173152736	248
4	1443	704.25320954373	249
4	1449	706.870354790848	250
4	1454	709.676018401598	251
4	1478	729.503177373707	252
4	1486	734.141073949526	253
4	1488	734.272217023054	254
4	1493	737.59062985293	255
4	1499	739.439228610464	256
4	1507	743.109567029519	257
4	1511	745.110129919023	258
4	1518	748.89944351786	259
4	1525	751.819494300588	260
4	1531	755.630455369685	261
4	1535	757.050136810952	262
4	1545	760.436749826291	263
4	1549	761.91362694685	264
4	1564	769.039491657902	265
4	1568	770.341637755375	266
4	1578	776.416813460586	267
4	1588	781.902904288684	268
4	1590	782.166132966903	269
4	1594	783.764008249958	270
4	1600	786.02827738951	271
4	1604	787.698713206964	272
4	1611	791.710018050958	273
4	1617	793.906945463175	274
4	1624	799.384931466992	275
4	1629	801.53994131868	276
4	1638	804.082151196636	277
4	1643	805.521722794923	278
4	1647	806.569133742401	279
4	1649	806.82051551553	280
4	1651	807.024062057981	281
4	1658	811.51847378429	282
4	1660	811.815596021793	283
4	1670	818.18301602646	284
4	1672	818.370838394896	285
4	1674	818.614364473272	286
4	1679	820.81448302563	287
4	1687	823.947578922759	288
4	1692	826.175208580056	289
4	1700	831.80718140125	290
4	1702	831.856806095338	291
4	1712	838.43714481993	292
4	1719	839.400897468468	293
4	1725	841.08756998141	294
4	1730	843.756465849348	295
4	1737	847.860764859178	296
4	1747	854.809357575872	297
4	1753	858.659109670737	298
4	1762	864.086978618943	299
4	1774	870.256293648326	300
4	1778	872.336458973536	301
4	1780	872.598901451337	302
4	1786	873.658233760783	303
4	1792	875.035069492705	304
4	1797	877.057382278811	305
4	1801	878.221861381732	306
4	1806	880.27345354077	307
4	1808	880.47705719186	308
4	1812	881.794438119066	309
4	1814	881.914311043553	310
4	1816	882.058637300886	311
4	1818	882.192355280523	312
4	1822	883.272437236068	313
4	1829	886.070126643215	314
4	1834	887.153856079182	315
4	1836	887.497697284219	316
4	1844	892.425948815474	317
4	1848	893.449767215582	318
4	1850	893.58453472123	319
4	1852	893.757414700956	320
4	1863	900.842123161637	321
4	1869	903.993342264092	322
4	1885	913.754167738145	323
4	1887	913.956198895016	324
4	1889	914.246132557177	325
4	1896	918.123685057179	326
4	1898	918.375811328483	327
4	1900	918.722059764923	328
4	1902	918.889771567807	329
4	1907	919.358265776299	330
4	1911	919.99836455884	331
4	1924	925.862143346133	332
4	1926	926.262813635477	333
4	1933	927.480723272472	334
4	1943	934.40802231885	335
4	1951	939.155016735998	336
4	1956	940.645895119208	337
4	1958	940.934079569701	338
4	1960	941.12458088665	339
4	1966	943.612138996913	340
4	1968	943.792452085127	341
4	1974	947.352392825755	342
4	1978	948.549922389884	343
4	1982	950.220939017449	344
4	1986	951.576663970974	345
4	1998	959.037504222587	346
4	2004	960.324863351205	347
4	2011	963.490297925794	348
4	2027	977.439378964296	349
4	2032	978.972433533355	350
4	2040	983.226623015022	351
4	2049	986.525281161553	352
4	2053	987.949159847953	353
4	2055	988.219140061956	354
4	2061	991.521686014513	355
4	2066	994.600127580427	356
4	2068	994.870918456372	357
4	2073	996.657687823063	358
4	2075	996.863079846823	359
5	5	1.520417531422	1
5	26	14.987648590367	2
5	30	15.500266504638	3
5	77	37.098750500853	4
5	129	62.282867574116	5
5	155	72.516671645514	6
5	182	85.444282789431	7
5	190	89.742434620329	8
5	207	97.310600966492	9
5	209	97.608722753697	10
5	256	127.16249395187	11
5	263	128.787638151958	12
5	338	169.217714631814	13
5	354	173.074613811726	14
5	428	212.148616040923	15
5	464	226.620780306071	16
5	502	247.952525976032	17
5	514	250.416673008156	18
5	530	256.484572064987	19
5	586	283.369047016702	20
5	602	291.995923554414	21
5	619	302.62408106599	22
5	625	303.683492338596	23
5	637	309.668388803049	24
5	663	322.037703255776	25
5	706	348.304680782809	26
5	716	353.128539378611	27
5	738	360.504353987227	28
5	773	378.170581162219	29
5	782	383.364238938045	30
5	800	390.941271182429	31
5	863	424.34730944835	32
5	881	432.08165064842	33
5	890	436.956865207684	34
5	905	440.126406885377	35
5	915	444.890698548834	36
5	923	446.863113951553	37
5	961	467.631870914449	38
5	1002	495.192826575418	39
5	1024	508.664266350226	40
5	1053	524.857775699077	41
5	1122	556.10933249466	42
5	1195	593.295339833774	43
5	1237	609.332492020385	44
5	1258	620.190179852566	45
5	1277	627.636900606649	46
5	1310	638.260187139475	47
5	1327	644.959639295329	48
5	1350	657.962731803502	49
5	1357	659.783078820619	50
5	1371	664.199077408507	51
5	1390	672.398235683457	52
5	1425	690.939410930126	53
5	1444	704.310149513219	54
5	1595	783.804206257715	55
5	1612	791.822714564724	56
5	1618	794.10437656055	57
5	1639	804.260026176923	58
5	1659	811.617722937036	59
5	1682	821.234841203867	60
5	1701	831.83078681407	61
5	1731	843.904754191251	62
5	1793	875.139567479434	63
5	1802	878.364902494069	64
5	1817	882.150624996654	65
5	1835	887.354587377291	66
5	1851	893.62471947852	67
5	1899	918.569476099508	68
5	1901	918.824008828805	69
5	1910	919.876873933441	70
5	1925	926.064808115155	71
5	1944	934.526747294559	72
5	1959	941.024899663536	73
5	1987	951.643244565475	74
5	2028	977.524070389469	75
5	2054	988.053905746579	76
6	5	1.520417531422	1
6	26	14.987648590367	2
6	30	15.500266504638	3
6	77	37.098750500853	4
6	129	62.282867574116	5
6	155	72.516671645514	6
6	182	85.444282789431	7
6	190	89.742434620329	8
6	207	97.310600966492	9
6	209	97.608722753697	10
6	256	127.16249395187	11
6	263	128.787638151958	12
6	338	169.217714631814	13
6	354	173.074613811726	14
6	428	212.148616040923	15
6	464	226.620780306071	16
6	502	247.952525976032	17
6	514	250.416673008156	18
6	530	256.484572064987	19
6	586	283.369047016702	20
6	602	291.995923554414	21
6	619	302.62408106599	22
6	625	303.683492338596	23
6	637	309.668388803049	24
6	663	322.037703255776	25
6	706	348.304680782809	26
6	716	353.128539378611	27
6	738	360.504353987227	28
6	773	378.170581162219	29
6	782	383.364238938045	30
6	800	390.941271182429	31
6	863	424.34730944835	32
6	881	432.08165064842	33
6	890	436.956865207684	34
6	905	440.126406885377	35
6	915	444.890698548834	36
6	923	446.863113951553	37
6	961	467.631870914449	38
6	1002	495.192826575418	39
6	1024	508.664266350226	40
6	1053	524.857775699077	41
6	1122	556.10933249466	42
6	1195	593.295339833774	43
6	1237	609.332492020385	44
6	1258	620.190179852566	45
6	1277	627.636900606649	46
6	1310	638.260187139475	47
6	1327	644.959639295329	48
6	1350	657.962731803502	49
6	1357	659.783078820619	50
6	1371	664.199077408507	51
6	1390	672.398235683457	52
6	1425	690.939410930126	53
6	1444	704.310149513219	54
6	1595	783.804206257715	55
6	1612	791.822714564724	56
6	1618	794.10437656055	57
6	1639	804.260026176923	58
6	1659	811.617722937036	59
6	1682	821.234841203867	60
6	1701	831.83078681407	61
6	1731	843.904754191251	62
6	1793	875.139567479434	63
6	1802	878.364902494069	64
6	1817	882.150624996654	65
6	1835	887.354587377291	66
6	1851	893.62471947852	67
6	1899	918.569476099508	68
6	1901	918.824008828805	69
6	1910	919.876873933441	70
6	1925	926.064808115155	71
6	1944	934.526747294559	72
6	1959	941.024899663536	73
6	1987	951.643244565475	74
6	2028	977.524070389469	75
6	2054	988.053905746579	76
7	11	4.984945084347	1
7	28	15.304421447519	2
7	32	15.806085233021	3
7	47	23.352488508335	4
7	75	36.953282910757	5
7	86	39.995545169407	6
7	104	51.70195539865	7
7	153	72.23469772542	8
7	171	78.713588297023	9
7	173	78.804704004161	10
7	219	103.860224271726	11
7	261	128.59203479725	12
7	268	130.563667610875	13
7	300	146.864708343358	14
7	323	160.770790817987	15
7	331	165.461638226293	16
7	340	169.596636876821	17
7	346	170.532020884273	18
7	372	183.840755569013	19
7	380	186.425234397634	20
7	395	195.024718724588	21
7	417	209.423269154768	22
7	426	211.940943814136	23
7	439	218.443967452055	24
7	448	221.715601463925	25
7	458	224.988471698645	26
7	490	242.692476480325	27
7	507	249.692034150612	28
7	509	249.921646807381	29
7	511	250.158716079864	30
7	518	250.665691889174	31
7	528	256.091578633381	32
7	532	256.792962533512	33
7	544	264.768672584908	34
7	577	281.21635419606	35
7	579	281.571804597213	36
7	653	317.441636566751	37
7	725	355.975546912274	38
7	727	356.181158128162	39
7	748	363.95264928802	40
7	756	368.734852241715	41
7	784	383.532797339112	42
7	802	391.164184979203	43
7	854	420.856344941633	44
7	861	424.200655984949	45
7	872	429.892895095748	46
7	883	432.368689910425	47
7	895	438.19267800873	48
7	897	438.583125174766	49
7	903	439.949706369654	50
7	917	444.979848927501	51
7	928	448.188628189074	52
7	930	448.58070779649	53
7	942	457.333189952369	54
7	1018	507.480003332413	55
7	1040	518.14572023989	56
7	1074	537.475261420357	57
7	1087	543.484028290433	58
7	1100	549.398863058048	59
7	1102	549.635878347912	60
7	1113	554.304962724793	61
7	1120	555.89300079529	62
7	1130	558.426897295822	63
7	1138	562.964688166294	64
7	1168	578.368600479452	65
7	1193	593.077489674074	66
7	1203	598.185505214377	67
7	1214	600.886348999172	68
7	1222	603.852147267932	69
7	1232	607.577465020636	70
7	1290	633.666906294775	71
7	1292	633.856550947667	72
7	1294	633.983933582854	73
7	1300	634.645202304442	74
7	1316	640.004235861912	75
7	1325	644.638453250419	76
7	1355	659.60636033819	77
7	1363	661.001093666854	78
7	1381	669.604593433516	79
7	1399	676.813767704866	80
7	1401	676.964537893073	81
7	1455	709.715608460199	82
7	1479	729.640422783349	83
7	1487	734.175930897482	84
7	1494	737.789314407279	85
7	1519	748.958670214836	86
7	1589	782.005390226537	87
7	1630	801.735337466807	88
7	1648	806.732336332936	89
7	1650	806.965144000948	90
7	1661	811.976561318263	91
7	1671	818.314883504298	92
7	1673	818.527391971021	93
7	1680	821.01252605529	94
7	1713	838.578985379128	95
7	1720	839.589794529208	96
7	1763	864.120376225154	97
7	1779	872.499796204183	98
7	1781	872.737924749285	99
7	1787	873.860151343387	100
7	1807	880.444921555573	101
7	1813	881.829239490205	102
7	1815	881.990256162032	103
7	1830	886.202598702427	104
7	1837	887.628983920291	105
7	1849	893.479641104685	106
7	1870	904.018937303449	107
7	1886	913.785323690831	108
7	1888	914.154370882706	109
7	1890	914.367084150507	110
7	1897	918.31071904283	111
7	1904	919.081301212593	112
7	1908	919.554485741768	113
7	1927	926.456288314014	114
7	1952	939.247850453531	115
7	1957	940.787114992695	116
7	1967	943.74625708962	117
7	1999	959.219606473796	118
7	2041	983.339073601489	119
7	2067	994.77557606343	120
7	2074	996.768593297813	121
8	11	4.984945084347	1
8	28	15.304421447519	2
8	32	15.806085233021	3
8	47	23.352488508335	4
8	75	36.953282910757	5
8	86	39.995545169407	6
8	104	51.70195539865	7
8	153	72.23469772542	8
8	171	78.713588297023	9
8	173	78.804704004161	10
8	219	103.860224271726	11
8	261	128.59203479725	12
8	268	130.563667610875	13
8	300	146.864708343358	14
8	323	160.770790817987	15
8	331	165.461638226293	16
8	340	169.596636876821	17
8	346	170.532020884273	18
8	372	183.840755569013	19
8	380	186.425234397634	20
8	395	195.024718724588	21
8	417	209.423269154768	22
8	426	211.940943814136	23
8	439	218.443967452055	24
8	448	221.715601463925	25
8	458	224.988471698645	26
8	490	242.692476480325	27
8	507	249.692034150612	28
8	509	249.921646807381	29
8	511	250.158716079864	30
8	518	250.665691889174	31
8	528	256.091578633381	32
8	532	256.792962533512	33
8	544	264.768672584908	34
8	577	281.21635419606	35
8	579	281.571804597213	36
8	653	317.441636566751	37
8	725	355.975546912274	38
8	727	356.181158128162	39
8	748	363.95264928802	40
8	756	368.734852241715	41
8	784	383.532797339112	42
8	802	391.164184979203	43
8	854	420.856344941633	44
8	861	424.200655984949	45
8	872	429.892895095748	46
8	883	432.368689910425	47
8	895	438.19267800873	48
8	897	438.583125174766	49
8	903	439.949706369654	50
8	917	444.979848927501	51
8	928	448.188628189074	52
8	930	448.58070779649	53
8	942	457.333189952369	54
8	1018	507.480003332413	55
8	1040	518.14572023989	56
8	1074	537.475261420357	57
8	1087	543.484028290433	58
8	1100	549.398863058048	59
8	1102	549.635878347912	60
8	1113	554.304962724793	61
8	1120	555.89300079529	62
8	1130	558.426897295822	63
8	1138	562.964688166294	64
8	1168	578.368600479452	65
8	1193	593.077489674074	66
8	1203	598.185505214377	67
8	1214	600.886348999172	68
8	1222	603.852147267932	69
8	1232	607.577465020636	70
8	1290	633.666906294775	71
8	1292	633.856550947667	72
8	1294	633.983933582854	73
8	1300	634.645202304442	74
8	1316	640.004235861912	75
8	1325	644.638453250419	76
8	1355	659.60636033819	77
8	1363	661.001093666854	78
8	1381	669.604593433516	79
8	1399	676.813767704866	80
8	1401	676.964537893073	81
8	1455	709.715608460199	82
8	1479	729.640422783349	83
8	1487	734.175930897482	84
8	1494	737.789314407279	85
8	1519	748.958670214836	86
8	1589	782.005390226537	87
8	1630	801.735337466807	88
8	1648	806.732336332936	89
8	1650	806.965144000948	90
8	1661	811.976561318263	91
8	1671	818.314883504298	92
8	1673	818.527391971021	93
8	1680	821.01252605529	94
8	1713	838.578985379128	95
8	1720	839.589794529208	96
8	1763	864.120376225154	97
8	1779	872.499796204183	98
8	1781	872.737924749285	99
8	1787	873.860151343387	100
8	1807	880.444921555573	101
8	1813	881.829239490205	102
8	1815	881.990256162032	103
8	1830	886.202598702427	104
8	1837	887.628983920291	105
8	1849	893.479641104685	106
8	1870	904.018937303449	107
8	1886	913.785323690831	108
8	1888	914.154370882706	109
8	1890	914.367084150507	110
8	1897	918.31071904283	111
8	1904	919.081301212593	112
8	1908	919.554485741768	113
8	1927	926.456288314014	114
8	1952	939.247850453531	115
8	1957	940.787114992695	116
8	1967	943.74625708962	117
8	1999	959.219606473796	118
8	2041	983.339073601489	119
8	2067	994.77557606343	120
8	2074	996.768593297813	121
9	33	15.885991754437	1
9	87	40.185856205917	2
9	154	72.336628367168	3
9	220	103.929761075114	4
9	262	128.70587735931	5
9	269	130.637981659126	6
9	301	146.936095294394	7
9	332	165.55163484063	8
9	347	170.7190854057	9
9	381	186.450737743355	10
9	418	209.616875537132	11
9	440	218.591410501321	12
9	449	221.772939734973	13
9	519	250.693190376518	14
9	529	256.293321244559	15
9	533	256.84093327962	16
9	545	264.800221131854	17
9	580	281.661782691209	18
9	728	356.21634762218	19
9	749	364.098950187229	20
9	757	368.825546562157	21
9	785	383.652075106358	22
9	873	430.02978576977	23
9	918	445.185453151794	24
9	931	448.774567005971	25
9	1041	518.291216011397	26
9	1075	537.578762310991	27
9	1114	554.385178561619	28
9	1121	556.012814885083	29
9	1131	558.511187564283	30
9	1204	598.267980178359	31
9	1215	601.06808097941	32
9	1295	634.0944755333	33
9	1301	634.701004598043	34
9	1317	640.123227036682	35
9	1326	644.758629347513	36
9	1364	661.165192239448	37
9	1480	729.703304556293	38
9	1495	737.961997615286	39
9	1520	749.078664646703	40
9	1631	801.779116551494	41
9	1662	811.999017143808	42
9	1681	821.048517031239	43
9	1714	838.619616968948	44
9	1721	839.653011083994	45
9	1782	872.774918737208	46
9	1788	873.919879144516	47
9	1871	904.198597432663	48
9	1909	919.682259716914	49
9	1928	926.581548710474	50
9	2000	959.42809581945	51
9	2042	983.394529271846	52
10	33	15.885991754437	1
10	87	40.185856205917	2
10	154	72.336628367168	3
10	220	103.929761075114	4
10	262	128.70587735931	5
10	269	130.637981659126	6
10	301	146.936095294394	7
10	332	165.55163484063	8
10	347	170.7190854057	9
10	381	186.450737743355	10
10	418	209.616875537132	11
10	440	218.591410501321	12
10	449	221.772939734973	13
10	519	250.693190376518	14
10	529	256.293321244559	15
10	533	256.84093327962	16
10	545	264.800221131854	17
10	580	281.661782691209	18
10	728	356.21634762218	19
10	749	364.098950187229	20
10	757	368.825546562157	21
10	785	383.652075106358	22
10	873	430.02978576977	23
10	918	445.185453151794	24
10	931	448.774567005971	25
10	1041	518.291216011397	26
10	1075	537.578762310991	27
10	1114	554.385178561619	28
10	1121	556.012814885083	29
10	1131	558.511187564283	30
10	1204	598.267980178359	31
10	1215	601.06808097941	32
10	1295	634.0944755333	33
10	1301	634.701004598043	34
10	1317	640.123227036682	35
10	1326	644.758629347513	36
10	1364	661.165192239448	37
10	1480	729.703304556293	38
10	1495	737.961997615286	39
10	1520	749.078664646703	40
10	1631	801.779116551494	41
10	1662	811.999017143808	42
10	1681	821.048517031239	43
10	1714	838.619616968948	44
10	1721	839.653011083994	45
10	1782	872.774918737208	46
10	1788	873.919879144516	47
10	1871	904.198597432663	48
10	1909	919.682259716914	49
10	1928	926.581548710474	50
10	2000	959.42809581945	51
10	2042	983.394529271846	52
11	34	15.987225487645	1
11	348	170.895417703547	2
11	581	281.841879056844	3
11	874	430.116695405121	4
11	932	448.906326078804	5
11	1076	537.785879980108	6
11	1115	554.557658885153	7
11	1205	598.319887247479	8
11	1632	801.971389916709	9
11	1715	838.643590796121	10
11	1929	926.645766630039	11
11	2043	983.425862501588	12
12	34	15.987225487645	1
12	348	170.895417703547	2
12	581	281.841879056844	3
12	874	430.116695405121	4
12	932	448.906326078804	5
12	1076	537.785879980108	6
12	1115	554.557658885153	7
12	1205	598.319887247479	8
12	1632	801.971389916709	9
12	1715	838.643590796121	10
12	1929	926.645766630039	11
12	2043	983.425862501588	12
13	156	72.668269230759	1
13	875	430.141251430702	2
13	1794	875.160898012143	3
13	1930	926.812798651647	4
14	156	72.668269230759	2.111458295247
14	875	430.141251430702	1.630824697744
14	1794	875.160898012143	1.685381556878
14	1930	926.812798651647	2.254414725813

