version 3
run General-4-20231019-19:59:30-65822
attr configname General
attr datetime 20231019-19:59:30
attr datetimef 20231019-195930
attr experiment General
attr inifile omnetpp.ini
attr iterationvars ""
attr iterationvarsd ""
attr iterationvarsf ""
attr measurement ""
attr network Multihop
attr processid 65822
attr repetition 4
attr replication #4
attr resultdir results
attr runnumber 4
attr seedset 4
config network Multihop
config Multihop.node[*].transmissionTime "uniform(1s, 2s)"
config Multihop.node[*].delayTime "uniform(0.01s, 0.2s)"
config Multihop.node[*].lossProbability 0.3
config record-eventlog true
config sim-time-limit 1000s
config repeat 5

vector 0 Multihop.node[0] txVector ETV
vector 1 Multihop.node[1] rxVector ETV
vector 2 Multihop.node[1] txVector ETV
vector 3 Multihop.node[2] rxVector ETV
vector 4 Multihop.node[2] txVector ETV
vector 5 Multihop.node[4] rxVector ETV
vector 6 Multihop.node[4] txVector ETV
vector 7 Multihop.node[3] rxVector ETV
vector 8 Multihop.node[3] txVector ETV
vector 9 Multihop.node[5] rxVector ETV
vector 10 Multihop.node[5] txVector ETV
vector 11 Multihop.node[6] rxVector ETV
vector 12 Multihop.node[6] e2eVector ETV
0	0	0	1
0	1	0.193735669288	2
0	5	2.094357123985	3
0	7	3.235821296847	4
0	8	4.934241536227	5
0	14	6.837420062548	6
0	16	8.449945405744	7
0	19	10.093859668974	8
0	22	11.880165653223	9
0	24	12.945875191981	10
0	28	14.811757947005	11
0	29	15.919951333584	12
0	30	17.07817474116	13
0	31	18.623377395015	14
0	32	20.147781479092	15
0	34	21.785391727848	16
0	40	23.435196841056	17
0	41	24.688876493987	18
0	42	26.243617358538	19
0	43	27.868548208535	20
0	45	29.764049370228	21
0	47	31.401606438369	22
0	48	32.899400559174	23
0	57	34.081845960267	24
0	58	35.679112567254	25
0	59	36.924566277689	26
0	60	38.657159729781	27
0	62	40.55181102307	28
0	63	42.155374533184	29
0	65	43.220442341095	30
0	68	44.349629123382	31
0	76	45.39816326314	32
0	81	46.879623206485	33
0	83	48.316389496125	34
0	84	49.728861709045	35
0	85	51.147895749578	36
0	86	53.050317608438	37
0	87	55.029933871621	38
0	92	56.653502710316	39
0	94	58.115832072602	40
0	98	59.42462663717	41
0	99	61.36721249266	42
0	101	62.832702169348	43
0	102	64.585522369402	44
0	103	66.566732294079	45
0	104	68.540010291537	46
0	107	69.580101413106	47
0	111	71.48447803493	48
0	117	72.619223680965	49
0	121	74.430060796592	50
0	124	75.839652185713	51
0	125	77.155928691535	52
0	128	78.909784141381	53
0	141	80.739202089759	54
0	142	82.052568715915	55
0	144	84.042685636004	56
0	146	85.06262799577	57
0	148	86.156708638334	58
0	151	87.35165632601	59
0	161	88.975809568689	60
0	162	90.834530418423	61
0	165	92.173755323664	62
0	167	93.425253789789	63
0	169	95.012888196074	64
0	172	96.038289897526	65
0	173	97.992508991305	66
0	174	99.049714911645	67
0	175	100.598520034142	68
0	177	102.198317523729	69
0	178	104.123502653008	70
0	180	105.634408775866	71
0	182	107.610314058755	72
0	188	109.564270032952	73
0	189	111.400144570424	74
0	190	112.929216953144	75
0	191	114.342257996472	76
0	192	115.40482490222	77
0	194	116.60084929565	78
0	198	117.950580393346	79
0	201	119.033288004259	80
0	210	120.353652656926	81
0	212	121.760408483129	82
0	213	123.490623814436	83
0	216	125.08712709128	84
0	218	126.286182742716	85
0	222	127.953637271804	86
0	223	129.317614592995	87
0	228	130.894978289177	88
0	235	131.928037756739	89
0	239	133.247462947771	90
0	242	134.398952196736	91
0	244	135.725756962935	92
0	246	137.673814769986	93
0	249	138.946910950041	94
0	252	140.486359143083	95
0	259	142.193558986916	96
0	266	143.35065245434	97
0	271	145.085171633552	98
0	274	146.942664869514	99
0	275	148.020536073402	100
0	278	149.078117412433	101
0	280	150.078898306854	102
0	281	151.949848355876	103
0	288	153.915377665695	104
0	295	155.540518856293	105
0	304	157.261792981217	106
0	305	159.114606527763	107
0	310	160.946557923371	108
0	316	162.84342395832	109
0	317	164.408281063579	110
0	320	165.527425959857	111
0	324	166.635310182964	112
0	325	168.336117415374	113
0	326	169.523810132092	114
0	328	170.856601735961	115
0	333	172.537290770945	116
0	336	173.809084185784	117
0	338	174.991159192206	118
0	339	176.080574847445	119
0	340	177.558925377824	120
0	341	178.641748906034	121
0	343	180.605498347818	122
0	349	181.837872649697	123
0	350	183.332742367792	124
0	352	185.096734416359	125
0	356	186.291133325002	126
0	362	187.467146807271	127
0	367	189.238844913817	128
0	375	191.222810624554	129
0	377	192.936228055195	130
0	378	194.89434684712	131
0	383	196.7798047505	132
0	384	197.893884548373	133
0	390	199.823803831512	134
0	395	201.124356080001	135
0	397	202.3139129555	136
0	398	204.294772590665	137
0	399	206.203550852058	138
0	404	207.987838339448	139
0	405	209.89440017209	140
0	407	211.275805158229	141
0	408	212.968637503372	142
0	410	214.740952845584	143
0	415	215.805951516531	144
0	421	216.813340613307	145
0	426	218.728222932588	146
0	427	220.716409352995	147
0	430	221.932750727204	148
0	435	223.080736307116	149
0	442	224.209436801882	150
0	443	225.322973995391	151
0	444	226.543902855288	152
0	445	228.534570672005	153
0	450	230.454220886962	154
0	453	232.091271955441	155
0	454	233.112445404907	156
0	460	234.679006382046	157
0	461	235.775051528044	158
0	466	237.221385149207	159
0	468	238.444107434401	160
0	470	239.466516710274	161
0	471	241.449305515658	162
0	472	242.629150692994	163
0	474	244.110911121048	164
0	477	245.706182308184	165
0	480	247.004195408352	166
0	488	248.802043843238	167
0	490	249.998711955423	168
0	491	251.469659330711	169
0	494	253.014982791772	170
0	495	254.145655115522	171
0	498	255.950122113028	172
0	501	257.304163829345	173
0	505	258.458737227754	174
0	509	260.09430486212	175
0	510	261.216218457012	176
0	516	262.755239536906	177
0	518	264.439897110373	178
0	522	266.304039949937	179
0	523	267.90612213259	180
0	525	269.597317780754	181
0	526	270.64621585553	182
0	527	272.345219918913	183
0	529	274.104339979044	184
0	535	275.711923804288	185
0	536	277.237774457704	186
0	541	278.96724590302	187
0	542	280.826088094539	188
0	546	282.378782625231	189
0	552	283.50528760456	190
0	553	284.523136065262	191
0	554	285.954762533228	192
0	558	287.798162878645	193
0	559	289.721196615524	194
0	563	291.64674943375	195
0	567	293.328930976024	196
0	569	295.149345873544	197
0	575	296.953036528934	198
0	577	298.486247294039	199
0	581	300.052440470705	200
0	582	301.716710530143	201
0	589	303.08133988354	202
0	593	304.996338353414	203
0	594	306.17912548889	204
0	598	308.025069815959	205
0	602	309.837016237821	206
0	603	311.630826198417	207
0	606	313.547156040012	208
0	608	314.781836415562	209
0	614	316.054643430202	210
0	615	317.139964412586	211
0	616	318.534816764682	212
0	619	320.417436052268	213
0	620	322.156596864262	214
0	622	323.983791734246	215
0	628	325.153815771607	216
0	631	326.734502422079	217
0	632	328.538470762005	218
0	633	329.703371174555	219
0	638	331.272416766422	220
0	641	332.385512816642	221
0	643	334.108242379191	222
0	644	335.515335589337	223
0	645	336.872324174425	224
0	650	338.652971241312	225
0	652	340.003807145093	226
0	654	341.836055281727	227
0	655	343.489432893848	228
0	658	345.387389965044	229
0	663	346.612593114763	230
0	668	348.579187786594	231
0	669	350.327363166414	232
0	672	351.890290622987	233
0	680	352.917073959872	234
0	691	354.539408292776	235
0	693	356.146235176284	236
0	701	357.567524814202	237
0	705	358.800980542942	238
0	706	360.59855944446	239
0	713	362.113201229523	240
0	718	363.946413805165	241
0	720	365.561738161758	242
0	725	367.528107279601	243
0	727	369.453455607329	244
0	735	371.171662367337	245
0	741	372.989744564208	246
0	742	374.692977702633	247
0	744	376.303810112333	248
0	745	378.137614625195	249
0	748	379.778406014821	250
0	750	381.033038474542	251
0	751	382.520658087606	252
0	757	383.55700749966	253
0	763	385.186093934734	254
0	765	386.24910679219	255
0	770	387.425743656621	256
0	772	389.008119080371	257
0	777	390.468754258162	258
0	779	391.887562810133	259
0	781	393.235856459631	260
0	783	394.72556412608	261
0	784	396.594762481671	262
0	789	397.809907029305	263
0	790	399.388670793657	264
0	795	401.204009444143	265
0	798	402.591426025999	266
0	800	403.751583617802	267
0	801	405.49781088337	268
0	803	406.839570951571	269
0	805	408.119101949425	270
0	810	409.126923388026	271
0	811	410.267260560456	272
0	812	411.522627603418	273
0	815	413.082740587803	274
0	818	414.838555577832	275
0	819	416.600863155366	276
0	824	418.081164430983	277
0	825	419.80582659614	278
0	829	421.355193467268	279
0	830	422.90220690604	280
0	832	423.963687907361	281
0	835	425.433971825444	282
0	836	427.324485803411	283
0	837	429.238603880784	284
0	839	430.275508566682	285
0	840	432.216266825252	286
0	842	434.005860859451	287
0	844	435.881919863091	288
0	845	436.973574675542	289
0	848	438.061397366381	290
0	850	439.076026439822	291
0	851	440.631825082159	292
0	859	442.308917989644	293
0	860	443.498732039627	294
0	862	445.062083826322	295
0	864	447.031458060644	296
0	865	448.841985779503	297
0	870	450.473126652805	298
0	872	452.270441705981	299
0	877	454.12108441318	300
0	878	455.73747232921	301
0	881	457.378686125544	302
0	885	459.340736298277	303
0	890	461.12069038806	304
0	891	462.814574385914	305
0	893	464.784838511064	306
0	897	466.720979659041	307
0	902	467.937523912793	308
0	904	469.353804473454	309
0	905	470.635538822427	310
0	906	472.431979704337	311
0	910	473.972312119013	312
0	911	475.794393579863	313
0	917	477.268449799545	314
0	919	478.897628750807	315
0	923	480.892806986269	316
0	929	482.256633922613	317
0	930	483.842726913436	318
0	933	485.826857453367	319
0	936	487.136010227414	320
0	937	488.34900665904	321
0	939	490.18358487628	322
0	940	491.249286583081	323
0	942	492.309067854812	324
0	944	494.301276401771	325
0	945	496.046782980362	326
0	947	497.993544067876	327
0	951	499.423931712206	328
0	954	500.794989598603	329
0	955	502.398473008922	330
0	958	503.515674823117	331
0	960	505.481989646717	332
0	965	506.668765054471	333
0	966	507.869271256416	334
0	969	509.113394527384	335
0	971	510.75189579084	336
0	979	512.395518689104	337
0	983	514.362930549928	338
0	985	515.540346117611	339
0	990	516.645185250943	340
0	991	518.638047042923	341
0	992	519.737136848425	342
0	998	521.26500873935	343
0	1002	523.260557354815	344
0	1004	524.621766042119	345
0	1009	526.471973535294	346
0	1014	527.922077248028	347
0	1016	529.65893102476	348
0	1017	530.693323817724	349
0	1021	532.171562897894	350
0	1022	533.282652652045	351
0	1023	534.827695534486	352
0	1024	536.203554668851	353
0	1025	537.658342422141	354
0	1033	539.307939393368	355
0	1039	540.9810381347	356
0	1043	542.181268301016	357
0	1047	543.276635674449	358
0	1049	544.755054844698	359
0	1050	546.614988481082	360
0	1056	548.037417508351	361
0	1060	549.196615792267	362
0	1061	550.528701370271	363
0	1066	551.921333940622	364
0	1068	553.062752609995	365
0	1073	554.088909981695	366
0	1076	555.858130596268	367
0	1077	557.644733808857	368
0	1078	559.153540373004	369
0	1082	560.837641860048	370
0	1083	562.079534989471	371
0	1087	563.977181083445	372
0	1089	564.981452091286	373
0	1093	566.173420571178	374
0	1094	567.998743802696	375
0	1095	569.601882122378	376
0	1102	571.077166801007	377
0	1106	572.446370813451	378
0	1108	573.755242450317	379
0	1109	575.280472022635	380
0	1114	576.455967054856	381
0	1115	578.376203174391	382
0	1117	579.528765107892	383
0	1118	581.235445806445	384
0	1120	582.309356606254	385
0	1125	583.912114925371	386
0	1130	585.121334721488	387
0	1133	586.450526345675	388
0	1137	588.312285290952	389
0	1139	589.901706630285	390
0	1141	590.963946210607	391
0	1142	592.644314180049	392
0	1144	594.469740467998	393
0	1145	596.281291922242	394
0	1151	598.040281097325	395
0	1155	599.748875354104	396
0	1159	600.99128072631	397
0	1163	602.322292284727	398
0	1164	603.424698571827	399
0	1171	605.292337077124	400
0	1172	606.34408398081	401
0	1175	607.730622111973	402
0	1181	609.171554646841	403
0	1184	610.947490644795	404
0	1186	612.048851382374	405
0	1190	613.509465716933	406
0	1193	615.389209644557	407
0	1195	617.364757068609	408
0	1198	618.90502194121	409
0	1202	620.650709641087	410
0	1207	621.764888186627	411
0	1213	623.159403907289	412
0	1214	624.370884772777	413
0	1216	626.138151387838	414
0	1217	627.94797465011	415
0	1218	629.640568380165	416
0	1219	630.928095000018	417
0	1224	632.570459850053	418
0	1229	633.810809495779	419
0	1236	635.108308709845	420
0	1237	636.276664952202	421
0	1248	637.869715700079	422
0	1249	639.226267879516	423
0	1256	640.291964622134	424
0	1257	641.931510813221	425
0	1258	643.662321755815	426
0	1266	645.286920520164	427
0	1267	647.272841328908	428
0	1269	649.160145528302	429
0	1275	650.505083135249	430
0	1281	652.349375419238	431
0	1286	653.921189580032	432
0	1295	655.260681108025	433
0	1297	656.538778514055	434
0	1300	657.566169809237	435
0	1302	659.274614779431	436
0	1303	660.91558565168	437
0	1307	662.261354034453	438
0	1312	663.400179464988	439
0	1317	665.085495581071	440
0	1322	667.031509970234	441
0	1324	668.657687792939	442
0	1329	670.082002625487	443
0	1331	672.04924424683	444
0	1334	673.557721761905	445
0	1336	675.122403636027	446
0	1344	676.352522915613	447
0	1346	678.328153346583	448
0	1349	679.769427155062	449
0	1354	681.619410299846	450
0	1356	683.265611432177	451
0	1366	684.725998621817	452
0	1367	686.596071717247	453
0	1368	687.852136234903	454
0	1371	688.984842414187	455
0	1374	690.193274815019	456
0	1380	692.035806495381	457
0	1385	693.363298012094	458
0	1390	695.111260685056	459
0	1397	696.604475797304	460
0	1399	698.165830595103	461
0	1404	699.994095045059	462
0	1405	701.023089843486	463
0	1407	702.330897192387	464
0	1412	703.868544646921	465
0	1416	705.625949821817	466
0	1420	707.29162430848	467
0	1422	709.065488038268	468
0	1424	710.704467983833	469
0	1429	712.302526881835	470
0	1431	714.213928860063	471
0	1438	715.334625188643	472
0	1439	716.705346630337	473
0	1442	717.82678835528	474
0	1443	719.595141825183	475
0	1444	721.477594236993	476
0	1445	722.793596539098	477
0	1446	724.542975511319	478
0	1448	726.222793818601	479
0	1449	728.129462262067	480
0	1450	729.871605365221	481
0	1451	731.045470513087	482
0	1454	732.852520314427	483
0	1460	734.400305402847	484
0	1463	736.067737346431	485
0	1465	737.432215889366	486
0	1468	738.881283738101	487
0	1473	739.917145755291	488
0	1476	741.109161218312	489
0	1477	742.879160831832	490
0	1478	744.259674773235	491
0	1479	745.954678172395	492
0	1483	747.364929903914	493
0	1491	748.57337835935	494
0	1492	749.60814924297	495
0	1493	751.026339597451	496
0	1495	752.75793230176	497
0	1496	754.199936862486	498
0	1497	755.401274190667	499
0	1498	756.578636761672	500
0	1500	758.467505590907	501
0	1504	759.912686858709	502
0	1505	761.759461714338	503
0	1507	763.661838106961	504
0	1508	765.103047925663	505
0	1509	766.167752704034	506
0	1510	767.278653442543	507
0	1513	768.407123190267	508
0	1518	770.274648017632	509
0	1520	771.859874972524	510
0	1522	773.318389187716	511
0	1525	775.033215063773	512
0	1530	776.899816894354	513
0	1531	778.063581906175	514
0	1536	779.389615488853	515
0	1537	780.939234062247	516
0	1542	781.98813821367	517
0	1547	783.475805715108	518
0	1550	784.871546688638	519
0	1551	786.200967598156	520
0	1560	787.242905414811	521
0	1561	788.514247372661	522
0	1563	790.263746777231	523
0	1564	792.137252645016	524
0	1565	793.224045198325	525
0	1566	795.204803079514	526
0	1570	797.098656371616	527
0	1571	798.257378145734	528
0	1577	799.869433755668	529
0	1582	801.230299319754	530
0	1587	802.342019997219	531
0	1588	804.287621003723	532
0	1589	805.479421187572	533
0	1592	807.023521555269	534
0	1595	808.908982253082	535
0	1596	810.560053770345	536
0	1601	812.405974721218	537
0	1603	813.602240012408	538
0	1604	814.656442233509	539
0	1607	816.187622090251	540
0	1609	817.232461011651	541
0	1614	818.808114956048	542
0	1615	820.210681310071	543
0	1620	822.175828633745	544
0	1622	823.283825631168	545
0	1623	824.986058433455	546
0	1627	826.273762199943	547
0	1629	827.985187603542	548
0	1631	829.354321159105	549
0	1632	830.720969490157	550
0	1633	832.409319787202	551
0	1638	833.917303379308	552
0	1639	835.756827831184	553
0	1641	837.61067906619	554
0	1646	838.739989310186	555
0	1647	840.350667013935	556
0	1649	841.616320209726	557
0	1652	843.219221608629	558
0	1657	844.955434254054	559
0	1660	846.086947107138	560
0	1663	847.683148837332	561
0	1665	848.7105728075	562
0	1666	850.353385646045	563
0	1668	851.622156733097	564
0	1673	852.832485619848	565
0	1675	854.681134385904	566
0	1676	856.078581025507	567
0	1678	857.282215794464	568
0	1680	858.846811864906	569
0	1684	860.238975368821	570
0	1685	861.379161054649	571
0	1686	862.529063953933	572
0	1690	863.658454201332	573
0	1693	864.766092364591	574
0	1699	866.728617622199	575
0	1702	868.372958176917	576
0	1704	870.109894830881	577
0	1708	871.582855135816	578
0	1709	873.032543070995	579
0	1717	874.581886083734	580
0	1718	876.512037100884	581
0	1724	878.074220484271	582
0	1725	879.909086834788	583
0	1726	881.35229613414	584
0	1728	882.859834798062	585
0	1731	884.271715577375	586
0	1737	885.925150386672	587
0	1738	887.05795701771	588
0	1739	889.023684331364	589
0	1742	890.836517927618	590
0	1747	892.665073119252	591
0	1750	893.767891375962	592
0	1760	895.025835179407	593
0	1764	896.323855581144	594
0	1765	898.048702085074	595
0	1770	899.286214271476	596
0	1771	901.100821708943	597
0	1772	902.64605165055	598
0	1778	903.76565746326	599
0	1781	905.002537886994	600
0	1784	906.309596775714	601
0	1785	908.148806532761	602
0	1790	909.607884535482	603
0	1792	910.616460927212	604
0	1798	911.944352588066	605
0	1799	913.56453154507	606
0	1806	914.982556998412	607
0	1807	916.071669230386	608
0	1811	917.680503215789	609
0	1814	919.019082498885	610
0	1820	920.842457027789	611
0	1823	922.117726896107	612
0	1825	923.942643133374	613
0	1826	925.760434115687	614
0	1828	927.678809321401	615
0	1833	929.298685305202	616
0	1838	931.066854521315	617
0	1840	932.203085081335	618
0	1850	933.464201603699	619
0	1854	934.530752404974	620
0	1859	936.490115915573	621
0	1860	937.734669972126	622
0	1861	938.806499326517	623
0	1862	939.817254114113	624
0	1869	941.225848644422	625
0	1876	942.41448311476	626
0	1877	944.303499255944	627
0	1878	945.532811423214	628
0	1879	947.521564195547	629
0	1882	949.496263843877	630
0	1883	951.240664628483	631
0	1890	952.327493102438	632
0	1894	954.233783015198	633
0	1896	955.318908824501	634
0	1899	956.474976571192	635
0	1907	957.955306220715	636
0	1909	959.884661968247	637
0	1911	961.094283351823	638
0	1916	962.578289742264	639
0	1917	964.191580223766	640
0	1920	965.21061938364	641
0	1923	967.045357770435	642
0	1924	968.714893321888	643
0	1934	970.683590788543	644
0	1936	972.67867356996	645
0	1940	974.505243922267	646
0	1946	975.83578332412	647
0	1949	977.726536542791	648
0	1950	978.844321858053	649
0	1951	980.503605445296	650
0	1953	981.639884359118	651
0	1956	982.687068212459	652
0	1957	984.043258299267	653
0	1963	985.92271497255	654
0	1966	987.210920153566	655
0	1967	988.955308753679	656
0	1969	989.986854266989	657
0	1970	991.560860990928	658
0	1971	992.81224199213	659
0	1973	994.535206349482	660
0	1976	995.813963490687	661
0	1978	997.612582211299	662
0	1979	998.82145973892	663
1	2	0.246547781036	1
1	9	5.074504525135	2
1	17	8.624047205606	3
1	20	10.278454635427	4
1	25	13.126145534531	5
1	35	21.880802728521	6
1	49	33.093893336597	7
1	66	43.357209280999	8
1	69	44.390494566053	9
1	77	45.594370899129	10
1	88	55.065738853893	11
1	95	58.27894236822	12
1	105	68.563044833973	13
1	108	69.603277768773	14
1	112	71.594151966885	15
1	118	72.73722029982	16
1	122	74.595008336747	17
1	126	77.22898276021	18
1	129	79.07926328023	19
1	149	86.251594541631	20
1	152	87.487900673017	21
1	163	90.929247296609	22
1	170	95.058795682011	23
1	183	107.808703913826	24
1	195	116.655718093298	25
1	199	118.000321512506	26
1	202	119.149211376254	27
1	214	123.665505428454	28
1	219	126.319166321884	29
1	224	129.415407354703	30
1	229	130.954301263756	31
1	236	132.086736425265	32
1	240	133.336239549946	33
1	247	137.769866392764	34
1	250	139.034975196491	35
1	253	140.604191707212	36
1	260	142.236824476901	37
1	267	143.528604646747	38
1	272	145.187473677034	39
1	276	148.095942794713	40
1	282	152.068736074571	41
1	289	154.097480617587	42
1	296	155.653829296143	43
1	306	159.175802157	44
1	311	161.127591571053	45
1	318	164.432092763956	46
1	321	165.645769982975	47
1	329	170.979135549816	48
1	334	172.678368672033	49
1	344	180.785747884126	50
1	353	185.174559306786	51
1	357	186.441269805846	52
1	363	187.634217671191	53
1	368	189.340648750502	54
1	379	195.002228810534	55
1	385	198.00234475781	56
1	391	200.004427264965	57
1	400	206.393220667793	58
1	411	214.905452100439	59
1	416	215.910037851478	60
1	422	216.98353221675	61
1	428	220.810034079243	62
1	431	221.97862383531	63
1	436	223.217414042822	64
1	446	228.673927423377	65
1	451	230.495515861458	66
1	455	233.227861913471	67
1	462	235.933913793257	68
1	475	244.281486968951	69
1	478	245.867790785121	70
1	481	247.079386954993	71
1	492	251.653628789663	72
1	496	254.289786632536	73
1	499	256.142585626117	74
1	502	257.48621376986	75
1	506	258.481872902983	76
1	511	261.371019269349	77
1	519	264.550753990937	78
1	530	274.275934430542	79
1	537	277.370268592209	80
1	543	280.968846057563	81
1	547	282.53516964914	82
1	555	286.000813573375	83
1	560	289.848257825568	84
1	564	291.782149779997	85
1	570	295.244211450623	86
1	578	298.520426949434	87
1	583	301.804638439562	88
1	590	303.124465820802	89
1	595	306.321936913764	90
1	599	308.137476940314	91
1	604	311.836315252371	92
1	609	314.928172363602	93
1	617	318.735599349821	94
1	623	324.022384904228	95
1	629	325.329886592957	96
1	634	329.883752269413	97
1	639	331.331438639847	98
1	646	336.918416750614	99
1	656	343.521441236996	100
1	659	345.542046044851	101
1	664	346.677790156729	102
1	670	350.397844751443	103
1	673	352.093728221323	104
1	694	356.290053408561	105
1	702	357.642557939362	106
1	707	360.717110489837	107
1	714	362.262860987756	108
1	721	365.716400350233	109
1	728	369.492218568	110
1	736	371.310412805114	111
1	746	378.276874214693	112
1	752	382.547128564712	113
1	758	383.589436480221	114
1	766	386.27152413136	115
1	773	389.212636543989	116
1	785	396.694435513887	117
1	791	399.413044878542	118
1	796	401.407457311936	119
1	806	408.301979517529	120
1	813	411.687302675968	121
1	816	413.279636865655	122
1	820	416.761416601117	123
1	826	419.963326460823	124
1	833	424.016961634105	125
1	846	437.131511015221	126
1	852	440.774285582899	127
1	866	448.879249361165	128
1	873	452.453823667498	129
1	879	455.861501514172	130
1	882	457.577074312496	131
1	886	459.437276158284	132
1	894	464.813605631299	133
1	898	466.85074573322	134
1	907	472.472538151784	135
1	912	475.992095697823	136
1	920	479.048812377312	137
1	924	480.938516656502	138
1	931	484.005905731096	139
1	934	485.890952713218	140
1	948	498.174303170059	141
1	952	499.5230313915	142
1	956	502.425358051092	143
1	961	505.614082787482	144
1	967	508.071997346182	145
1	972	510.944856588367	146
1	980	512.536202587664	147
1	986	515.581295403121	148
1	993	519.853194402405	149
1	999	521.400349111541	150
1	1005	524.802786274416	151
1	1010	526.660874640123	152
1	1018	530.760864740939	153
1	1026	537.774294315366	154
1	1034	539.360413295949	155
1	1040	541.090565161783	156
1	1044	542.331184248397	157
1	1051	546.647970480252	158
1	1057	548.240454141967	159
1	1062	550.720135035837	160
1	1069	553.134480821324	161
1	1074	554.234454601092	162
1	1079	559.203678511313	163
1	1084	562.214488152074	164
1	1090	565.007760118526	165
1	1096	569.659491775655	166
1	1103	571.196325518876	167
1	1110	575.478284369835	168
1	1121	582.489850572677	169
1	1126	584.07352489061	170
1	1131	585.306431554488	171
1	1134	586.578177702734	172
1	1146	596.357147387024	173
1	1152	598.092624549602	174
1	1156	599.826613168793	175
1	1160	601.035748709705	176
1	1165	603.45347289628	177
1	1173	606.397978382161	178
1	1176	607.860824557808	179
1	1182	609.373361813477	180
1	1187	612.251838827601	181
1	1191	613.555085399738	182
1	1196	617.419756618529	183
1	1199	619.028108607693	184
1	1203	620.719696914815	185
1	1208	621.882528940469	186
1	1220	630.954358184882	187
1	1225	632.70689096481	188
1	1230	633.866984449238	189
1	1238	636.483918094164	190
1	1250	639.368120291619	191
1	1259	643.760764585863	192
1	1270	649.348499603439	193
1	1276	650.530590324573	194
1	1282	652.555230638141	195
1	1287	654.107996113513	196
1	1298	656.730018169608	197
1	1304	661.060103189923	198
1	1308	662.397780411163	199
1	1313	663.493585704082	200
1	1318	665.216371639455	201
1	1325	668.848871132064	202
1	1332	672.218177234151	203
1	1337	675.252651084733	204
1	1347	678.44230444852	205
1	1350	679.975542849448	206
1	1357	683.343867588021	207
1	1369	688.031716775188	208
1	1372	689.112761389014	209
1	1375	690.230190533317	210
1	1381	692.227132211813	211
1	1386	693.468193368866	212
1	1391	695.171947829059	213
1	1400	698.186419333276	214
1	1408	702.403168965562	215
1	1413	703.918528900692	216
1	1417	705.693746252298	217
1	1425	710.761404379437	218
1	1432	714.310745695641	219
1	1440	716.887878818147	220
1	1452	731.221305139812	221
1	1455	732.964597127437	222
1	1461	734.494155238871	223
1	1466	737.564136123284	224
1	1469	738.939472993822	225
1	1474	739.954837134567	226
1	1480	746.047995579774	227
1	1484	747.517971399602	228
1	1501	758.652835901357	229
1	1511	767.393964235364	230
1	1514	768.552789058015	231
1	1523	773.419717046225	232
1	1526	775.091801931385	233
1	1532	778.162735862136	234
1	1538	781.138703292534	235
1	1543	782.034431688762	236
1	1548	783.641526331557	237
1	1552	786.370832917047	238
1	1567	795.291569603342	239
1	1572	798.362420463826	240
1	1578	799.91423269128	241
1	1583	801.437836516356	242
1	1590	805.648013824837	243
1	1593	807.07386054267	244
1	1597	810.701468871048	245
1	1605	814.864652309242	246
1	1610	817.440120802009	247
1	1616	820.237101911642	248
1	1624	825.193868184633	249
1	1634	832.607618343946	250
1	1642	837.664353322752	251
1	1650	841.708730478046	252
1	1653	843.248675127604	253
1	1658	845.015590865754	254
1	1661	846.246804160427	255
1	1669	851.743836954326	256
1	1681	859.054768607618	257
1	1687	862.606495001133	258
1	1691	863.712259499923	259
1	1694	864.911809406386	260
1	1700	866.891015065567	261
1	1705	870.201417175504	262
1	1710	873.199523912716	263
1	1719	876.680117073458	264
1	1729	882.992469039722	265
1	1732	884.474243110497	266
1	1740	889.143123420455	267
1	1743	890.945343651929	268
1	1748	892.871412703026	269
1	1751	893.819036748348	270
1	1761	895.070576692468	271
1	1766	898.136458513432	272
1	1773	902.798622392195	273
1	1779	903.892053245592	274
1	1782	905.035121913513	275
1	1786	908.203378131429	276
1	1793	910.666956208431	277
1	1800	913.618835875803	278
1	1808	916.156888934387	279
1	1812	917.738073215256	280
1	1815	919.17649281958	281
1	1821	920.938868644251	282
1	1829	927.737599776293	283
1	1834	929.508115414863	284
1	1841	932.24760417012	285
1	1855	934.716830872553	286
1	1863	939.994428608701	287
1	1870	941.376721947514	288
1	1880	947.554696796809	289
1	1884	951.434830388245	290
1	1891	952.505700733277	291
1	1897	955.478987344449	292
1	1900	956.495402370849	293
1	1912	961.289467272891	294
1	1918	964.281528772736	295
1	1921	965.387174153937	296
1	1925	968.882377683722	297
1	1937	972.820451321492	298
1	1941	974.647479592636	299
1	1947	975.926063266138	300
1	1954	981.806260500863	301
1	1958	984.126703446911	302
1	1964	986.010354900603	303
1	1974	994.622954262767	304
2	2	0.246547781036	1
2	9	5.074504525135	2
2	17	8.624047205606	3
2	20	10.278454635427	4
2	25	13.126145534531	5
2	35	21.880802728521	6
2	49	33.093893336597	7
2	66	43.357209280999	8
2	69	44.390494566053	9
2	77	45.594370899129	10
2	88	55.065738853893	11
2	95	58.27894236822	12
2	105	68.563044833973	13
2	108	69.603277768773	14
2	112	71.594151966885	15
2	118	72.73722029982	16
2	122	74.595008336747	17
2	126	77.22898276021	18
2	129	79.07926328023	19
2	149	86.251594541631	20
2	152	87.487900673017	21
2	163	90.929247296609	22
2	170	95.058795682011	23
2	183	107.808703913826	24
2	195	116.655718093298	25
2	199	118.000321512506	26
2	202	119.149211376254	27
2	214	123.665505428454	28
2	219	126.319166321884	29
2	224	129.415407354703	30
2	229	130.954301263756	31
2	236	132.086736425265	32
2	240	133.336239549946	33
2	247	137.769866392764	34
2	250	139.034975196491	35
2	253	140.604191707212	36
2	260	142.236824476901	37
2	267	143.528604646747	38
2	272	145.187473677034	39
2	276	148.095942794713	40
2	282	152.068736074571	41
2	289	154.097480617587	42
2	296	155.653829296143	43
2	306	159.175802157	44
2	311	161.127591571053	45
2	318	164.432092763956	46
2	321	165.645769982975	47
2	329	170.979135549816	48
2	334	172.678368672033	49
2	344	180.785747884126	50
2	353	185.174559306786	51
2	357	186.441269805846	52
2	363	187.634217671191	53
2	368	189.340648750502	54
2	379	195.002228810534	55
2	385	198.00234475781	56
2	391	200.004427264965	57
2	400	206.393220667793	58
2	411	214.905452100439	59
2	416	215.910037851478	60
2	422	216.98353221675	61
2	428	220.810034079243	62
2	431	221.97862383531	63
2	436	223.217414042822	64
2	446	228.673927423377	65
2	451	230.495515861458	66
2	455	233.227861913471	67
2	462	235.933913793257	68
2	475	244.281486968951	69
2	478	245.867790785121	70
2	481	247.079386954993	71
2	492	251.653628789663	72
2	496	254.289786632536	73
2	499	256.142585626117	74
2	502	257.48621376986	75
2	506	258.481872902983	76
2	511	261.371019269349	77
2	519	264.550753990937	78
2	530	274.275934430542	79
2	537	277.370268592209	80
2	543	280.968846057563	81
2	547	282.53516964914	82
2	555	286.000813573375	83
2	560	289.848257825568	84
2	564	291.782149779997	85
2	570	295.244211450623	86
2	578	298.520426949434	87
2	583	301.804638439562	88
2	590	303.124465820802	89
2	595	306.321936913764	90
2	599	308.137476940314	91
2	604	311.836315252371	92
2	609	314.928172363602	93
2	617	318.735599349821	94
2	623	324.022384904228	95
2	629	325.329886592957	96
2	634	329.883752269413	97
2	639	331.331438639847	98
2	646	336.918416750614	99
2	656	343.521441236996	100
2	659	345.542046044851	101
2	664	346.677790156729	102
2	670	350.397844751443	103
2	673	352.093728221323	104
2	694	356.290053408561	105
2	702	357.642557939362	106
2	707	360.717110489837	107
2	714	362.262860987756	108
2	721	365.716400350233	109
2	728	369.492218568	110
2	736	371.310412805114	111
2	746	378.276874214693	112
2	752	382.547128564712	113
2	758	383.589436480221	114
2	766	386.27152413136	115
2	773	389.212636543989	116
2	785	396.694435513887	117
2	791	399.413044878542	118
2	796	401.407457311936	119
2	806	408.301979517529	120
2	813	411.687302675968	121
2	816	413.279636865655	122
2	820	416.761416601117	123
2	826	419.963326460823	124
2	833	424.016961634105	125
2	846	437.131511015221	126
2	852	440.774285582899	127
2	866	448.879249361165	128
2	873	452.453823667498	129
2	879	455.861501514172	130
2	882	457.577074312496	131
2	886	459.437276158284	132
2	894	464.813605631299	133
2	898	466.85074573322	134
2	907	472.472538151784	135
2	912	475.992095697823	136
2	920	479.048812377312	137
2	924	480.938516656502	138
2	931	484.005905731096	139
2	934	485.890952713218	140
2	948	498.174303170059	141
2	952	499.5230313915	142
2	956	502.425358051092	143
2	961	505.614082787482	144
2	967	508.071997346182	145
2	972	510.944856588367	146
2	980	512.536202587664	147
2	986	515.581295403121	148
2	993	519.853194402405	149
2	999	521.400349111541	150
2	1005	524.802786274416	151
2	1010	526.660874640123	152
2	1018	530.760864740939	153
2	1026	537.774294315366	154
2	1034	539.360413295949	155
2	1040	541.090565161783	156
2	1044	542.331184248397	157
2	1051	546.647970480252	158
2	1057	548.240454141967	159
2	1062	550.720135035837	160
2	1069	553.134480821324	161
2	1074	554.234454601092	162
2	1079	559.203678511313	163
2	1084	562.214488152074	164
2	1090	565.007760118526	165
2	1096	569.659491775655	166
2	1103	571.196325518876	167
2	1110	575.478284369835	168
2	1121	582.489850572677	169
2	1126	584.07352489061	170
2	1131	585.306431554488	171
2	1134	586.578177702734	172
2	1146	596.357147387024	173
2	1152	598.092624549602	174
2	1156	599.826613168793	175
2	1160	601.035748709705	176
2	1165	603.45347289628	177
2	1173	606.397978382161	178
2	1176	607.860824557808	179
2	1182	609.373361813477	180
2	1187	612.251838827601	181
2	1191	613.555085399738	182
2	1196	617.419756618529	183
2	1199	619.028108607693	184
2	1203	620.719696914815	185
2	1208	621.882528940469	186
2	1220	630.954358184882	187
2	1225	632.70689096481	188
2	1230	633.866984449238	189
2	1238	636.483918094164	190
2	1250	639.368120291619	191
2	1259	643.760764585863	192
2	1270	649.348499603439	193
2	1276	650.530590324573	194
2	1282	652.555230638141	195
2	1287	654.107996113513	196
2	1298	656.730018169608	197
2	1304	661.060103189923	198
2	1308	662.397780411163	199
2	1313	663.493585704082	200
2	1318	665.216371639455	201
2	1325	668.848871132064	202
2	1332	672.218177234151	203
2	1337	675.252651084733	204
2	1347	678.44230444852	205
2	1350	679.975542849448	206
2	1357	683.343867588021	207
2	1369	688.031716775188	208
2	1372	689.112761389014	209
2	1375	690.230190533317	210
2	1381	692.227132211813	211
2	1386	693.468193368866	212
2	1391	695.171947829059	213
2	1400	698.186419333276	214
2	1408	702.403168965562	215
2	1413	703.918528900692	216
2	1417	705.693746252298	217
2	1425	710.761404379437	218
2	1432	714.310745695641	219
2	1440	716.887878818147	220
2	1452	731.221305139812	221
2	1455	732.964597127437	222
2	1461	734.494155238871	223
2	1466	737.564136123284	224
2	1469	738.939472993822	225
2	1474	739.954837134567	226
2	1480	746.047995579774	227
2	1484	747.517971399602	228
2	1501	758.652835901357	229
2	1511	767.393964235364	230
2	1514	768.552789058015	231
2	1523	773.419717046225	232
2	1526	775.091801931385	233
2	1532	778.162735862136	234
2	1538	781.138703292534	235
2	1543	782.034431688762	236
2	1548	783.641526331557	237
2	1552	786.370832917047	238
2	1567	795.291569603342	239
2	1572	798.362420463826	240
2	1578	799.91423269128	241
2	1583	801.437836516356	242
2	1590	805.648013824837	243
2	1593	807.07386054267	244
2	1597	810.701468871048	245
2	1605	814.864652309242	246
2	1610	817.440120802009	247
2	1616	820.237101911642	248
2	1624	825.193868184633	249
2	1634	832.607618343946	250
2	1642	837.664353322752	251
2	1650	841.708730478046	252
2	1653	843.248675127604	253
2	1658	845.015590865754	254
2	1661	846.246804160427	255
2	1669	851.743836954326	256
2	1681	859.054768607618	257
2	1687	862.606495001133	258
2	1691	863.712259499923	259
2	1694	864.911809406386	260
2	1700	866.891015065567	261
2	1705	870.201417175504	262
2	1710	873.199523912716	263
2	1719	876.680117073458	264
2	1729	882.992469039722	265
2	1732	884.474243110497	266
2	1740	889.143123420455	267
2	1743	890.945343651929	268
2	1748	892.871412703026	269
2	1751	893.819036748348	270
2	1761	895.070576692468	271
2	1766	898.136458513432	272
2	1773	902.798622392195	273
2	1779	903.892053245592	274
2	1782	905.035121913513	275
2	1786	908.203378131429	276
2	1793	910.666956208431	277
2	1800	913.618835875803	278
2	1808	916.156888934387	279
2	1812	917.738073215256	280
2	1815	919.17649281958	281
2	1821	920.938868644251	282
2	1829	927.737599776293	283
2	1834	929.508115414863	284
2	1841	932.24760417012	285
2	1855	934.716830872553	286
2	1863	939.994428608701	287
2	1870	941.376721947514	288
2	1880	947.554696796809	289
2	1884	951.434830388245	290
2	1891	952.505700733277	291
2	1897	955.478987344449	292
2	1900	956.495402370849	293
2	1912	961.289467272891	294
2	1918	964.281528772736	295
2	1921	965.387174153937	296
2	1925	968.882377683722	297
2	1937	972.820451321492	298
2	1941	974.647479592636	299
2	1947	975.926063266138	300
2	1954	981.806260500863	301
2	1958	984.126703446911	302
2	1964	986.010354900603	303
2	1974	994.622954262767	304
3	3	0.402362819989	1
3	10	5.132064688764	2
3	12	5.271879019963	3
3	51	33.273058797581	4
3	55	33.777376467197	5
3	70	44.508278768068	6
3	74	45.012555943621	7
3	96	58.47326961187	8
3	109	69.749923864425	9
3	138	80.114804180772	10
3	153	87.565350469666	11
3	155	87.904043649471	12
3	185	107.995339938444	13
3	196	116.74267559676	14
3	220	126.339902123035	15
3	230	131.070404606227	16
3	255	140.835903248826	17
3	261	142.314739461546	18
3	268	143.586791284385	19
3	283	152.102792738955	20
3	297	155.782494571791	21
3	299	155.963153638306	22
3	301	156.209433813798	23
3	330	171.042886123597	24
3	345	180.826352746736	25
3	347	181.196640722687	26
3	358	186.509027201978	27
3	387	198.265844532659	28
3	401	206.567949398154	29
3	417	216.068585249523	30
3	423	217.161956481178	31
3	440	223.629836158597	32
3	482	247.112827172357	33
3	484	247.165394613497	34
3	512	261.525457860052	35
3	561	289.984411678978	36
3	584	301.883687055785	37
3	586	302.114361596621	38
3	591	303.219081792472	39
3	611	315.104022922917	40
3	665	346.817145155487	41
3	679	352.893535993719	42
3	682	353.090158707162	43
3	687	353.499130925438	44
3	695	356.362439719518	45
3	699	356.756847617105	46
3	729	369.533266417988	47
3	731	369.695165731207	48
3	737	371.414051666747	49
3	754	382.711999106134	50
3	767	386.325994443154	51
3	786	396.895504367681	52
3	792	399.434214191064	53
3	807	408.43992895663	54
3	883	457.776514708216	55
3	895	464.935693122731	56
3	915	476.355106606933	57
3	977	511.390296306353	58
3	987	515.61920868993	59
3	1000	521.581421680323	60
3	1027	537.959147148995	61
3	1029	538.125012514369	62
3	1053	546.877570831342	63
3	1070	553.160879744726	64
3	1099	569.948468218959	65
3	1104	571.290410440704	66
3	1147	596.491752207123	67
3	1149	596.706175439769	68
3	1153	598.253737452865	69
3	1204	620.913008788345	70
3	1209	622.082986501569	71
3	1211	622.217975773013	72
3	1231	634.01723352255	73
3	1233	634.367850040095	74
3	1239	636.678393416493	75
3	1241	636.923215971489	76
3	1260	643.825222227533	77
3	1262	643.919451324566	78
3	1283	652.719738011654	79
3	1310	662.575725091662	80
3	1314	663.578050261909	81
3	1327	668.996772081394	82
3	1358	683.496788424518	83
3	1376	690.434233944387	84
3	1410	702.57750753999	85
3	1433	714.467370763847	86
3	1456	733.048500933663	87
3	1481	746.132478266836	88
3	1486	747.579732209471	89
3	1488	747.837589780101	90
3	1573	798.449238521621	91
3	1580	800.181814093842	92
3	1612	817.772108829741	93
3	1682	859.196724748168	94
3	1695	865.079828315194	95
3	1697	865.438194176315	96
3	1713	873.550825266769	97
3	1721	876.785023926916	98
3	1752	893.856105972951	99
3	1756	894.36391534304	100
3	1758	894.710451452332	101
3	1774	902.988592919482	102
3	1801	913.679811613291	103
3	1809	916.360121065601	104
3	1816	919.233203880413	105
3	1818	919.519447864843	106
3	1835	929.699049328051	107
3	1846	932.918809361197	108
3	1848	933.204106311661	109
3	1856	934.881330621766	110
3	1864	940.07703714569	111
3	1892	952.591937779432	112
3	1926	968.997147774938	113
3	1931	969.639172648755	114
3	1944	975.045827297465	115
4	3	0.402362819989	1
4	10	5.132064688764	2
4	12	5.271879019963	3
4	51	33.273058797581	4
4	55	33.777376467197	5
4	70	44.508278768068	6
4	74	45.012555943621	7
4	96	58.47326961187	8
4	109	69.749923864425	9
4	138	80.114804180772	10
4	153	87.565350469666	11
4	155	87.904043649471	12
4	185	107.995339938444	13
4	196	116.74267559676	14
4	220	126.339902123035	15
4	230	131.070404606227	16
4	255	140.835903248826	17
4	261	142.314739461546	18
4	268	143.586791284385	19
4	283	152.102792738955	20
4	297	155.782494571791	21
4	299	155.963153638306	22
4	301	156.209433813798	23
4	330	171.042886123597	24
4	345	180.826352746736	25
4	347	181.196640722687	26
4	358	186.509027201978	27
4	387	198.265844532659	28
4	401	206.567949398154	29
4	417	216.068585249523	30
4	423	217.161956481178	31
4	440	223.629836158597	32
4	482	247.112827172357	33
4	484	247.165394613497	34
4	512	261.525457860052	35
4	561	289.984411678978	36
4	584	301.883687055785	37
4	586	302.114361596621	38
4	591	303.219081792472	39
4	611	315.104022922917	40
4	665	346.817145155487	41
4	679	352.893535993719	42
4	682	353.090158707162	43
4	687	353.499130925438	44
4	695	356.362439719518	45
4	699	356.756847617105	46
4	729	369.533266417988	47
4	731	369.695165731207	48
4	737	371.414051666747	49
4	754	382.711999106134	50
4	767	386.325994443154	51
4	786	396.895504367681	52
4	792	399.434214191064	53
4	807	408.43992895663	54
4	883	457.776514708216	55
4	895	464.935693122731	56
4	915	476.355106606933	57
4	977	511.390296306353	58
4	987	515.61920868993	59
4	1000	521.581421680323	60
4	1027	537.959147148995	61
4	1029	538.125012514369	62
4	1053	546.877570831342	63
4	1070	553.160879744726	64
4	1099	569.948468218959	65
4	1104	571.290410440704	66
4	1147	596.491752207123	67
4	1149	596.706175439769	68
4	1153	598.253737452865	69
4	1204	620.913008788345	70
4	1209	622.082986501569	71
4	1211	622.217975773013	72
4	1231	634.01723352255	73
4	1233	634.367850040095	74
4	1239	636.678393416493	75
4	1241	636.923215971489	76
4	1260	643.825222227533	77
4	1262	643.919451324566	78
4	1283	652.719738011654	79
4	1310	662.575725091662	80
4	1314	663.578050261909	81
4	1327	668.996772081394	82
4	1358	683.496788424518	83
4	1376	690.434233944387	84
4	1410	702.57750753999	85
4	1433	714.467370763847	86
4	1456	733.048500933663	87
4	1481	746.132478266836	88
4	1486	747.579732209471	89
4	1488	747.837589780101	90
4	1573	798.449238521621	91
4	1580	800.181814093842	92
4	1612	817.772108829741	93
4	1682	859.196724748168	94
4	1695	865.079828315194	95
4	1697	865.438194176315	96
4	1713	873.550825266769	97
4	1721	876.785023926916	98
4	1752	893.856105972951	99
4	1756	894.36391534304	100
4	1758	894.710451452332	101
4	1774	902.988592919482	102
4	1801	913.679811613291	103
4	1809	916.360121065601	104
4	1816	919.233203880413	105
4	1818	919.519447864843	106
4	1835	929.699049328051	107
4	1846	932.918809361197	108
4	1848	933.204106311661	109
4	1856	934.881330621766	110
4	1864	940.07703714569	111
4	1892	952.591937779432	112
4	1926	968.997147774938	113
4	1931	969.639172648755	114
4	1944	975.045827297465	115
5	11	5.220748993633	1
5	26	13.24644821112	2
5	36	21.943178907438	3
5	50	33.173871299309	4
5	52	33.360769684649	5
5	54	33.624570072266	6
5	71	44.552776481491	7
5	73	44.816479013099	8
5	78	45.650285792365	9
5	90	55.358186333049	10
5	114	71.812322226336	11
5	130	79.222901046302	12
5	132	79.403343958015	13
5	134	79.671258717385	14
5	137	79.93212926476	15
5	139	80.211794757964	16
5	154	87.742066445286	17
5	156	87.959233404066	18
5	159	88.158684391394	19
5	184	107.954083818337	20
5	186	108.179903533733	21
5	203	119.280223749727	22
5	205	119.494865637454	23
5	208	119.802483538536	24
5	231	131.275650798164	25
5	233	131.576849451987	26
5	254	140.670703569364	27
5	256	140.926248335018	28
5	262	142.459774037299	29
5	269	143.685763326192	30
5	284	152.178186052534	31
5	291	154.333729400695	32
5	298	155.891304060202	33
5	300	156.13171549109	34
5	302	156.291452050931	35
5	313	161.478537981363	36
5	322	165.774512150859	37
5	331	171.117560667941	38
5	346	181.01263645808	39
5	354	185.319391216246	40
5	359	186.585709331159	41
5	365	187.829345027285	42
5	371	189.684655379674	43
5	373	189.978446173968	44
5	386	198.076657544177	45
5	388	198.442273809544	46
5	392	200.169052520375	47
5	402	206.70933364824	48
5	418	216.113890988624	49
5	424	217.189520280844	50
5	432	222.085310079717	51
5	437	223.320027515442	52
5	439	223.440100045761	53
5	448	229.051512687659	54
5	456	233.354827854976	55
5	458	233.760131579277	56
5	483	247.142070575036	57
5	485	247.219581333865	58
5	503	257.530056223768	59
5	507	258.527022606481	60
5	513	261.61577371336	61
5	531	274.361126696432	62
5	533	274.580117275738	63
5	550	282.773103565503	64
5	571	295.42989568953	65
5	585	302.071851720846	66
5	587	302.202590758974	67
5	596	306.381247581204	68
5	610	315.04451959631	69
5	612	315.25301473989	70
5	624	324.099662912496	71
5	626	324.30950902135	72
5	635	329.954874733746	73
5	666	346.913962310772	74
5	674	352.254958669568	75
5	676	352.56813981108	76
5	678	352.819924233815	77
5	681	353.052845146095	78
5	684	353.194318158426	79
5	686	353.391635480043	80
5	688	353.682566193442	81
5	696	356.386424762749	82
5	698	356.687017189684	83
5	708	360.851933196473	84
5	711	361.111219249633	85
5	715	362.417949000042	86
5	730	369.638277335366	87
5	732	369.769581375023	88
5	738	371.448582578458	89
5	753	382.659490275447	90
5	755	382.916653397204	91
5	761	383.993131618637	92
5	768	386.367028349911	93
5	774	389.254921102246	94
5	787	397.043929749023	95
5	793	399.542321566576	96
5	808	408.607103437474	97
5	853	440.91485556659	98
5	855	441.241566041321	99
5	857	441.591211009582	100
5	868	449.193046004644	101
5	875	452.697294860406	102
5	900	467.254325134936	103
5	908	472.517802348739	104
5	914	476.148925989561	105
5	925	480.973861954847	106
5	949	498.380049343261	107
5	974	511.131750040924	108
5	976	511.340995655802	109
5	988	515.763161230448	110
5	994	520.061144504622	111
5	1012	526.863654617468	112
5	1028	538.050127540348	113
5	1030	538.205365159802	114
5	1037	539.834371589014	115
5	1052	546.809844024823	116
5	1054	547.020291203851	117
5	1058	548.317400673445	118
5	1071	553.195805942481	119
5	1085	562.38534763741	120
5	1098	569.868349301672	121
5	1100	570.072949378301	122
5	1111	575.682701624301	123
5	1122	582.660927194321	124
5	1128	584.38536827781	125
5	1148	596.571428887173	126
5	1161	601.108684426236	127
5	1166	603.628633390927	128
5	1169	604.052963153922	129
5	1177	608.026681155527	130
5	1179	608.301085141231	131
5	1188	612.455491814718	132
5	1205	621.035503773778	133
5	1210	622.104883052127	134
5	1221	631.054193350574	135
5	1232	634.167068054599	136
5	1234	634.478781744069	137
5	1240	636.760824887219	138
5	1242	637.0426442585	139
5	1244	637.259002183953	140
5	1246	637.50353534153	141
5	1253	639.59590690348	142
5	1261	643.893837001942	143
5	1263	644.097868051355	144
5	1273	649.703228923692	145
5	1278	650.68420885424	146
5	1284	652.840635910884	147
5	1289	654.26822237189	148
5	1291	654.558177583355	149
5	1309	662.508369689177	150
5	1315	663.786126293855	151
5	1319	665.334746439755	152
5	1326	668.944650049769	153
5	1338	675.342771293707	154
5	1340	675.405544572934	155
5	1342	675.730567098214	156
5	1351	680.037852908747	157
5	1359	683.527766240296	158
5	1361	683.7337511739	159
5	1364	683.924538252257	160
5	1377	690.482410192034	161
5	1382	692.413445606647	162
5	1387	693.614502135418	163
5	1393	695.406169419712	164
5	1409	702.458139319094	165
5	1427	711.087205490876	166
5	1434	714.593642401181	167
5	1436	714.740434585987	168
5	1457	733.176603130933	169
5	1470	739.130563954464	170
5	1485	747.556639081958	171
5	1487	747.687902197958	172
5	1489	747.999540849553	173
5	1533	778.25704578005	174
5	1545	782.273331563959	175
5	1555	786.605994259927	176
5	1557	786.91440120558	177
5	1568	795.379106336455	178
5	1574	798.554453158992	179
5	1579	800.072860879135	180
5	1585	801.769586414677	181
5	1599	810.816118296818	182
5	1611	817.571358320252	183
5	1636	832.95619171754	184
5	1655	843.312276854722	185
5	1671	851.805319538506	186
5	1696	865.279160405533	187
5	1712	873.456760188081	188
5	1714	873.721857768794	189
5	1720	876.707780164916	190
5	1722	876.85102115752	191
5	1734	884.641153242776	192
5	1744	891.132305706615	193
5	1753	893.89467636333	194
5	1755	894.237147177469	195
5	1757	894.541747432237	196
5	1768	898.195866497076	197
5	1775	903.164509064702	198
5	1788	908.308591045146	199
5	1794	910.700979469012	200
5	1796	910.934724346123	201
5	1802	913.839046855857	202
5	1804	914.013982703482	203
5	1817	919.433232018956	204
5	1830	927.794436739119	205
5	1836	929.831303324262	206
5	1843	932.457400599988	207
5	1845	932.846371780417	208
5	1847	933.085231498643	209
5	1849	933.367166500071	210
5	1857	934.924935601602	211
5	1865	940.265759351925	212
5	1867	940.511327012082	213
5	1871	941.453946794439	214
5	1873	941.702576312383	215
5	1885	951.537843904067	216
5	1887	951.844039428898	217
5	1901	956.61031780282	218
5	1904	957.087371096471	219
5	1913	961.336191904088	220
5	1927	969.105518589071	221
5	1930	969.541596582658	222
5	1932	969.662544231727	223
5	1938	972.906623456871	224
5	1943	974.881554839131	225
5	1959	984.265335688748	226
6	11	5.220748993633	1
6	26	13.24644821112	2
6	36	21.943178907438	3
6	50	33.173871299309	4
6	52	33.360769684649	5
6	54	33.624570072266	6
6	71	44.552776481491	7
6	73	44.816479013099	8
6	78	45.650285792365	9
6	90	55.358186333049	10
6	114	71.812322226336	11
6	130	79.222901046302	12
6	132	79.403343958015	13
6	134	79.671258717385	14
6	137	79.93212926476	15
6	139	80.211794757964	16
6	154	87.742066445286	17
6	156	87.959233404066	18
6	159	88.158684391394	19
6	184	107.954083818337	20
6	186	108.179903533733	21
6	203	119.280223749727	22
6	205	119.494865637454	23
6	208	119.802483538536	24
6	231	131.275650798164	25
6	233	131.576849451987	26
6	254	140.670703569364	27
6	256	140.926248335018	28
6	262	142.459774037299	29
6	269	143.685763326192	30
6	284	152.178186052534	31
6	291	154.333729400695	32
6	298	155.891304060202	33
6	300	156.13171549109	34
6	302	156.291452050931	35
6	313	161.478537981363	36
6	322	165.774512150859	37
6	331	171.117560667941	38
6	346	181.01263645808	39
6	354	185.319391216246	40
6	359	186.585709331159	41
6	365	187.829345027285	42
6	371	189.684655379674	43
6	373	189.978446173968	44
6	386	198.076657544177	45
6	388	198.442273809544	46
6	392	200.169052520375	47
6	402	206.70933364824	48
6	418	216.113890988624	49
6	424	217.189520280844	50
6	432	222.085310079717	51
6	437	223.320027515442	52
6	439	223.440100045761	53
6	448	229.051512687659	54
6	456	233.354827854976	55
6	458	233.760131579277	56
6	483	247.142070575036	57
6	485	247.219581333865	58
6	503	257.530056223768	59
6	507	258.527022606481	60
6	513	261.61577371336	61
6	531	274.361126696432	62
6	533	274.580117275738	63
6	550	282.773103565503	64
6	571	295.42989568953	65
6	585	302.071851720846	66
6	587	302.202590758974	67
6	596	306.381247581204	68
6	610	315.04451959631	69
6	612	315.25301473989	70
6	624	324.099662912496	71
6	626	324.30950902135	72
6	635	329.954874733746	73
6	666	346.913962310772	74
6	674	352.254958669568	75
6	676	352.56813981108	76
6	678	352.819924233815	77
6	681	353.052845146095	78
6	684	353.194318158426	79
6	686	353.391635480043	80
6	688	353.682566193442	81
6	696	356.386424762749	82
6	698	356.687017189684	83
6	708	360.851933196473	84
6	711	361.111219249633	85
6	715	362.417949000042	86
6	730	369.638277335366	87
6	732	369.769581375023	88
6	738	371.448582578458	89
6	753	382.659490275447	90
6	755	382.916653397204	91
6	761	383.993131618637	92
6	768	386.367028349911	93
6	774	389.254921102246	94
6	787	397.043929749023	95
6	793	399.542321566576	96
6	808	408.607103437474	97
6	853	440.91485556659	98
6	855	441.241566041321	99
6	857	441.591211009582	100
6	868	449.193046004644	101
6	875	452.697294860406	102
6	900	467.254325134936	103
6	908	472.517802348739	104
6	914	476.148925989561	105
6	925	480.973861954847	106
6	949	498.380049343261	107
6	974	511.131750040924	108
6	976	511.340995655802	109
6	988	515.763161230448	110
6	994	520.061144504622	111
6	1012	526.863654617468	112
6	1028	538.050127540348	113
6	1030	538.205365159802	114
6	1037	539.834371589014	115
6	1052	546.809844024823	116
6	1054	547.020291203851	117
6	1058	548.317400673445	118
6	1071	553.195805942481	119
6	1085	562.38534763741	120
6	1098	569.868349301672	121
6	1100	570.072949378301	122
6	1111	575.682701624301	123
6	1122	582.660927194321	124
6	1128	584.38536827781	125
6	1148	596.571428887173	126
6	1161	601.108684426236	127
6	1166	603.628633390927	128
6	1169	604.052963153922	129
6	1177	608.026681155527	130
6	1179	608.301085141231	131
6	1188	612.455491814718	132
6	1205	621.035503773778	133
6	1210	622.104883052127	134
6	1221	631.054193350574	135
6	1232	634.167068054599	136
6	1234	634.478781744069	137
6	1240	636.760824887219	138
6	1242	637.0426442585	139
6	1244	637.259002183953	140
6	1246	637.50353534153	141
6	1253	639.59590690348	142
6	1261	643.893837001942	143
6	1263	644.097868051355	144
6	1273	649.703228923692	145
6	1278	650.68420885424	146
6	1284	652.840635910884	147
6	1289	654.26822237189	148
6	1291	654.558177583355	149
6	1309	662.508369689177	150
6	1315	663.786126293855	151
6	1319	665.334746439755	152
6	1326	668.944650049769	153
6	1338	675.342771293707	154
6	1340	675.405544572934	155
6	1342	675.730567098214	156
6	1351	680.037852908747	157
6	1359	683.527766240296	158
6	1361	683.7337511739	159
6	1364	683.924538252257	160
6	1377	690.482410192034	161
6	1382	692.413445606647	162
6	1387	693.614502135418	163
6	1393	695.406169419712	164
6	1409	702.458139319094	165
6	1427	711.087205490876	166
6	1434	714.593642401181	167
6	1436	714.740434585987	168
6	1457	733.176603130933	169
6	1470	739.130563954464	170
6	1485	747.556639081958	171
6	1487	747.687902197958	172
6	1489	747.999540849553	173
6	1533	778.25704578005	174
6	1545	782.273331563959	175
6	1555	786.605994259927	176
6	1557	786.91440120558	177
6	1568	795.379106336455	178
6	1574	798.554453158992	179
6	1579	800.072860879135	180
6	1585	801.769586414677	181
6	1599	810.816118296818	182
6	1611	817.571358320252	183
6	1636	832.95619171754	184
6	1655	843.312276854722	185
6	1671	851.805319538506	186
6	1696	865.279160405533	187
6	1712	873.456760188081	188
6	1714	873.721857768794	189
6	1720	876.707780164916	190
6	1722	876.85102115752	191
6	1734	884.641153242776	192
6	1744	891.132305706615	193
6	1753	893.89467636333	194
6	1755	894.237147177469	195
6	1757	894.541747432237	196
6	1768	898.195866497076	197
6	1775	903.164509064702	198
6	1788	908.308591045146	199
6	1794	910.700979469012	200
6	1796	910.934724346123	201
6	1802	913.839046855857	202
6	1804	914.013982703482	203
6	1817	919.433232018956	204
6	1830	927.794436739119	205
6	1836	929.831303324262	206
6	1843	932.457400599988	207
6	1845	932.846371780417	208
6	1847	933.085231498643	209
6	1849	933.367166500071	210
6	1857	934.924935601602	211
6	1865	940.265759351925	212
6	1867	940.511327012082	213
6	1871	941.453946794439	214
6	1873	941.702576312383	215
6	1885	951.537843904067	216
6	1887	951.844039428898	217
6	1901	956.61031780282	218
6	1904	957.087371096471	219
6	1913	961.336191904088	220
6	1927	969.105518589071	221
6	1930	969.541596582658	222
6	1932	969.662544231727	223
6	1938	972.906623456871	224
6	1943	974.881554839131	225
6	1959	984.265335688748	226
7	37	21.997183949971	1
7	53	33.443692840632	2
7	89	55.181241987722	3
7	113	71.615353515508	4
7	119	72.922594806686	5
7	131	79.327363771904	6
7	135	79.74455609249	7
7	157	88.042590116233	8
7	206	119.591188464272	9
7	225	129.481202832613	10
7	237	132.12827423727	11
7	263	142.659816814889	12
7	285	152.384863307764	13
7	290	154.218244041889	14
7	292	154.439399325417	15
7	307	159.257309149565	16
7	312	161.299917248096	17
7	314	161.563223979971	18
7	360	186.716989172611	19
7	364	187.763372674307	20
7	369	189.545517644822	21
7	380	195.07697214447	22
7	393	200.373551360622	23
7	412	215.015176586625	24
7	447	228.843999389257	25
7	463	235.984935897349	26
7	514	261.747919654664	27
7	520	264.713284857701	28
7	532	274.497967979235	29
7	538	277.409239024109	30
7	544	281.165260313645	31
7	548	282.693746871396	32
7	556	286.100595166534	33
7	565	291.870816206813	34
7	572	295.472038785981	35
7	579	298.585891088577	36
7	600	308.27201718903	37
7	625	324.162019699101	38
7	636	330.122181727704	39
7	647	337.071280183449	40
7	660	345.722673312838	41
7	675	352.456637801683	42
7	677	352.674594488359	43
7	697	356.489967296126	44
7	703	357.713749400674	45
7	709	360.947409304427	46
7	722	365.738948444329	47
7	739	371.619526219483	48
7	759	383.794131781212	49
7	775	389.408847920358	50
7	821	416.920348946606	51
7	827	420.109685495609	52
7	856	441.421883311043	53
7	867	448.989400351893	54
7	874	452.595977209288	55
7	887	459.622166186499	56
7	899	467.050858023293	57
7	913	476.066342739442	58
7	921	479.073329801146	59
7	926	481.088691678072	60
7	962	505.779270765952	61
7	973	511.0146905864	62
7	975	511.273726180421	63
7	981	512.627650724933	64
7	995	520.193368027653	65
7	1006	524.886741491008	66
7	1011	526.755309474986	67
7	1019	530.854671920157	68
7	1035	539.499373379598	69
7	1041	541.151153771168	70
7	1045	542.511656181376	71
7	1063	550.813934226766	72
7	1080	559.255031581956	73
7	1091	565.185616351266	74
7	1097	569.827688542229	75
7	1127	584.252726801143	76
7	1135	586.694455999466	77
7	1157	599.874169704625	78
7	1167	603.668284238711	79
7	1200	619.140695239929	80
7	1226	632.752260654505	81
7	1251	639.418939757952	82
7	1271	649.498454446129	83
7	1277	650.625931769676	84
7	1288	654.133987486112	85
7	1292	654.726792163553	86
7	1305	661.165866803717	87
7	1339	675.383638423565	88
7	1362	683.846158009249	89
7	1383	692.464002273065	90
7	1392	695.335413562352	91
7	1394	695.578784021714	92
7	1401	698.258001638845	93
7	1414	704.103799166128	94
7	1418	705.825932542168	95
7	1426	710.921256808369	96
7	1502	758.847431136983	97
7	1515	768.672014447015	98
7	1527	775.204080585299	99
7	1534	778.339009956706	100
7	1539	781.228544090733	101
7	1544	782.085993684553	102
7	1553	786.421466436241	103
7	1556	786.78933325422	104
7	1558	787.01459524136	105
7	1584	801.635753677113	106
7	1598	810.791232932329	107
7	1617	820.385408081785	108
7	1625	825.337596433862	109
7	1635	832.788898620363	110
7	1643	837.863314350485	111
7	1654	843.284931754684	112
7	1670	851.777785722661	113
7	1688	862.762599814721	114
7	1706	870.305518675752	115
7	1711	873.279865426364	116
7	1733	884.55083029611	117
7	1762	895.232080446004	118
7	1767	898.163633155763	119
7	1787	908.280255620009	120
7	1842	932.43072370646	121
7	1844	932.663121242171	122
7	1851	933.515414603649	123
7	1886	951.731744285778	124
7	1888	952.030766093291	125
7	1902	956.735675275819	126
7	1914	961.408354979006	127
7	1928	969.291622451327	128
7	1942	974.801575595778	129
7	1960	984.30993385587	130
8	37	21.997183949971	1
8	53	33.443692840632	2
8	89	55.181241987722	3
8	113	71.615353515508	4
8	119	72.922594806686	5
8	131	79.327363771904	6
8	135	79.74455609249	7
8	157	88.042590116233	8
8	206	119.591188464272	9
8	225	129.481202832613	10
8	237	132.12827423727	11
8	263	142.659816814889	12
8	285	152.384863307764	13
8	290	154.218244041889	14
8	292	154.439399325417	15
8	307	159.257309149565	16
8	312	161.299917248096	17
8	314	161.563223979971	18
8	360	186.716989172611	19
8	364	187.763372674307	20
8	369	189.545517644822	21
8	380	195.07697214447	22
8	393	200.373551360622	23
8	412	215.015176586625	24
8	447	228.843999389257	25
8	463	235.984935897349	26
8	514	261.747919654664	27
8	520	264.713284857701	28
8	532	274.497967979235	29
8	538	277.409239024109	30
8	544	281.165260313645	31
8	548	282.693746871396	32
8	556	286.100595166534	33
8	565	291.870816206813	34
8	572	295.472038785981	35
8	579	298.585891088577	36
8	600	308.27201718903	37
8	625	324.162019699101	38
8	636	330.122181727704	39
8	647	337.071280183449	40
8	660	345.722673312838	41
8	675	352.456637801683	42
8	677	352.674594488359	43
8	697	356.489967296126	44
8	703	357.713749400674	45
8	709	360.947409304427	46
8	722	365.738948444329	47
8	739	371.619526219483	48
8	759	383.794131781212	49
8	775	389.408847920358	50
8	821	416.920348946606	51
8	827	420.109685495609	52
8	856	441.421883311043	53
8	867	448.989400351893	54
8	874	452.595977209288	55
8	887	459.622166186499	56
8	899	467.050858023293	57
8	913	476.066342739442	58
8	921	479.073329801146	59
8	926	481.088691678072	60
8	962	505.779270765952	61
8	973	511.0146905864	62
8	975	511.273726180421	63
8	981	512.627650724933	64
8	995	520.193368027653	65
8	1006	524.886741491008	66
8	1011	526.755309474986	67
8	1019	530.854671920157	68
8	1035	539.499373379598	69
8	1041	541.151153771168	70
8	1045	542.511656181376	71
8	1063	550.813934226766	72
8	1080	559.255031581956	73
8	1091	565.185616351266	74
8	1097	569.827688542229	75
8	1127	584.252726801143	76
8	1135	586.694455999466	77
8	1157	599.874169704625	78
8	1167	603.668284238711	79
8	1200	619.140695239929	80
8	1226	632.752260654505	81
8	1251	639.418939757952	82
8	1271	649.498454446129	83
8	1277	650.625931769676	84
8	1288	654.133987486112	85
8	1292	654.726792163553	86
8	1305	661.165866803717	87
8	1339	675.383638423565	88
8	1362	683.846158009249	89
8	1383	692.464002273065	90
8	1392	695.335413562352	91
8	1394	695.578784021714	92
8	1401	698.258001638845	93
8	1414	704.103799166128	94
8	1418	705.825932542168	95
8	1426	710.921256808369	96
8	1502	758.847431136983	97
8	1515	768.672014447015	98
8	1527	775.204080585299	99
8	1534	778.339009956706	100
8	1539	781.228544090733	101
8	1544	782.085993684553	102
8	1553	786.421466436241	103
8	1556	786.78933325422	104
8	1558	787.01459524136	105
8	1584	801.635753677113	106
8	1598	810.791232932329	107
8	1617	820.385408081785	108
8	1625	825.337596433862	109
8	1635	832.788898620363	110
8	1643	837.863314350485	111
8	1654	843.284931754684	112
8	1670	851.777785722661	113
8	1688	862.762599814721	114
8	1706	870.305518675752	115
8	1711	873.279865426364	116
8	1733	884.55083029611	117
8	1762	895.232080446004	118
8	1767	898.163633155763	119
8	1787	908.280255620009	120
8	1842	932.43072370646	121
8	1844	932.663121242171	122
8	1851	933.515414603649	123
8	1886	951.731744285778	124
8	1888	952.030766093291	125
8	1902	956.735675275819	126
8	1914	961.408354979006	127
8	1928	969.291622451327	128
8	1942	974.801575595778	129
8	1960	984.30993385587	130
9	38	22.084001955167	1
9	72	44.665446632258	2
9	79	45.731202765275	3
9	115	71.887049223775	4
9	133	79.473553454779	5
9	136	79.7810700589	6
9	158	88.107311949584	7
9	204	119.40187758137	8
9	207	119.724076609931	9
9	226	129.659658442015	10
9	232	131.449218245477	11
9	257	140.993775297307	12
9	264	142.761850495108	13
9	286	152.547945761203	14
9	293	154.597034756332	15
9	308	159.378978960794	16
9	370	189.607643629834	17
9	372	189.874301780241	18
9	381	195.267520626076	19
9	413	215.087716707403	20
9	419	216.272036530159	21
9	433	222.216414922714	22
9	438	223.408911862239	23
9	457	233.560245368719	24
9	464	236.027975398994	25
9	486	247.251740870653	26
9	539	277.455449207079	27
9	549	282.740911914268	28
9	573	295.590686949392	29
9	648	337.212947440005	30
9	661	345.839881873376	31
9	685	353.28253178043	32
9	689	353.753032146992	33
9	710	361.082820267619	34
9	716	362.612377898005	35
9	723	365.788556363097	36
9	733	369.803516987826	37
9	760	383.824951984442	38
9	822	417.074115770583	39
9	854	441.098644483203	40
9	888	459.645936550037	41
9	927	481.242399755548	42
9	963	505.855625786696	43
9	996	520.229808284517	44
9	1007	525.013571372632	45
9	1031	538.354956812492	46
9	1036	539.685305640422	47
9	1064	550.884024373248	48
9	1112	575.716672343311	49
9	1123	582.829133471187	50
9	1168	603.865712894203	51
9	1178	608.168810987747	52
9	1222	631.176266161109	53
9	1227	632.947809506419	54
9	1243	637.071753295341	55
9	1245	637.392486857844	56
9	1252	639.496040537515	57
9	1254	639.661950307621	58
9	1264	644.199625195992	59
9	1272	649.571718650963	60
9	1279	650.799031788463	61
9	1290	654.358520403372	62
9	1293	654.809135377346	63
9	1320	665.509536778273	64
9	1341	675.591088780333	65
9	1352	680.186993775684	66
9	1360	683.625104176894	67
9	1363	683.87061696736	68
9	1378	690.535173294557	69
9	1388	693.767573967104	70
9	1395	695.629991518336	71
9	1402	698.319281113398	72
9	1435	714.686867878738	73
9	1458	733.24201792597	74
9	1471	739.168101597221	75
9	1516	768.700279072879	76
9	1528	775.323862666815	77
9	1540	781.364255422368	78
9	1554	786.466045679927	79
9	1575	798.740593772129	80
9	1618	820.428570590012	81
9	1644	838.013735230316	82
9	1715	873.775249807116	83
9	1735	884.717195452658	84
9	1745	891.283108196544	85
9	1754	894.075621612607	86
9	1776	903.337119357542	87
9	1795	910.85500878899	88
9	1803	913.971528171081	89
9	1831	927.922251657033	90
9	1866	940.340412896796	91
9	1872	941.609592143565	92
9	1874	941.832020413694	93
9	1903	956.933470531073	94
9	1905	957.266504195116	95
9	1929	969.342631529814	96
9	1961	984.505759623501	97
10	38	22.084001955167	1
10	72	44.665446632258	2
10	79	45.731202765275	3
10	115	71.887049223775	4
10	133	79.473553454779	5
10	136	79.7810700589	6
10	158	88.107311949584	7
10	204	119.40187758137	8
10	207	119.724076609931	9
10	226	129.659658442015	10
10	232	131.449218245477	11
10	257	140.993775297307	12
10	264	142.761850495108	13
10	286	152.547945761203	14
10	293	154.597034756332	15
10	308	159.378978960794	16
10	370	189.607643629834	17
10	372	189.874301780241	18
10	381	195.267520626076	19
10	413	215.087716707403	20
10	419	216.272036530159	21
10	433	222.216414922714	22
10	438	223.408911862239	23
10	457	233.560245368719	24
10	464	236.027975398994	25
10	486	247.251740870653	26
10	539	277.455449207079	27
10	549	282.740911914268	28
10	573	295.590686949392	29
10	648	337.212947440005	30
10	661	345.839881873376	31
10	685	353.28253178043	32
10	689	353.753032146992	33
10	710	361.082820267619	34
10	716	362.612377898005	35
10	723	365.788556363097	36
10	733	369.803516987826	37
10	760	383.824951984442	38
10	822	417.074115770583	39
10	854	441.098644483203	40
10	888	459.645936550037	41
10	927	481.242399755548	42
10	963	505.855625786696	43
10	996	520.229808284517	44
10	1007	525.013571372632	45
10	1031	538.354956812492	46
10	1036	539.685305640422	47
10	1064	550.884024373248	48
10	1112	575.716672343311	49
10	1123	582.829133471187	50
10	1168	603.865712894203	51
10	1178	608.168810987747	52
10	1222	631.176266161109	53
10	1227	632.947809506419	54
10	1243	637.071753295341	55
10	1245	637.392486857844	56
10	1252	639.496040537515	57
10	1254	639.661950307621	58
10	1264	644.199625195992	59
10	1272	649.571718650963	60
10	1279	650.799031788463	61
10	1290	654.358520403372	62
10	1293	654.809135377346	63
10	1320	665.509536778273	64
10	1341	675.591088780333	65
10	1352	680.186993775684	66
10	1360	683.625104176894	67
10	1363	683.87061696736	68
10	1378	690.535173294557	69
10	1388	693.767573967104	70
10	1395	695.629991518336	71
10	1402	698.319281113398	72
10	1435	714.686867878738	73
10	1458	733.24201792597	74
10	1471	739.168101597221	75
10	1516	768.700279072879	76
10	1528	775.323862666815	77
10	1540	781.364255422368	78
10	1554	786.466045679927	79
10	1575	798.740593772129	80
10	1618	820.428570590012	81
10	1644	838.013735230316	82
10	1715	873.775249807116	83
10	1735	884.717195452658	84
10	1745	891.283108196544	85
10	1754	894.075621612607	86
10	1776	903.337119357542	87
10	1795	910.85500878899	88
10	1803	913.971528171081	89
10	1831	927.922251657033	90
10	1866	940.340412896796	91
10	1872	941.609592143565	92
10	1874	941.832020413694	93
10	1903	956.933470531073	94
10	1905	957.266504195116	95
10	1929	969.342631529814	96
10	1961	984.505759623501	97
11	39	22.234468700684	1
11	80	45.868799450698	2
11	116	71.984879966706	3
11	265	142.954492173593	4
11	294	154.767230581169	5
11	309	159.505032311902	6
11	382	195.361996460641	7
11	420	216.4524418884	8
11	434	222.347695597739	9
11	487	247.286452788271	10
11	649	337.247511088191	11
11	662	345.8911987984	12
11	690	353.909536334243	13
11	823	417.243454718092	14
11	928	481.341650608265	15
11	964	505.887710898613	16
11	997	520.353220774462	17
11	1032	538.443197575816	18
11	1113	575.776119727918	19
11	1124	582.91294225488	20
11	1265	644.295807742375	21
11	1294	654.908024653948	22
11	1379	690.692766831989	23
11	1396	695.806530550807	24
11	1403	698.466145579725	25
11	1459	733.263023562486	26
11	1472	739.355827666481	27
11	1517	768.838880285953	28
11	1529	775.428616967929	29
11	1576	798.915696439272	30
11	1645	838.217328458373	31
11	1716	873.894847401696	32
11	1736	884.82028370859	33
11	1777	903.437446368721	34
11	1875	942.04067386477	35
11	1906	957.450802996603	36
11	1962	984.574417660642	37
12	39	22.234468700684	2.086687221592
12	80	45.868799450698	1.519170327316
12	116	71.984879966706	2.4047785536
12	265	142.954492173593	2.46813303051
12	294	154.767230581169	2.817382225293
12	309	159.505032311902	2.243239330685
12	382	195.361996460641	2.425768405446
12	420	216.4524418884	1.711489042816
12	434	222.347695597739	1.631286244744
12	487	247.286452788271	1.580270480087
12	649	337.247511088191	1.732175498854
12	662	345.8911987984	2.401765904552
12	690	353.909536334243	3.582173167829
12	823	417.243454718092	2.40489914026
12	928	481.341650608265	2.444021857458
12	964	505.887710898613	2.372036075496
12	997	520.353220774462	1.715173731539
12	1032	538.443197575816	2.2396429069651
12	1113	575.776119727918	2.0208772776009
12	1124	582.91294225488	1.677496448435
12	1265	644.295807742375	2.3642969291541
12	1294	654.908024653948	2.5586492347101
12	1379	690.692766831989	1.7079244178019
12	1396	695.806530550807	2.443232538713
12	1403	698.466145579725	1.861669782421
12	1459	733.263023562486	2.2175530493989
12	1472	739.355827666481	1.923611777115
12	1517	768.838880285953	1.56022684341
12	1529	775.428616967929	2.110227780213
12	1576	798.915696439272	1.817040067656
12	1645	838.217328458373	2.460500627189
12	1716	873.894847401696	2.31199226588
12	1736	884.82028370859	1.9604489105279
12	1777	903.437446368721	2.3366246597781
12	1875	942.04067386477	2.2234197506569
12	1906	957.450802996603	2.131894172102
12	1962	984.574417660642	1.887349448183

