version 3
run General-1-20231019-19:59:30-65822
attr configname General
attr datetime 20231019-19:59:30
attr datetimef 20231019-195930
attr experiment General
attr inifile omnetpp.ini
attr iterationvars ""
attr iterationvarsd ""
attr iterationvarsf ""
attr measurement ""
attr network Multihop
attr processid 65822
attr repetition 1
attr replication #1
attr resultdir results
attr runnumber 1
attr seedset 1
config network Multihop
config Multihop.node[*].transmissionTime "uniform(1s, 2s)"
config Multihop.node[*].delayTime "uniform(0.01s, 0.2s)"
config Multihop.node[*].lossProbability 0.3
config record-eventlog true
config sim-time-limit 1000s
config repeat 5

vector 0 Multihop.node[0] txVector ETV
vector 1 Multihop.node[1] rxVector ETV
vector 2 Multihop.node[1] txVector ETV
vector 3 Multihop.node[3] rxVector ETV
vector 4 Multihop.node[3] txVector ETV
vector 5 Multihop.node[4] rxVector ETV
vector 6 Multihop.node[4] txVector ETV
vector 7 Multihop.node[2] rxVector ETV
vector 8 Multihop.node[2] txVector ETV
vector 9 Multihop.node[5] rxVector ETV
vector 10 Multihop.node[5] txVector ETV
vector 11 Multihop.node[6] rxVector ETV
vector 12 Multihop.node[6] e2eVector ETV
0	0	0	1
0	1	0.089234179703	2
0	3	2.086418987836	3
0	5	3.214543435608	4
0	6	4.450632411872	5
0	7	5.847213138013	6
0	13	7.23512387823	7
0	16	8.769537785441	8
0	17	10.708665580374	9
0	22	12.487054815867	10
0	23	13.526109600092	11
0	24	14.695940022708	12
0	29	16.574082526962	13
0	34	18.260583451601	14
0	36	19.706717952272	15
0	39	20.780082126498	16
0	41	21.910110695638	17
0	45	23.588946226171	18
0	52	25.54548188497	19
0	54	27.060370992521	20
0	57	28.646926031333	21
0	62	30.53906189988	22
0	68	32.422367991298	23
0	70	34.085809489596	24
0	72	35.20055545948	25
0	75	36.650467592641	26
0	80	38.413387659821	27
0	84	40.299329755013	28
0	91	42.228766989312	29
0	92	44.151791530079	30
0	94	45.863316286937	31
0	96	46.883196418988	32
0	98	47.9115029081	33
0	99	49.77153085859	34
0	100	51.310361924697	35
0	102	52.863183898036	36
0	103	53.987357215141	37
0	104	55.266540895798	38
0	107	56.852300163707	39
0	109	58.665295135346	40
0	114	60.382686737342	41
0	115	61.536025221342	42
0	116	63.473215547273	43
0	117	65.389625420444	44
0	118	67.171583883114	45
0	121	68.787912825936	46
0	122	69.85988710902	47
0	124	71.82716343866	48
0	125	73.030456679755	49
0	126	74.282782426451	50
0	127	76.026608283746	51
0	133	77.222037763915	52
0	134	78.981386563157	53
0	135	80.632507128523	54
0	139	81.672190630458	55
0	140	83.251935854204	56
0	142	84.632077030022	57
0	146	86.37741146062	58
0	147	87.587585472851	59
0	148	89.340341031202	60
0	150	90.406877513626	61
0	151	92.211632079096	62
0	157	93.405066359905	63
0	159	94.570472472697	64
0	160	95.997283316567	65
0	164	97.725840713247	66
0	166	99.367406919948	67
0	167	100.853397589992	68
0	168	102.457708079484	69
0	172	104.007255998789	70
0	174	105.181211664457	71
0	176	106.3162908199	72
0	179	107.337815628037	73
0	180	108.809899053652	74
0	182	109.915290303877	75
0	186	111.800980164785	76
0	187	113.645714609999	77
0	191	115.551106921978	78
0	194	117.041360444272	79
0	195	118.475036797928	80
0	197	120.282397322705	81
0	201	122.175286027253	82
0	202	123.22919530177	83
0	203	124.649388982332	84
0	207	126.328457819647	85
0	208	128.302241362282	86
0	209	129.906957463012	87
0	210	131.735803272691	88
0	216	133.310514780576	89
0	220	134.315178093384	90
0	222	135.716657678946	91
0	224	137.338577047573	92
0	228	139.312379128882	93
0	229	141.110017935862	94
0	232	142.990016222815	95
0	233	144.242382926051	96
0	238	146.097280870773	97
0	239	147.666138866799	98
0	244	149.131848742602	99
0	246	150.94370743574	100
0	248	152.632120683672	101
0	251	153.79309211939	102
0	255	155.640114402048	103
0	256	156.858797305379	104
0	257	158.299625627346	105
0	262	159.779903810354	106
0	266	161.396588879287	107
0	267	162.549260528641	108
0	269	164.171066756243	109
0	272	165.825204103602	110
0	277	166.873504115617	111
0	279	168.740112386759	112
0	289	170.566519380197	113
0	294	172.363108057411	114
0	297	173.917140210861	115
0	300	175.911053229704	116
0	302	177.36920410802	117
0	303	178.903138441382	118
0	305	180.480417888029	119
0	310	181.794564413488	120
0	312	183.784316121949	121
0	313	185.032049023429	122
0	318	186.294222102383	123
0	319	187.783229403313	124
0	324	188.986903731826	125
0	326	190.946338049018	126
0	328	191.978661117724	127
0	330	193.443662600008	128
0	336	194.665095335686	129
0	338	196.007549451546	130
0	341	197.436318226041	131
0	342	199.171671921037	132
0	343	200.775166568462	133
0	344	202.455185714759	134
0	346	204.039145503076	135
0	347	205.40016297379	136
0	355	207.358862877707	137
0	357	209.012552633299	138
0	359	210.731641993508	139
0	361	212.340455082361	140
0	365	213.621139873866	141
0	366	214.698918747598	142
0	367	216.314222979475	143
0	373	218.152026847121	144
0	374	219.791085821227	145
0	375	221.280785430572	146
0	377	223.17016017891	147
0	378	225.017950159381	148
0	392	226.665674014133	149
0	395	228.118527513812	150
0	401	230.013224122463	151
0	405	231.8997236063	152
0	406	233.306426480063	153
0	408	234.662836568313	154
0	411	236.519309631665	155
0	413	237.704440028057	156
0	416	238.944795646588	157
0	417	240.22026583401	158
0	420	241.271907068905	159
0	424	242.446627215598	160
0	427	244.422616284456	161
0	428	246.133711603818	162
0	429	247.327172174932	163
0	434	248.395603235228	164
0	435	250.219841076642	165
0	437	251.852456895517	166
0	442	253.329339232644	167
0	443	254.64931067021	168
0	446	255.761210428666	169
0	449	257.224130514659	170
0	451	258.687988293473	171
0	452	260.000489676487	172
0	455	261.505008845473	173
0	456	262.901807955582	174
0	463	264.764719677506	175
0	468	266.249148121452	176
0	471	267.671913851867	177
0	472	269.527742224163	178
0	473	270.722779715317	179
0	474	272.470100527745	180
0	476	273.759703273535	181
0	481	275.187440603854	182
0	482	276.931913756881	183
0	483	278.153310456429	184
0	485	279.367422596434	185
0	490	280.50994093262	186
0	491	282.195694519089	187
0	494	283.797498879138	188
0	498	285.102016864692	189
0	499	286.580048176342	190
0	502	287.706258280318	191
0	506	289.641212907037	192
0	512	290.688676860765	193
0	516	291.733604676439	194
0	518	293.52458483784	195
0	521	294.990415285691	196
0	525	296.895046287566	197
0	530	298.101500345744	198
0	533	300.087209169637	199
0	535	302.007156397333	200
0	538	303.538614719525	201
0	542	305.089701894322	202
0	546	306.951668451424	203
0	549	308.668597454787	204
0	555	309.760155711206	205
0	557	311.373366925283	206
0	558	313.070674949675	207
0	561	314.073787808768	208
0	562	315.600762397168	209
0	563	316.695704465383	210
0	566	318.05215832626	211
0	567	319.253465537797	212
0	568	320.37561961182	213
0	574	322.005291027833	214
0	582	323.226773081931	215
0	587	324.832252081602	216
0	590	326.645049796325	217
0	597	328.492989184453	218
0	601	329.555498317933	219
0	605	331.415050088546	220
0	611	333.271752583912	221
0	612	334.83358448872	222
0	613	335.967738013599	223
0	616	337.67655531352	224
0	617	339.18363523821	225
0	619	340.975456277259	226
0	620	342.753304757063	227
0	621	344.159787631013	228
0	623	345.807558259579	229
0	626	347.129378224841	230
0	629	348.977925530986	231
0	634	350.960416474032	232
0	636	352.317927638653	233
0	637	354.01529651473	234
0	638	355.283946641839	235
0	640	357.092224656024	236
0	642	358.636346038549	237
0	645	360.49170245568	238
0	650	362.389907503153	239
0	654	363.645615728923	240
0	656	365.552407613375	241
0	662	367.117275222323	242
0	664	368.472583131052	243
0	665	370.104229758379	244
0	673	371.811546358864	245
0	675	373.473708339387	246
0	679	375.320204705584	247
0	681	377.032270231635	248
0	687	378.222809656408	249
0	695	379.374534530217	250
0	696	380.427529075533	251
0	700	381.627024617862	252
0	701	383.270318754368	253
0	704	384.934861504358	254
0	705	386.123055767386	255
0	707	387.870060595336	256
0	710	389.665361759604	257
0	714	390.75290988025	258
0	720	392.222698916101	259
0	724	394.19441893988	260
0	726	395.960422024016	261
0	728	397.775510227193	262
0	734	399.028382214603	263
0	736	400.395744807205	264
0	741	401.856487264509	265
0	742	403.12537929055	266
0	745	404.197391324562	267
0	749	405.596585285502	268
0	756	407.373683513958	269
0	759	408.761780939648	270
0	760	410.346310443828	271
0	761	411.770865619067	272
0	762	413.113423059579	273
0	769	414.530472154614	274
0	774	416.266528614449	275
0	775	417.713163666312	276
0	776	419.590198061314	277
0	777	420.843779808727	278
0	780	422.117589510397	279
0	782	423.613143547323	280
0	783	425.604623741821	281
0	785	426.652141693865	282
0	793	427.877867561418	283
0	797	429.852271026585	284
0	799	431.178080996385	285
0	801	432.929788717654	286
0	806	434.399267742763	287
0	809	435.650467717674	288
0	810	437.441724856271	289
0	811	438.484443202036	290
0	813	440.118166985343	291
0	816	441.933990819267	292
0	819	443.366346414554	293
0	822	444.796021076971	294
0	823	446.747796772634	295
0	827	447.798709157276	296
0	829	449.309036881783	297
0	838	451.273618283569	298
0	844	453.100701977153	299
0	850	454.571517994514	300
0	851	456.10097229516	301
0	855	458.052436665053	302
0	858	459.352828631064	303
0	860	460.951293321446	304
0	862	462.576114618805	305
0	865	463.858254067487	306
0	866	465.502722768233	307
0	868	467.151186803709	308
0	869	469.046682766992	309
0	870	470.427639988372	310
0	873	471.899334655031	311
0	876	473.245013865763	312
0	879	474.542866803826	313
0	883	475.735422825561	314
0	888	477.323790155704	315
0	892	478.408282596505	316
0	893	479.6426385009	317
0	895	481.493552689794	318
0	897	483.138975269049	319
0	905	485.070032542459	320
0	907	486.654579806029	321
0	914	487.726527026975	322
0	917	489.408172362605	323
0	921	491.40074041754	324
0	926	493.014465033896	325
0	931	494.113905600393	326
0	932	495.348983239503	327
0	938	496.810585320349	328
0	941	498.675271466495	329
0	949	500.066488570654	330
0	954	501.81735070411	331
0	962	503.639200076814	332
0	963	504.751978107616	333
0	965	506.16306185292	334
0	969	508.119745405511	335
0	974	509.312094653844	336
0	976	510.416194773632	337
0	978	512.093253558854	338
0	982	513.496276214373	339
0	985	515.324566095489	340
0	986	516.325330481286	341
0	994	517.55292822386	342
0	997	519.47766903078	343
0	1001	521.362635551605	344
0	1002	522.480828182425	345
0	1005	524.317825959649	346
0	1011	525.659952583144	347
0	1014	527.527940330215	348
0	1018	528.654653713459	349
0	1023	530.32706481044	350
0	1030	531.681999458585	351
0	1031	532.782234104702	352
0	1032	534.319241223743	353
0	1033	535.685224568823	354
0	1035	537.289531410558	355
0	1036	538.682354356747	356
0	1040	540.075327349014	357
0	1041	541.4793289596	358
0	1049	542.61544211663	359
0	1054	543.782883972746	360
0	1056	545.758223215935	361
0	1059	547.666731717882	362
0	1069	549.222631930725	363
0	1070	550.260235809374	364
0	1071	552.024962453756	365
0	1072	553.54324403743	366
0	1074	554.548560563128	367
0	1075	556.083392796458	368
0	1080	557.851355675261	369
0	1081	559.611393850183	370
0	1087	561.117361568965	371
0	1088	562.401155813018	372
0	1089	564.375129463736	373
0	1090	565.807106515512	374
0	1092	566.923804482099	375
0	1102	568.140259598734	376
0	1104	569.936818182122	377
0	1105	571.244700629383	378
0	1110	573.172809706654	379
0	1112	574.883164281144	380
0	1120	576.488377174714	381
0	1123	578.348443941332	382
0	1124	579.848480831252	383
0	1125	581.141485176168	384
0	1127	583.04722069728	385
0	1128	584.454645711349	386
0	1131	585.598935171615	387
0	1134	586.877173613643	388
0	1137	588.299006669668	389
0	1140	590.189513500433	390
0	1141	592.097894583715	391
0	1143	593.193287210425	392
0	1149	594.642613391744	393
0	1150	596.62103751011	394
0	1152	598.09000343655	395
0	1153	600.058446014884	396
0	1154	601.247093442713	397
0	1159	602.839750621353	398
0	1161	604.35594908416	399
0	1164	606.340075629416	400
0	1165	607.504985106994	401
0	1166	609.396821048694	402
0	1168	611.364455962904	403
0	1169	612.620887884522	404
0	1171	613.981645788416	405
0	1172	615.259631940746	406
0	1176	616.593718805234	407
0	1178	617.947113154572	408
0	1179	619.08032026852	409
0	1180	621.017400658806	410
0	1185	622.822236503125	411
0	1187	624.67667498358	412
0	1189	626.407570235547	413
0	1197	627.803634673007	414
0	1200	629.729013581643	415
0	1202	631.666732887853	416
0	1206	633.648731336812	417
0	1207	635.269505478092	418
0	1208	637.219350291998	419
0	1215	638.880311616114	420
0	1217	640.145823630388	421
0	1219	641.820322474348	422
0	1221	643.141970623633	423
0	1224	644.287756058736	424
0	1226	645.626756921759	425
0	1228	647.270762276253	426
0	1229	648.411813693702	427
0	1233	650.30568961019	428
0	1240	651.672946621779	429
0	1242	653.364930523907	430
0	1243	654.88524416054	431
0	1245	656.71371230774	432
0	1246	658.538570868898	433
0	1252	659.820415954919	434
0	1257	660.903950160484	435
0	1258	662.715417761005	436
0	1263	664.388139561865	437
0	1265	666.28386866825	438
0	1267	668.245441203586	439
0	1279	669.651729627161	440
0	1283	671.118445514117	441
0	1293	672.155420579363	442
0	1298	673.837486840666	443
0	1300	675.738229052278	444
0	1301	677.684905737054	445
0	1310	679.238339440313	446
0	1314	681.235249766496	447
0	1319	682.291299331582	448
0	1324	683.563596852238	449
0	1326	685.195217600905	450
0	1327	686.937601029289	451
0	1330	688.327865731086	452
0	1331	689.957547542055	453
0	1332	691.515687878824	454
0	1333	692.687906572477	455
0	1334	694.378306867669	456
0	1336	696.222005663787	457
0	1337	697.844446100875	458
0	1341	699.799212678683	459
0	1346	701.006294100427	460
0	1353	702.936938487108	461
0	1355	704.818198931285	462
0	1356	706.423525579388	463
0	1362	708.170662984366	464
0	1366	710.15690976579	465
0	1368	711.896236742961	466
0	1370	713.409896698895	467
0	1371	714.608085773301	468
0	1376	716.02498758293	469
0	1382	717.458677325745	470
0	1386	718.846245169056	471
0	1389	720.690112262148	472
0	1392	721.990744549198	473
0	1393	723.330570337478	474
0	1394	724.847467905724	475
0	1397	725.92115125188	476
0	1399	727.568704235948	477
0	1400	728.921946640707	478
0	1401	730.120145873282	479
0	1406	731.340739953214	480
0	1415	732.496941476943	481
0	1424	734.221220975159	482
0	1431	735.641934174694	483
0	1436	736.941824639564	484
0	1438	738.492404201649	485
0	1439	739.888052479014	486
0	1442	741.659770961501	487
0	1446	742.66332571546	488
0	1449	743.90841290343	489
0	1452	745.678545087459	490
0	1454	747.627244907547	491
0	1457	749.585732500417	492
0	1459	751.243253906606	493
0	1461	753.050766175729	494
0	1469	754.501868638093	495
0	1470	755.539452494005	496
0	1471	756.686955004348	497
0	1474	758.609593700966	498
0	1476	759.926688622566	499
0	1479	761.330047315568	500
0	1480	762.796356310252	501
0	1481	764.287364843883	502
0	1484	766.054227221175	503
0	1486	767.579938811832	504
0	1491	768.761134191998	505
0	1497	770.607856417657	506
0	1498	771.622425152571	507
0	1501	772.837634735857	508
0	1506	774.478785138461	509
0	1511	776.074054915575	510
0	1512	777.895825204324	511
0	1515	779.804722973263	512
0	1520	781.023599817069	513
0	1521	782.493898742717	514
0	1522	784.176596787177	515
0	1523	785.19001509843	516
0	1528	787.172493212741	517
0	1533	789.063785712352	518
0	1538	791.044484748157	519
0	1539	792.221153287102	520
0	1542	793.765109179426	521
0	1546	795.060346434942	522
0	1555	796.400034872002	523
0	1556	798.045180151823	524
0	1557	799.983934505495	525
0	1559	801.805346314913	526
0	1561	802.917246851256	527
0	1562	804.687084098464	528
0	1568	806.457455978613	529
0	1570	807.504409796908	530
0	1571	809.199094292359	531
0	1572	810.225294352393	532
0	1577	811.639127803617	533
0	1578	812.823255361174	534
0	1584	814.651988209341	535
0	1590	816.614066420006	536
0	1591	818.552151522715	537
0	1592	820.273822531686	538
0	1595	821.483456728863	539
0	1602	823.441645470797	540
0	1603	824.781494900468	541
0	1607	826.014486097614	542
0	1610	827.615451556979	543
0	1612	829.035821127355	544
0	1614	830.777072862605	545
0	1619	831.849588389391	546
0	1622	833.089762119692	547
0	1625	834.956340123316	548
0	1631	836.130841310717	549
0	1633	837.34869858052	550
0	1636	839.071507948333	551
0	1639	840.494349762447	552
0	1641	841.550725754699	553
0	1647	843.079850333393	554
0	1652	844.462047143257	555
0	1655	845.745509576867	556
0	1660	847.021238145535	557
0	1661	848.258220209624	558
0	1662	850.183940750431	559
0	1667	851.965136149317	560
0	1668	853.792336474057	561
0	1673	855.156859915122	562
0	1678	856.690125746769	563
0	1679	858.397313359077	564
0	1681	859.988213958335	565
0	1682	861.895858607138	566
0	1684	862.89836616686	567
0	1685	864.459775851457	568
0	1688	866.193698983756	569
0	1693	867.600137992879	570
0	1695	868.605114355567	571
0	1697	869.925321010058	572
0	1698	871.523984894972	573
0	1700	873.135484374944	574
0	1703	874.456333276234	575
0	1706	876.424241440022	576
0	1707	878.394025986433	577
0	1713	879.944117024891	578
0	1725	881.183109503357	579
0	1732	882.545574822814	580
0	1736	883.794981328889	581
0	1738	885.134243732204	582
0	1740	886.486047813322	583
0	1744	887.86025735352	584
0	1748	889.614432381818	585
0	1753	891.081670944	586
0	1754	892.17589146749	587
0	1755	894.077336490507	588
0	1756	895.389519611028	589
0	1763	896.596559673435	590
0	1767	897.924083724971	591
0	1772	898.926626963428	592
0	1774	900.209054989627	593
0	1775	901.501781558272	594
0	1778	902.915472291297	595
0	1786	904.333982705957	596
0	1787	905.852630992074	597
0	1788	907.56764803117	598
0	1795	909.001125621962	599
0	1797	910.655663155838	600
0	1802	912.398251212089	601
0	1807	914.227824931851	602
0	1810	916.198922716434	603
0	1813	917.566175142423	604
0	1819	919.229324036398	605
0	1823	920.504378082118	606
0	1827	922.479790578251	607
0	1832	923.775516116646	608
0	1839	925.732047556088	609
0	1844	927.689272895342	610
0	1847	929.50296750374	611
0	1851	931.201249304347	612
0	1852	932.809492789096	613
0	1853	934.67035157292	614
0	1862	935.899892197343	615
0	1864	937.033286222609	616
0	1868	938.146697220512	617
0	1870	939.554358032652	618
0	1871	941.338902276828	619
0	1872	943.252268311455	620
0	1875	945.04723396304	621
0	1876	946.437072717472	622
0	1880	947.889631345755	623
0	1883	949.07559231215	624
0	1885	950.649007767326	625
0	1886	952.606276852897	626
0	1887	953.865908712036	627
0	1892	955.267253680042	628
0	1895	956.586189546044	629
0	1896	958.239112517684	630
0	1900	959.28227642307	631
0	1901	960.491683196863	632
0	1903	961.518380145198	633
0	1904	962.977348112157	634
0	1906	964.885990264016	635
0	1907	966.473581788252	636
0	1908	968.215135750017	637
0	1911	969.626225152175	638
0	1914	970.662206116953	639
0	1919	972.336418566183	640
0	1921	973.820888624881	641
0	1924	974.958332171552	642
0	1925	976.35881833558	643
0	1928	977.361929566255	644
0	1929	978.382217676267	645
0	1934	979.427384704705	646
0	1938	980.805597573407	647
0	1941	982.019778367952	648
0	1943	983.409053309244	649
0	1949	985.121298116754	650
0	1950	986.918794101925	651
0	1951	988.705211186904	652
0	1952	989.860739772563	653
0	1955	991.178557319456	654
0	1957	992.220244759117	655
0	1959	993.421876515616	656
0	1962	994.872769171726	657
0	1965	996.384711452415	658
0	1968	997.61565316108	659
0	1976	998.766093837683	660
1	8	5.994464885683	1
1	14	7.428776662486	2
1	18	10.864699977435	3
1	25	14.734625921624	4
1	30	16.752661404923	5
1	37	19.815873271982	6
1	42	21.970320036743	7
1	46	23.658532232635	8
1	55	27.25201735597	9
1	58	28.738667056916	10
1	63	30.677559619056	11
1	73	35.33044948488	12
1	76	36.817070641767	13
1	81	38.501268914307	14
1	85	40.450600169667	15
1	105	55.470764087476	16
1	110	58.801755272504	17
1	119	67.198423775897	18
1	128	76.157066480376	19
1	136	80.807143637269	20
1	143	84.779231279743	21
1	152	92.35312964662	22
1	161	96.160987040718	23
1	169	102.653682550608	24
1	177	106.516405159953	25
1	183	110.036821997857	26
1	188	113.753091860028	27
1	192	115.684937880562	28
1	198	120.412190193901	29
1	204	124.843923320172	30
1	211	131.875137751116	31
1	217	133.380713408372	32
1	225	137.487359216374	33
1	230	141.301747906495	34
1	234	144.362648708606	35
1	240	147.751249759338	36
1	249	152.740827887868	37
1	252	153.972460207046	38
1	258	158.382949645374	39
1	263	159.844300376535	40
1	270	164.218530408662	41
1	273	166.016026263557	42
1	280	168.922394321252	43
1	290	170.671287163893	44
1	295	172.461265394868	45
1	298	174.040893663954	46
1	306	180.638384191046	47
1	314	185.194581781625	48
1	320	187.820066492554	49
1	331	193.514406282986	50
1	339	196.184111325995	51
1	348	205.607682108399	52
1	362	212.50793586133	53
1	368	216.466464004332	54
1	379	225.149210104563	55
1	393	226.805052731928	56
1	396	228.177379292634	57
1	402	230.142349524725	58
1	409	234.702218020809	59
1	414	237.833541654658	60
1	418	240.266621611838	61
1	421	241.400343079827	62
1	425	242.637924106532	63
1	430	247.514306813926	64
1	438	251.874952802918	65
1	444	254.728783451679	66
1	447	255.901958689409	67
1	453	260.148520986777	68
1	457	263.098936818651	69
1	464	264.947990061237	70
1	469	266.422214272708	71
1	477	273.933165971347	72
1	486	279.459068290218	73
1	492	282.34013713651	74
1	495	283.976121147944	75
1	500	286.78549645112	76
1	503	287.827466962991	77
1	507	289.746448335123	78
1	513	290.777102065682	79
1	519	293.56022679626	80
1	522	295.080744578759	81
1	526	296.929522161454	82
1	531	298.155160966262	83
1	536	302.13813536404	84
1	539	303.599771988952	85
1	543	305.113459163155	86
1	547	307.159260423652	87
1	550	308.738244105642	88
1	559	313.237905312842	89
1	564	316.888601332843	90
1	569	320.576111068691	91
1	575	322.114067733717	92
1	583	323.392460252905	93
1	588	325.026679504809	94
1	591	326.712861233204	95
1	598	328.596421881068	96
1	602	329.692270939079	97
1	606	331.514579912756	98
1	614	336.01684856277	99
1	624	345.860353137333	100
1	627	347.249179861156	101
1	630	349.118823695173	102
1	643	358.825139460512	103
1	646	360.596464727609	104
1	651	362.492092445271	105
1	657	365.604980614429	106
1	666	370.240811609933	107
1	676	373.59916701481	108
1	682	377.215877649178	109
1	688	378.364243757919	110
1	697	380.527852081287	111
1	702	383.333069461572	112
1	708	387.982761773406	113
1	711	389.687834512575	114
1	715	390.9590117182	115
1	721	392.243185159	116
1	729	397.858261262702	117
1	737	400.429291732832	118
1	743	403.224825155753	119
1	746	404.300657951242	120
1	750	405.643870614375	121
1	757	407.444869044969	122
1	763	413.277982516935	123
1	770	414.607454265423	124
1	778	420.926168472636	125
1	786	426.740226244193	126
1	794	427.957091115666	127
1	802	432.989833972846	128
1	807	434.542414373233	129
1	814	440.224319419955	130
1	817	442.115053907574	131
1	820	443.438356335565	132
1	824	446.812460426126	133
1	830	449.429125542335	134
1	839	451.418972577522	135
1	845	453.171250141653	136
1	852	456.18035175911	137
1	856	458.191154010418	138
1	863	462.764028165567	139
1	871	470.608615488047	140
1	874	472.032503424421	141
1	877	473.415678355335	142
1	880	474.705922727444	143
1	884	475.91790897821	144
1	889	477.354339629301	145
1	898	483.242212921416	146
1	908	486.859085636515	147
1	915	487.878985247816	148
1	918	489.455186156761	149
1	922	491.558714990022	150
1	927	493.056321686024	151
1	933	495.406715624823	152
1	939	496.955427751776	153
1	942	498.871688588215	154
1	950	500.167740759174	155
1	955	501.956716228373	156
1	966	506.273153692283	157
1	970	508.159731294458	158
1	979	512.297033791422	159
1	983	513.562548452761	160
1	987	516.372957172376	161
1	995	517.64645617735	162
1	998	519.570489088116	163
1	1003	522.642214006642	164
1	1006	524.491643057627	165
1	1012	525.864683503412	166
1	1015	527.594350996137	167
1	1019	528.676246498197	168
1	1024	530.484329966978	169
1	1037	538.852575384712	170
1	1042	541.584951179758	171
1	1050	542.685438530421	172
1	1057	545.890193064871	173
1	1060	547.788717698287	174
1	1076	556.113480389013	175
1	1082	559.690988073941	176
1	1093	567.016877655381	177
1	1106	571.450314699689	178
1	1113	575.09134145858	179
1	1121	576.690282209923	180
1	1129	584.642919133813	181
1	1132	585.714506158522	182
1	1135	586.980495939988	183
1	1138	588.391556724021	184
1	1144	593.328721995286	185
1	1155	601.413321400494	186
1	1162	604.377824949598	187
1	1173	615.37346021974	188
1	1181	621.215626080786	189
1	1190	626.478812253479	190
1	1198	627.835558150936	191
1	1203	631.797882020431	192
1	1209	637.334392264667	193
1	1222	643.208497944869	194
1	1230	648.569988571018	195
1	1234	650.343378268486	196
1	1247	658.592484886848	197
1	1253	659.958051573165	198
1	1259	662.832867932823	199
1	1268	668.406753551523	200
1	1280	669.852027997219	201
1	1284	671.197652157263	202
1	1294	672.220349813825	203
1	1302	677.721018083317	204
1	1311	679.447098770724	205
1	1315	681.299348362631	206
1	1320	682.405035835763	207
1	1328	687.101967854861	208
1	1338	697.893225279782	209
1	1342	699.97389129719	210
1	1347	701.075293767336	211
1	1357	706.592326173214	212
1	1363	708.19602908242	213
1	1372	714.699233467011	214
1	1377	716.10100186521	215
1	1383	717.66315415741	216
1	1387	718.907499917011	217
1	1390	720.865790355241	218
1	1395	724.935192814501	219
1	1402	730.148471959637	220
1	1407	731.489867000786	221
1	1416	732.524524636363	222
1	1425	734.427018249505	223
1	1432	735.814229756481	224
1	1440	739.955781083225	225
1	1443	741.817209559455	226
1	1447	742.812965601666	227
1	1450	743.948459248139	228
1	1455	747.718513600593	229
1	1462	753.148276674074	230
1	1472	756.715344415155	231
1	1477	760.027137443783	232
1	1482	764.427878187014	233
1	1487	767.749668226913	234
1	1492	768.931816449426	235
1	1499	771.664726767915	236
1	1502	772.940943369048	237
1	1507	774.586595177059	238
1	1513	778.026054597451	239
1	1516	779.887570846205	240
1	1524	785.242709792071	241
1	1529	787.338366605571	242
1	1534	789.206043590727	243
1	1540	792.377487820845	244
1	1543	793.844339192618	245
1	1547	795.085160789896	246
1	1563	804.738169277551	247
1	1573	810.257424785383	248
1	1579	812.849144972802	249
1	1585	814.707042373108	250
1	1593	820.315359552852	251
1	1596	821.633259189773	252
1	1604	824.889562097863	253
1	1608	826.055388544516	254
1	1615	830.829886069549	255
1	1620	831.90502199954	256
1	1623	833.234565010114	257
1	1626	834.983889903707	258
1	1634	837.426750983148	259
1	1637	839.111031695102	260
1	1642	841.614452043021	261
1	1648	843.286656247915	262
1	1653	844.634168966708	263
1	1656	845.936888231507	264
1	1663	850.262343230835	265
1	1669	853.951676031752	266
1	1674	855.259755319541	267
1	1686	864.496395677074	268
1	1689	866.235157015105	269
1	1701	873.27960340486	270
1	1704	874.658637301519	271
1	1708	878.500534497426	272
1	1714	880.041560018089	273
1	1726	881.296066012759	274
1	1733	882.593468926895	275
1	1741	886.550775776708	276
1	1745	888.055048532351	277
1	1749	889.804508546149	278
1	1757	895.465344481861	279
1	1764	896.757714711012	280
1	1768	898.021541710677	281
1	1776	901.562577539926	282
1	1779	902.96227602786	283
1	1789	907.687964338272	284
1	1798	910.813812381189	285
1	1803	912.520648206588	286
1	1808	914.378451948388	287
1	1811	916.299561311229	288
1	1814	917.670037196256	289
1	1820	919.269856858467	290
1	1824	920.615477123839	291
1	1828	922.575497635153	292
1	1833	923.967673202037	293
1	1840	925.885487548778	294
1	1845	927.743656030093	295
1	1848	929.550823155864	296
1	1854	934.845137235411	297
1	1865	937.144003826848	298
1	1873	943.306867198799	299
1	1877	946.633963324434	300
1	1881	948.005726382575	301
1	1888	954.054085403901	302
1	1893	955.470229825027	303
1	1897	958.288974398004	304
1	1909	968.326429737204	305
1	1912	969.714320248976	306
1	1915	970.69314886249	307
1	1922	974.024119456166	308
1	1926	976.412961203039	309
1	1930	978.573540646858	310
1	1935	979.543098602737	311
1	1939	980.828553837414	312
1	1944	983.445798990227	313
1	1953	989.946096575813	314
1	1960	993.508134601589	315
1	1963	995.076131260789	316
1	1966	996.459123106864	317
1	1969	997.690840091283	318
1	1977	998.924717723056	319
2	8	5.994464885683	1
2	14	7.428776662486	2
2	18	10.864699977435	3
2	25	14.734625921624	4
2	30	16.752661404923	5
2	37	19.815873271982	6
2	42	21.970320036743	7
2	46	23.658532232635	8
2	55	27.25201735597	9
2	58	28.738667056916	10
2	63	30.677559619056	11
2	73	35.33044948488	12
2	76	36.817070641767	13
2	81	38.501268914307	14
2	85	40.450600169667	15
2	105	55.470764087476	16
2	110	58.801755272504	17
2	119	67.198423775897	18
2	128	76.157066480376	19
2	136	80.807143637269	20
2	143	84.779231279743	21
2	152	92.35312964662	22
2	161	96.160987040718	23
2	169	102.653682550608	24
2	177	106.516405159953	25
2	183	110.036821997857	26
2	188	113.753091860028	27
2	192	115.684937880562	28
2	198	120.412190193901	29
2	204	124.843923320172	30
2	211	131.875137751116	31
2	217	133.380713408372	32
2	225	137.487359216374	33
2	230	141.301747906495	34
2	234	144.362648708606	35
2	240	147.751249759338	36
2	249	152.740827887868	37
2	252	153.972460207046	38
2	258	158.382949645374	39
2	263	159.844300376535	40
2	270	164.218530408662	41
2	273	166.016026263557	42
2	280	168.922394321252	43
2	290	170.671287163893	44
2	295	172.461265394868	45
2	298	174.040893663954	46
2	306	180.638384191046	47
2	314	185.194581781625	48
2	320	187.820066492554	49
2	331	193.514406282986	50
2	339	196.184111325995	51
2	348	205.607682108399	52
2	362	212.50793586133	53
2	368	216.466464004332	54
2	379	225.149210104563	55
2	393	226.805052731928	56
2	396	228.177379292634	57
2	402	230.142349524725	58
2	409	234.702218020809	59
2	414	237.833541654658	60
2	418	240.266621611838	61
2	421	241.400343079827	62
2	425	242.637924106532	63
2	430	247.514306813926	64
2	438	251.874952802918	65
2	444	254.728783451679	66
2	447	255.901958689409	67
2	453	260.148520986777	68
2	457	263.098936818651	69
2	464	264.947990061237	70
2	469	266.422214272708	71
2	477	273.933165971347	72
2	486	279.459068290218	73
2	492	282.34013713651	74
2	495	283.976121147944	75
2	500	286.78549645112	76
2	503	287.827466962991	77
2	507	289.746448335123	78
2	513	290.777102065682	79
2	519	293.56022679626	80
2	522	295.080744578759	81
2	526	296.929522161454	82
2	531	298.155160966262	83
2	536	302.13813536404	84
2	539	303.599771988952	85
2	543	305.113459163155	86
2	547	307.159260423652	87
2	550	308.738244105642	88
2	559	313.237905312842	89
2	564	316.888601332843	90
2	569	320.576111068691	91
2	575	322.114067733717	92
2	583	323.392460252905	93
2	588	325.026679504809	94
2	591	326.712861233204	95
2	598	328.596421881068	96
2	602	329.692270939079	97
2	606	331.514579912756	98
2	614	336.01684856277	99
2	624	345.860353137333	100
2	627	347.249179861156	101
2	630	349.118823695173	102
2	643	358.825139460512	103
2	646	360.596464727609	104
2	651	362.492092445271	105
2	657	365.604980614429	106
2	666	370.240811609933	107
2	676	373.59916701481	108
2	682	377.215877649178	109
2	688	378.364243757919	110
2	697	380.527852081287	111
2	702	383.333069461572	112
2	708	387.982761773406	113
2	711	389.687834512575	114
2	715	390.9590117182	115
2	721	392.243185159	116
2	729	397.858261262702	117
2	737	400.429291732832	118
2	743	403.224825155753	119
2	746	404.300657951242	120
2	750	405.643870614375	121
2	757	407.444869044969	122
2	763	413.277982516935	123
2	770	414.607454265423	124
2	778	420.926168472636	125
2	786	426.740226244193	126
2	794	427.957091115666	127
2	802	432.989833972846	128
2	807	434.542414373233	129
2	814	440.224319419955	130
2	817	442.115053907574	131
2	820	443.438356335565	132
2	824	446.812460426126	133
2	830	449.429125542335	134
2	839	451.418972577522	135
2	845	453.171250141653	136
2	852	456.18035175911	137
2	856	458.191154010418	138
2	863	462.764028165567	139
2	871	470.608615488047	140
2	874	472.032503424421	141
2	877	473.415678355335	142
2	880	474.705922727444	143
2	884	475.91790897821	144
2	889	477.354339629301	145
2	898	483.242212921416	146
2	908	486.859085636515	147
2	915	487.878985247816	148
2	918	489.455186156761	149
2	922	491.558714990022	150
2	927	493.056321686024	151
2	933	495.406715624823	152
2	939	496.955427751776	153
2	942	498.871688588215	154
2	950	500.167740759174	155
2	955	501.956716228373	156
2	966	506.273153692283	157
2	970	508.159731294458	158
2	979	512.297033791422	159
2	983	513.562548452761	160
2	987	516.372957172376	161
2	995	517.64645617735	162
2	998	519.570489088116	163
2	1003	522.642214006642	164
2	1006	524.491643057627	165
2	1012	525.864683503412	166
2	1015	527.594350996137	167
2	1019	528.676246498197	168
2	1024	530.484329966978	169
2	1037	538.852575384712	170
2	1042	541.584951179758	171
2	1050	542.685438530421	172
2	1057	545.890193064871	173
2	1060	547.788717698287	174
2	1076	556.113480389013	175
2	1082	559.690988073941	176
2	1093	567.016877655381	177
2	1106	571.450314699689	178
2	1113	575.09134145858	179
2	1121	576.690282209923	180
2	1129	584.642919133813	181
2	1132	585.714506158522	182
2	1135	586.980495939988	183
2	1138	588.391556724021	184
2	1144	593.328721995286	185
2	1155	601.413321400494	186
2	1162	604.377824949598	187
2	1173	615.37346021974	188
2	1181	621.215626080786	189
2	1190	626.478812253479	190
2	1198	627.835558150936	191
2	1203	631.797882020431	192
2	1209	637.334392264667	193
2	1222	643.208497944869	194
2	1230	648.569988571018	195
2	1234	650.343378268486	196
2	1247	658.592484886848	197
2	1253	659.958051573165	198
2	1259	662.832867932823	199
2	1268	668.406753551523	200
2	1280	669.852027997219	201
2	1284	671.197652157263	202
2	1294	672.220349813825	203
2	1302	677.721018083317	204
2	1311	679.447098770724	205
2	1315	681.299348362631	206
2	1320	682.405035835763	207
2	1328	687.101967854861	208
2	1338	697.893225279782	209
2	1342	699.97389129719	210
2	1347	701.075293767336	211
2	1357	706.592326173214	212
2	1363	708.19602908242	213
2	1372	714.699233467011	214
2	1377	716.10100186521	215
2	1383	717.66315415741	216
2	1387	718.907499917011	217
2	1390	720.865790355241	218
2	1395	724.935192814501	219
2	1402	730.148471959637	220
2	1407	731.489867000786	221
2	1416	732.524524636363	222
2	1425	734.427018249505	223
2	1432	735.814229756481	224
2	1440	739.955781083225	225
2	1443	741.817209559455	226
2	1447	742.812965601666	227
2	1450	743.948459248139	228
2	1455	747.718513600593	229
2	1462	753.148276674074	230
2	1472	756.715344415155	231
2	1477	760.027137443783	232
2	1482	764.427878187014	233
2	1487	767.749668226913	234
2	1492	768.931816449426	235
2	1499	771.664726767915	236
2	1502	772.940943369048	237
2	1507	774.586595177059	238
2	1513	778.026054597451	239
2	1516	779.887570846205	240
2	1524	785.242709792071	241
2	1529	787.338366605571	242
2	1534	789.206043590727	243
2	1540	792.377487820845	244
2	1543	793.844339192618	245
2	1547	795.085160789896	246
2	1563	804.738169277551	247
2	1573	810.257424785383	248
2	1579	812.849144972802	249
2	1585	814.707042373108	250
2	1593	820.315359552852	251
2	1596	821.633259189773	252
2	1604	824.889562097863	253
2	1608	826.055388544516	254
2	1615	830.829886069549	255
2	1620	831.90502199954	256
2	1623	833.234565010114	257
2	1626	834.983889903707	258
2	1634	837.426750983148	259
2	1637	839.111031695102	260
2	1642	841.614452043021	261
2	1648	843.286656247915	262
2	1653	844.634168966708	263
2	1656	845.936888231507	264
2	1663	850.262343230835	265
2	1669	853.951676031752	266
2	1674	855.259755319541	267
2	1686	864.496395677074	268
2	1689	866.235157015105	269
2	1701	873.27960340486	270
2	1704	874.658637301519	271
2	1708	878.500534497426	272
2	1714	880.041560018089	273
2	1726	881.296066012759	274
2	1733	882.593468926895	275
2	1741	886.550775776708	276
2	1745	888.055048532351	277
2	1749	889.804508546149	278
2	1757	895.465344481861	279
2	1764	896.757714711012	280
2	1768	898.021541710677	281
2	1776	901.562577539926	282
2	1779	902.96227602786	283
2	1789	907.687964338272	284
2	1798	910.813812381189	285
2	1803	912.520648206588	286
2	1808	914.378451948388	287
2	1811	916.299561311229	288
2	1814	917.670037196256	289
2	1820	919.269856858467	290
2	1824	920.615477123839	291
2	1828	922.575497635153	292
2	1833	923.967673202037	293
2	1840	925.885487548778	294
2	1845	927.743656030093	295
2	1848	929.550823155864	296
2	1854	934.845137235411	297
2	1865	937.144003826848	298
2	1873	943.306867198799	299
2	1877	946.633963324434	300
2	1881	948.005726382575	301
2	1888	954.054085403901	302
2	1893	955.470229825027	303
2	1897	958.288974398004	304
2	1909	968.326429737204	305
2	1912	969.714320248976	306
2	1915	970.69314886249	307
2	1922	974.024119456166	308
2	1926	976.412961203039	309
2	1930	978.573540646858	310
2	1935	979.543098602737	311
2	1939	980.828553837414	312
2	1944	983.445798990227	313
2	1953	989.946096575813	314
2	1960	993.508134601589	315
2	1963	995.076131260789	316
2	1966	996.459123106864	317
2	1969	997.690840091283	318
2	1977	998.924717723056	319
3	9	6.116840064742	1
3	19	11.016241274652	2
3	27	14.994159602469	3
3	31	16.779153953827	4
3	49	23.997158080379	5
3	59	28.934893686857	6
3	64	30.764808046495	7
3	78	36.886672669738	8
3	82	38.666541502699	9
3	88	40.816865634749	10
3	129	76.337963952274	11
3	137	80.913647306565	12
3	144	84.944437186121	13
3	212	132.006636085251	14
3	218	133.469078485241	15
3	241	147.843055352898	16
3	253	154.166558261883	17
3	259	158.442506588797	18
3	286	169.502379312794	19
3	291	170.699962785625	20
3	315	185.381753871519	21
3	322	188.082099947628	22
3	332	193.62123208538	23
3	351	206.087041247265	24
3	353	206.219884568712	25
3	370	216.83616657512	26
3	478	273.993767685479	27
3	496	284.113521852736	28
3	504	287.875349744225	29
3	514	290.877958729008	30
3	540	303.780497382224	31
3	551	308.856414974182	32
3	592	326.840616190819	33
3	608	331.663603772052	34
3	647	360.701932716139	35
3	652	362.577267785991	36
3	667	370.29310034604	37
3	677	373.700228455502	38
3	698	380.666349459433	39
3	712	389.709605134288	40
3	730	397.964110149145	41
3	752	405.992239759108	42
3	767	413.807355248494	43
3	787	426.860128617417	44
3	803	433.190215582869	45
3	825	446.912575425109	46
3	840	451.451305778862	47
3	842	451.734970160452	48
3	847	453.371044827548	49
3	890	477.398419413773	50
3	899	483.317954414173	51
3	909	486.965396576439	52
3	919	489.646965724274	53
3	924	491.814959648766	54
3	934	495.518718483741	55
3	944	499.135540231145	56
3	951	500.253165205815	57
3	957	502.20954470344	58
3	960	502.675162347103	59
3	999	519.628427365684	60
3	1008	524.649121488494	61
3	1020	528.875433828004	62
3	1062	548.085578095084	63
3	1065	548.369035117263	64
3	1077	556.282476932194	65
3	1097	567.369653408302	66
3	1100	567.646696946244	67
3	1117	575.448590372121	68
3	1146	593.689810132151	69
3	1156	601.599252795318	70
3	1174	615.485793773942	71
3	1191	626.681956629461	72
3	1194	627.14448502195	73
3	1204	631.851593633047	74
3	1260	662.869445912247	75
3	1270	668.63422280812	76
3	1285	671.383928404359	77
3	1290	671.833665998248	78
3	1295	672.336961395877	79
3	1305	678.056609700147	80
3	1316	681.375364329133	81
3	1364	708.392891525859	82
3	1373	714.820955835604	83
3	1408	731.635083776115	84
3	1418	732.703507525924	85
3	1429	734.844716879355	86
3	1433	735.921971644812	87
3	1444	741.940529182001	88
3	1467	753.480705853574	89
3	1488	767.939596021525	90
3	1503	773.132931894932	91
3	1508	774.711394195594	92
3	1518	780.197946872272	93
3	1525	785.323957683312	94
3	1581	813.073784747672	95
3	1586	814.883840434352	96
3	1597	821.83756085019	97
3	1617	831.113945693122	98
3	1657	846.071417716497	99
3	1675	855.332991920107	100
3	1710	878.732680918289	101
3	1721	880.644892076224	102
3	1751	890.032618470505	103
3	1765	896.786760787257	104
3	1783	903.65762497251	105
3	1792	908.126827058091	106
3	1800	910.956705544846	107
3	1849	929.623894019384	108
3	1859	935.447657641108	109
3	1889	954.151141306289	110
3	1945	983.625897002571	111
4	9	6.116840064742	1
4	19	11.016241274652	2
4	27	14.994159602469	3
4	31	16.779153953827	4
4	49	23.997158080379	5
4	59	28.934893686857	6
4	64	30.764808046495	7
4	78	36.886672669738	8
4	82	38.666541502699	9
4	88	40.816865634749	10
4	129	76.337963952274	11
4	137	80.913647306565	12
4	144	84.944437186121	13
4	212	132.006636085251	14
4	218	133.469078485241	15
4	241	147.843055352898	16
4	253	154.166558261883	17
4	259	158.442506588797	18
4	286	169.502379312794	19
4	291	170.699962785625	20
4	315	185.381753871519	21
4	322	188.082099947628	22
4	332	193.62123208538	23
4	351	206.087041247265	24
4	353	206.219884568712	25
4	370	216.83616657512	26
4	478	273.993767685479	27
4	496	284.113521852736	28
4	504	287.875349744225	29
4	514	290.877958729008	30
4	540	303.780497382224	31
4	551	308.856414974182	32
4	592	326.840616190819	33
4	608	331.663603772052	34
4	647	360.701932716139	35
4	652	362.577267785991	36
4	667	370.29310034604	37
4	677	373.700228455502	38
4	698	380.666349459433	39
4	712	389.709605134288	40
4	730	397.964110149145	41
4	752	405.992239759108	42
4	767	413.807355248494	43
4	787	426.860128617417	44
4	803	433.190215582869	45
4	825	446.912575425109	46
4	840	451.451305778862	47
4	842	451.734970160452	48
4	847	453.371044827548	49
4	890	477.398419413773	50
4	899	483.317954414173	51
4	909	486.965396576439	52
4	919	489.646965724274	53
4	924	491.814959648766	54
4	934	495.518718483741	55
4	944	499.135540231145	56
4	951	500.253165205815	57
4	957	502.20954470344	58
4	960	502.675162347103	59
4	999	519.628427365684	60
4	1008	524.649121488494	61
4	1020	528.875433828004	62
4	1062	548.085578095084	63
4	1065	548.369035117263	64
4	1077	556.282476932194	65
4	1097	567.369653408302	66
4	1100	567.646696946244	67
4	1117	575.448590372121	68
4	1146	593.689810132151	69
4	1156	601.599252795318	70
4	1174	615.485793773942	71
4	1191	626.681956629461	72
4	1194	627.14448502195	73
4	1204	631.851593633047	74
4	1260	662.869445912247	75
4	1270	668.63422280812	76
4	1285	671.383928404359	77
4	1290	671.833665998248	78
4	1295	672.336961395877	79
4	1305	678.056609700147	80
4	1316	681.375364329133	81
4	1364	708.392891525859	82
4	1373	714.820955835604	83
4	1408	731.635083776115	84
4	1418	732.703507525924	85
4	1429	734.844716879355	86
4	1433	735.921971644812	87
4	1444	741.940529182001	88
4	1467	753.480705853574	89
4	1488	767.939596021525	90
4	1503	773.132931894932	91
4	1508	774.711394195594	92
4	1518	780.197946872272	93
4	1525	785.323957683312	94
4	1581	813.073784747672	95
4	1586	814.883840434352	96
4	1597	821.83756085019	97
4	1617	831.113945693122	98
4	1657	846.071417716497	99
4	1675	855.332991920107	100
4	1710	878.732680918289	101
4	1721	880.644892076224	102
4	1751	890.032618470505	103
4	1765	896.786760787257	104
4	1783	903.65762497251	105
4	1792	908.126827058091	106
4	1800	910.956705544846	107
4	1849	929.623894019384	108
4	1859	935.447657641108	109
4	1889	954.151141306289	110
4	1945	983.625897002571	111
5	10	6.19636203221	1
5	26	14.936624932699	2
5	32	16.987037560448	3
5	43	22.047116757809	4
5	48	23.898464019801	5
5	50	24.162600250747	6
5	60	29.063385313658	7
5	65	30.83609434631	8
5	77	36.837616003473	9
5	87	40.664470183838	10
5	112	59.090296781766	11
5	130	76.414713198415	12
5	154	92.602688623949	13
5	184	110.124193088284	14
5	199	120.468529645215	15
5	213	132.040833624892	16
5	235	144.417820426114	17
5	264	160.033498629029	18
5	275	166.133004040048	19
5	281	168.951384784759	20
5	283	169.202250829772	21
5	285	169.433036618202	22
5	308	180.80543713841	23
5	316	185.44202630235	24
5	321	187.912459556254	25
5	333	193.661945650362	26
5	350	205.976207471054	27
5	352	206.123429990689	28
5	369	216.674555487886	29
5	381	225.527805045689	30
5	383	225.651166984394	31
5	385	225.87807436712	32
5	387	226.145426574454	33
5	389	226.27471377857	34
5	398	228.414991382661	35
5	432	247.921113252547	36
5	439	252.041556304951	37
5	459	263.27393958691	38
5	461	263.424871639097	39
5	465	265.08628189051	40
5	487	279.654000785667	41
5	509	289.980949081564	42
5	527	297.064746098414	43
5	544	305.267325981155	44
5	552	308.882627880549	45
5	570	320.683009502821	46
5	572	320.817259195291	47
5	577	322.377772753791	48
5	579	322.630425648587	49
5	584	323.590841628426	50
5	593	327.040895084689	51
5	595	327.216067201569	52
5	599	328.61844118968	53
5	607	331.547512788169	54
5	609	331.853254941722	55
5	632	349.256531480022	56
5	648	360.851598920575	57
5	659	365.782057655998	58
5	668	370.467085265859	59
5	670	370.860025785358	60
5	683	377.356237710909	61
5	685	377.595149519745	62
5	689	378.490895745678	63
5	691	378.816061138111	64
5	693	379.125181299781	65
5	717	391.244228683584	66
5	722	392.334694169592	67
5	732	398.165626835006	68
5	739	400.688039075194	69
5	747	404.363423507888	70
5	751	405.820816931426	71
5	753	406.048189023717	72
5	764	413.358977516693	73
5	766	413.612886116895	74
5	771	414.805532157805	75
5	789	427.151612829847	76
5	791	427.379871211336	77
5	795	428.15589611107	78
5	832	449.584217226698	79
5	834	449.922967766811	80
5	836	450.267627418142	81
5	841	451.600034054007	82
5	846	453.20153173763	83
5	881	474.808475365759	84
5	886	476.134777808351	85
5	901	483.482748084726	86
5	903	483.748379551057	87
5	910	487.128208252954	88
5	912	487.309048993102	89
5	923	491.733655606413	90
5	929	493.325973307101	91
5	935	495.676452665862	92
5	943	498.949637443372	93
5	945	499.218210697679	94
5	947	499.368492437643	95
5	952	500.288201515402	96
5	956	502.151956475513	97
5	959	502.466549181465	98
5	967	506.48142766141	99
5	971	508.262741508103	100
5	989	516.71285297795	101
5	991	516.959705088895	102
5	1007	524.5738812526	103
5	1016	527.72172476126	104
5	1021	528.939306433985	105
5	1026	530.66935681617	106
5	1028	530.933059823423	107
5	1038	538.892928795603	108
5	1044	541.764271070733	109
5	1046	542.013535926176	110
5	1051	542.70698211319	111
5	1061	547.936666428728	112
5	1064	548.223305573682	113
5	1067	548.631436660835	114
5	1078	556.425897712411	115
5	1083	559.824938739497	116
5	1085	560.194571478449	117
5	1094	567.091915477359	118
5	1096	567.211781325697	119
5	1099	567.463880315209	120
5	1107	571.651182381544	121
5	1114	575.250314547545	122
5	1116	575.34934091263	123
5	1145	593.523997850157	124
5	1182	621.394024526428	125
5	1193	627.091469459484	126
5	1195	627.290243811597	127
5	1211	637.631614451424	128
5	1213	637.966962025989	129
5	1236	650.586052648236	130
5	1238	650.958670491734	131
5	1249	658.758934331887	132
5	1255	660.235234438941	133
5	1261	663.011575979856	134
5	1269	668.471091323293	135
5	1271	668.702596950718	136
5	1273	668.856329038786	137
5	1275	668.962793136936	138
5	1277	669.310811687416	139
5	1281	669.951378143144	140
5	1287	671.561545538334	141
5	1289	671.784390955777	142
5	1304	678.019065915411	143
5	1306	678.176929965561	144
5	1308	678.382025620464	145
5	1312	679.647135784657	146
5	1317	681.5184440349	147
5	1321	682.567742898853	148
5	1344	700.263606957309	149
5	1349	701.482489049514	150
5	1351	701.729245134569	151
5	1358	706.628132251035	152
5	1360	706.945955501392	153
5	1379	716.442340788397	154
5	1404	730.304891243874	155
5	1410	731.909831888325	156
5	1412	732.151698177323	157
5	1414	732.466728330501	158
5	1419	732.888356695202	159
5	1421	732.95660961947	160
5	1426	734.510404192211	161
5	1428	734.75256163748	162
5	1434	735.995103294285	163
5	1464	753.245638865015	164
5	1466	753.385927054823	165
5	1494	769.261860674633	166
5	1517	779.988397504786	167
5	1526	785.495984222741	168
5	1531	787.54516921445	169
5	1536	789.344800714947	170
5	1549	795.214859267738	171
5	1551	795.445743020428	172
5	1553	795.613559113934	173
5	1564	804.786873436322	174
5	1566	805.153616760411	175
5	1574	810.384164174648	176
5	1580	812.941373630307	177
5	1582	813.141600068499	178
5	1588	815.202385777532	179
5	1599	821.963253549162	180
5	1616	830.94403011573	181
5	1628	835.066511392541	182
5	1643	841.73283152094	183
5	1645	841.844495685386	184
5	1650	843.383667497336	185
5	1658	846.281177106982	186
5	1664	850.449765210455	187
5	1671	854.159157162251	188
5	1691	866.424135704387	189
5	1709	878.540069987037	190
5	1716	880.284991643672	191
5	1718	880.392204225115	192
5	1720	880.550229694876	193
5	1722	880.848356194161	194
5	1728	881.477475313634	195
5	1730	881.677946105676	196
5	1734	882.697133113974	197
5	1746	888.175361973462	198
5	1750	889.908978949579	199
5	1758	895.589268459593	200
5	1760	895.760652144173	201
5	1769	898.208783505931	202
5	1780	903.157665157922	203
5	1782	903.496609443329	204
5	1791	908.006715041916	205
5	1793	908.147296071509	206
5	1799	910.859187599019	207
5	1805	912.736216892352	208
5	1816	917.886421393446	209
5	1821	919.33063053603	210
5	1825	920.713006079841	211
5	1830	922.758373995018	212
5	1835	924.242334289249	213
5	1837	924.643793626732	214
5	1841	926.073253717412	215
5	1856	935.169062051331	216
5	1858	935.303398983309	217
5	1866	937.303350976329	218
5	1890	954.24288415447	219
5	1898	958.372951405351	220
5	1917	970.86387582023	221
5	1932	978.92506238438	222
5	1936	979.741306759845	223
5	1946	983.780502652323	224
5	1971	997.899929701746	225
5	1973	998.193196213569	226
6	10	6.19636203221	1
6	26	14.936624932699	2
6	32	16.987037560448	3
6	43	22.047116757809	4
6	48	23.898464019801	5
6	50	24.162600250747	6
6	60	29.063385313658	7
6	65	30.83609434631	8
6	77	36.837616003473	9
6	87	40.664470183838	10
6	112	59.090296781766	11
6	130	76.414713198415	12
6	154	92.602688623949	13
6	184	110.124193088284	14
6	199	120.468529645215	15
6	213	132.040833624892	16
6	235	144.417820426114	17
6	264	160.033498629029	18
6	275	166.133004040048	19
6	281	168.951384784759	20
6	283	169.202250829772	21
6	285	169.433036618202	22
6	308	180.80543713841	23
6	316	185.44202630235	24
6	321	187.912459556254	25
6	333	193.661945650362	26
6	350	205.976207471054	27
6	352	206.123429990689	28
6	369	216.674555487886	29
6	381	225.527805045689	30
6	383	225.651166984394	31
6	385	225.87807436712	32
6	387	226.145426574454	33
6	389	226.27471377857	34
6	398	228.414991382661	35
6	432	247.921113252547	36
6	439	252.041556304951	37
6	459	263.27393958691	38
6	461	263.424871639097	39
6	465	265.08628189051	40
6	487	279.654000785667	41
6	509	289.980949081564	42
6	527	297.064746098414	43
6	544	305.267325981155	44
6	552	308.882627880549	45
6	570	320.683009502821	46
6	572	320.817259195291	47
6	577	322.377772753791	48
6	579	322.630425648587	49
6	584	323.590841628426	50
6	593	327.040895084689	51
6	595	327.216067201569	52
6	599	328.61844118968	53
6	607	331.547512788169	54
6	609	331.853254941722	55
6	632	349.256531480022	56
6	648	360.851598920575	57
6	659	365.782057655998	58
6	668	370.467085265859	59
6	670	370.860025785358	60
6	683	377.356237710909	61
6	685	377.595149519745	62
6	689	378.490895745678	63
6	691	378.816061138111	64
6	693	379.125181299781	65
6	717	391.244228683584	66
6	722	392.334694169592	67
6	732	398.165626835006	68
6	739	400.688039075194	69
6	747	404.363423507888	70
6	751	405.820816931426	71
6	753	406.048189023717	72
6	764	413.358977516693	73
6	766	413.612886116895	74
6	771	414.805532157805	75
6	789	427.151612829847	76
6	791	427.379871211336	77
6	795	428.15589611107	78
6	832	449.584217226698	79
6	834	449.922967766811	80
6	836	450.267627418142	81
6	841	451.600034054007	82
6	846	453.20153173763	83
6	881	474.808475365759	84
6	886	476.134777808351	85
6	901	483.482748084726	86
6	903	483.748379551057	87
6	910	487.128208252954	88
6	912	487.309048993102	89
6	923	491.733655606413	90
6	929	493.325973307101	91
6	935	495.676452665862	92
6	943	498.949637443372	93
6	945	499.218210697679	94
6	947	499.368492437643	95
6	952	500.288201515402	96
6	956	502.151956475513	97
6	959	502.466549181465	98
6	967	506.48142766141	99
6	971	508.262741508103	100
6	989	516.71285297795	101
6	991	516.959705088895	102
6	1007	524.5738812526	103
6	1016	527.72172476126	104
6	1021	528.939306433985	105
6	1026	530.66935681617	106
6	1028	530.933059823423	107
6	1038	538.892928795603	108
6	1044	541.764271070733	109
6	1046	542.013535926176	110
6	1051	542.70698211319	111
6	1061	547.936666428728	112
6	1064	548.223305573682	113
6	1067	548.631436660835	114
6	1078	556.425897712411	115
6	1083	559.824938739497	116
6	1085	560.194571478449	117
6	1094	567.091915477359	118
6	1096	567.211781325697	119
6	1099	567.463880315209	120
6	1107	571.651182381544	121
6	1114	575.250314547545	122
6	1116	575.34934091263	123
6	1145	593.523997850157	124
6	1182	621.394024526428	125
6	1193	627.091469459484	126
6	1195	627.290243811597	127
6	1211	637.631614451424	128
6	1213	637.966962025989	129
6	1236	650.586052648236	130
6	1238	650.958670491734	131
6	1249	658.758934331887	132
6	1255	660.235234438941	133
6	1261	663.011575979856	134
6	1269	668.471091323293	135
6	1271	668.702596950718	136
6	1273	668.856329038786	137
6	1275	668.962793136936	138
6	1277	669.310811687416	139
6	1281	669.951378143144	140
6	1287	671.561545538334	141
6	1289	671.784390955777	142
6	1304	678.019065915411	143
6	1306	678.176929965561	144
6	1308	678.382025620464	145
6	1312	679.647135784657	146
6	1317	681.5184440349	147
6	1321	682.567742898853	148
6	1344	700.263606957309	149
6	1349	701.482489049514	150
6	1351	701.729245134569	151
6	1358	706.628132251035	152
6	1360	706.945955501392	153
6	1379	716.442340788397	154
6	1404	730.304891243874	155
6	1410	731.909831888325	156
6	1412	732.151698177323	157
6	1414	732.466728330501	158
6	1419	732.888356695202	159
6	1421	732.95660961947	160
6	1426	734.510404192211	161
6	1428	734.75256163748	162
6	1434	735.995103294285	163
6	1464	753.245638865015	164
6	1466	753.385927054823	165
6	1494	769.261860674633	166
6	1517	779.988397504786	167
6	1526	785.495984222741	168
6	1531	787.54516921445	169
6	1536	789.344800714947	170
6	1549	795.214859267738	171
6	1551	795.445743020428	172
6	1553	795.613559113934	173
6	1564	804.786873436322	174
6	1566	805.153616760411	175
6	1574	810.384164174648	176
6	1580	812.941373630307	177
6	1582	813.141600068499	178
6	1588	815.202385777532	179
6	1599	821.963253549162	180
6	1616	830.94403011573	181
6	1628	835.066511392541	182
6	1643	841.73283152094	183
6	1645	841.844495685386	184
6	1650	843.383667497336	185
6	1658	846.281177106982	186
6	1664	850.449765210455	187
6	1671	854.159157162251	188
6	1691	866.424135704387	189
6	1709	878.540069987037	190
6	1716	880.284991643672	191
6	1718	880.392204225115	192
6	1720	880.550229694876	193
6	1722	880.848356194161	194
6	1728	881.477475313634	195
6	1730	881.677946105676	196
6	1734	882.697133113974	197
6	1746	888.175361973462	198
6	1750	889.908978949579	199
6	1758	895.589268459593	200
6	1760	895.760652144173	201
6	1769	898.208783505931	202
6	1780	903.157665157922	203
6	1782	903.496609443329	204
6	1791	908.006715041916	205
6	1793	908.147296071509	206
6	1799	910.859187599019	207
6	1805	912.736216892352	208
6	1816	917.886421393446	209
6	1821	919.33063053603	210
6	1825	920.713006079841	211
6	1830	922.758373995018	212
6	1835	924.242334289249	213
6	1837	924.643793626732	214
6	1841	926.073253717412	215
6	1856	935.169062051331	216
6	1858	935.303398983309	217
6	1866	937.303350976329	218
6	1890	954.24288415447	219
6	1898	958.372951405351	220
6	1917	970.86387582023	221
6	1932	978.92506238438	222
6	1936	979.741306759845	223
6	1946	983.780502652323	224
6	1971	997.899929701746	225
6	1973	998.193196213569	226
7	11	6.255207959518	1
7	47	23.697975774419	2
7	66	30.999124132852	3
7	86	40.50334486669	4
7	111	58.964611136676	5
7	131	76.552504783695	6
7	153	92.532662236777	7
7	162	96.356775061233	8
7	170	102.743674152844	9
7	189	113.838886677174	10
7	205	125.028751636581	11
7	226	137.559400278113	12
7	236	144.4462321626	13
7	274	166.09765513141	14
7	282	169.105053012583	15
7	307	180.74959614711	16
7	349	205.769600422354	17
7	363	212.679169579886	18
7	380	225.355869419011	19
7	382	225.607553776721	20
7	386	225.956132973793	21
7	397	228.295660136312	22
7	403	230.337188762598	23
7	422	241.440799215808	24
7	431	247.719623319891	25
7	440	252.150595689848	26
7	458	263.121331533803	27
7	488	279.825958327718	28
7	508	289.806487489389	29
7	523	295.1858051515	30
7	571	320.71625304648	31
7	576	322.253170298057	32
7	578	322.485742076773	33
7	580	322.674269904611	34
7	594	327.194559954774	35
7	603	329.853642576448	36
7	631	349.188645194915	37
7	658	365.755795104575	38
7	669	370.653398483344	39
7	684	377.387700692661	40
7	690	378.634566858619	41
7	692	378.929487504722	42
7	716	391.119202841411	43
7	738	400.534578710987	44
7	790	427.225535178282	45
7	831	449.518729127775	46
7	833	449.786320306807	47
7	835	450.07703578201	48
7	853	456.212593507334	49
7	885	475.947675938037	50
7	911	487.232886114517	51
7	928	493.190252527948	52
7	972	508.375308350107	53
7	980	512.502134190892	54
7	988	516.526965046565	55
7	990	516.782549249353	56
7	992	517.074553665395	57
7	1025	530.570330156401	58
7	1043	541.646365276065	59
7	1045	541.898047040686	60
7	1052	542.852495800484	61
7	1084	559.98975461148	62
7	1095	567.179108556426	63
7	1115	575.287224209332	64
7	1183	621.591817636236	65
7	1210	637.450127649407	66
7	1212	637.827289951534	67
7	1231	648.753475337244	68
7	1235	650.528391010297	69
7	1248	658.689573910757	70
7	1250	658.79330277471	71
7	1254	660.107285456051	72
7	1272	668.836132781492	73
7	1274	668.907882648502	74
7	1276	669.121279641221	75
7	1288	671.691398582922	76
7	1303	677.864939715576	77
7	1307	678.318047662286	78
7	1339	698.028255461937	79
7	1343	700.14569613718	80
7	1348	701.275254515307	81
7	1350	701.601789830292	82
7	1359	706.749525576008	83
7	1378	716.309046185981	84
7	1384	717.788033213004	85
7	1403	730.200574983597	86
7	1411	732.093914550316	87
7	1420	732.91177798295	88
7	1427	734.561497037492	89
7	1463	753.190501211427	90
7	1493	769.062110218936	91
7	1495	769.456810861849	92
7	1530	787.443938738163	93
7	1535	789.261197960771	94
7	1544	793.987183680044	95
7	1548	795.193978169804	96
7	1550	795.317251355715	97
7	1600	822.080699826592	98
7	1605	825.061814931271	99
7	1627	835.026630568466	100
7	1644	841.759982920542	101
7	1649	843.354856550779	102
7	1670	853.986474183617	103
7	1690	866.380559907269	104
7	1715	880.188877188101	105
7	1717	880.337702528798	106
7	1719	880.447198002043	107
7	1727	881.3908468618	108
7	1742	886.67579769074	109
7	1759	895.683237659481	110
7	1761	895.957762820543	111
7	1790	907.826777257461	112
7	1804	912.710139896829	113
7	1815	917.798989916312	114
7	1829	922.721970671294	115
7	1834	924.060654904729	116
7	1855	934.974113841856	117
7	1857	935.274092443348	118
7	1878	946.688662180276	119
7	1916	970.735054613823	120
7	1931	978.779584116894	121
7	1970	997.776089909253	122
7	1972	998.025065051154	123
8	11	6.255207959518	1
8	47	23.697975774419	2
8	66	30.999124132852	3
8	86	40.50334486669	4
8	111	58.964611136676	5
8	131	76.552504783695	6
8	153	92.532662236777	7
8	162	96.356775061233	8
8	170	102.743674152844	9
8	189	113.838886677174	10
8	205	125.028751636581	11
8	226	137.559400278113	12
8	236	144.4462321626	13
8	274	166.09765513141	14
8	282	169.105053012583	15
8	307	180.74959614711	16
8	349	205.769600422354	17
8	363	212.679169579886	18
8	380	225.355869419011	19
8	382	225.607553776721	20
8	386	225.956132973793	21
8	397	228.295660136312	22
8	403	230.337188762598	23
8	422	241.440799215808	24
8	431	247.719623319891	25
8	440	252.150595689848	26
8	458	263.121331533803	27
8	488	279.825958327718	28
8	508	289.806487489389	29
8	523	295.1858051515	30
8	571	320.71625304648	31
8	576	322.253170298057	32
8	578	322.485742076773	33
8	580	322.674269904611	34
8	594	327.194559954774	35
8	603	329.853642576448	36
8	631	349.188645194915	37
8	658	365.755795104575	38
8	669	370.653398483344	39
8	684	377.387700692661	40
8	690	378.634566858619	41
8	692	378.929487504722	42
8	716	391.119202841411	43
8	738	400.534578710987	44
8	790	427.225535178282	45
8	831	449.518729127775	46
8	833	449.786320306807	47
8	835	450.07703578201	48
8	853	456.212593507334	49
8	885	475.947675938037	50
8	911	487.232886114517	51
8	928	493.190252527948	52
8	972	508.375308350107	53
8	980	512.502134190892	54
8	988	516.526965046565	55
8	990	516.782549249353	56
8	992	517.074553665395	57
8	1025	530.570330156401	58
8	1043	541.646365276065	59
8	1045	541.898047040686	60
8	1052	542.852495800484	61
8	1084	559.98975461148	62
8	1095	567.179108556426	63
8	1115	575.287224209332	64
8	1183	621.591817636236	65
8	1210	637.450127649407	66
8	1212	637.827289951534	67
8	1231	648.753475337244	68
8	1235	650.528391010297	69
8	1248	658.689573910757	70
8	1250	658.79330277471	71
8	1254	660.107285456051	72
8	1272	668.836132781492	73
8	1274	668.907882648502	74
8	1276	669.121279641221	75
8	1288	671.691398582922	76
8	1303	677.864939715576	77
8	1307	678.318047662286	78
8	1339	698.028255461937	79
8	1343	700.14569613718	80
8	1348	701.275254515307	81
8	1350	701.601789830292	82
8	1359	706.749525576008	83
8	1378	716.309046185981	84
8	1384	717.788033213004	85
8	1403	730.200574983597	86
8	1411	732.093914550316	87
8	1420	732.91177798295	88
8	1427	734.561497037492	89
8	1463	753.190501211427	90
8	1493	769.062110218936	91
8	1495	769.456810861849	92
8	1530	787.443938738163	93
8	1535	789.261197960771	94
8	1544	793.987183680044	95
8	1548	795.193978169804	96
8	1550	795.317251355715	97
8	1600	822.080699826592	98
8	1605	825.061814931271	99
8	1627	835.026630568466	100
8	1644	841.759982920542	101
8	1649	843.354856550779	102
8	1670	853.986474183617	103
8	1690	866.380559907269	104
8	1715	880.188877188101	105
8	1717	880.337702528798	106
8	1719	880.447198002043	107
8	1727	881.3908468618	108
8	1742	886.67579769074	109
8	1759	895.683237659481	110
8	1761	895.957762820543	111
8	1790	907.826777257461	112
8	1804	912.710139896829	113
8	1815	917.798989916312	114
8	1829	922.721970671294	115
8	1834	924.060654904729	116
8	1855	934.974113841856	117
8	1857	935.274092443348	118
8	1878	946.688662180276	119
8	1916	970.735054613823	120
8	1931	978.779584116894	121
8	1970	997.776089909253	122
8	1972	998.025065051154	123
9	20	11.200595121262	1
9	89	40.880634567536	2
9	155	92.762351157428	3
9	214	132.204299239628	4
9	242	147.908315426771	5
9	260	158.59040457182	6
9	284	169.228819361913	7
9	287	169.565407019413	8
9	292	170.777009969739	9
9	334	193.755632930262	10
9	371	217.02893228332	11
9	384	225.679685936285	12
9	388	226.192775715235	13
9	390	226.463213744205	14
9	399	228.481996629378	15
9	460	263.379296470114	16
9	466	265.234284590121	17
9	479	274.099261298767	18
9	510	290.122210636458	19
9	528	297.25447620278	20
9	553	308.9830688561	21
9	585	323.770992597645	22
9	660	365.901185556782	23
9	671	370.961522929449	24
9	718	391.310877233529	25
9	731	398.051606649109	26
9	754	406.123345643624	27
9	765	413.434333680278	28
9	772	414.976261591597	29
9	788	426.950897062134	30
9	804	433.217266989686	31
9	848	453.508530541996	32
9	900	483.376356561406	33
9	902	483.552934237722	34
9	936	495.800310469873	35
9	946	499.334110029824	36
9	958	502.258079630245	37
9	1009	524.756513267684	38
9	1027	530.844480871636	39
9	1047	542.108747171449	40
9	1063	548.135270390375	41
9	1066	548.502443937003	42
9	1098	567.39043307435	43
9	1108	571.839669800315	44
9	1118	575.509509396632	45
9	1147	593.82988917232	46
9	1157	601.712777409134	47
9	1192	626.887607362481	48
9	1237	650.776577322417	49
9	1286	671.527586342967	50
9	1291	672.009388544337	51
9	1296	672.407548763227	52
9	1322	682.68891619808	53
9	1374	714.955544440639	54
9	1380	716.584094236952	55
9	1409	731.798222643129	56
9	1413	732.338024911719	57
9	1422	733.127609009087	58
9	1465	753.337295956806	59
9	1489	768.00184882704	60
9	1504	773.246674745604	61
9	1509	774.768170397107	62
9	1552	795.532892544528	63
9	1565	804.969136418403	64
9	1575	810.58168656575	65
9	1587	815.050088249474	66
9	1598	821.936619997906	67
9	1629	835.092735259315	68
9	1665	850.50560006911	69
9	1676	855.451880125551	70
9	1711	878.870699264124	71
9	1723	880.87222203482	72
9	1729	881.652384402437	73
9	1770	898.236371641044	74
9	1781	903.333231220279	75
9	1784	903.776740241007	76
9	1817	917.978927323447	77
9	1836	924.434437888415	78
9	1842	926.144371770791	79
9	1860	935.637351666699	80
9	1947	983.827071483174	81
9	1974	998.336059709766	82
10	20	11.200595121262	1
10	89	40.880634567536	2
10	155	92.762351157428	3
10	214	132.204299239628	4
10	242	147.908315426771	5
10	260	158.59040457182	6
10	284	169.228819361913	7
10	287	169.565407019413	8
10	292	170.777009969739	9
10	334	193.755632930262	10
10	371	217.02893228332	11
10	384	225.679685936285	12
10	388	226.192775715235	13
10	390	226.463213744205	14
10	399	228.481996629378	15
10	460	263.379296470114	16
10	466	265.234284590121	17
10	479	274.099261298767	18
10	510	290.122210636458	19
10	528	297.25447620278	20
10	553	308.9830688561	21
10	585	323.770992597645	22
10	660	365.901185556782	23
10	671	370.961522929449	24
10	718	391.310877233529	25
10	731	398.051606649109	26
10	754	406.123345643624	27
10	765	413.434333680278	28
10	772	414.976261591597	29
10	788	426.950897062134	30
10	804	433.217266989686	31
10	848	453.508530541996	32
10	900	483.376356561406	33
10	902	483.552934237722	34
10	936	495.800310469873	35
10	946	499.334110029824	36
10	958	502.258079630245	37
10	1009	524.756513267684	38
10	1027	530.844480871636	39
10	1047	542.108747171449	40
10	1063	548.135270390375	41
10	1066	548.502443937003	42
10	1098	567.39043307435	43
10	1108	571.839669800315	44
10	1118	575.509509396632	45
10	1147	593.82988917232	46
10	1157	601.712777409134	47
10	1192	626.887607362481	48
10	1237	650.776577322417	49
10	1286	671.527586342967	50
10	1291	672.009388544337	51
10	1296	672.407548763227	52
10	1322	682.68891619808	53
10	1374	714.955544440639	54
10	1380	716.584094236952	55
10	1409	731.798222643129	56
10	1413	732.338024911719	57
10	1422	733.127609009087	58
10	1465	753.337295956806	59
10	1489	768.00184882704	60
10	1504	773.246674745604	61
10	1509	774.768170397107	62
10	1552	795.532892544528	63
10	1565	804.969136418403	64
10	1575	810.58168656575	65
10	1587	815.050088249474	66
10	1598	821.936619997906	67
10	1629	835.092735259315	68
10	1665	850.50560006911	69
10	1676	855.451880125551	70
10	1711	878.870699264124	71
10	1723	880.87222203482	72
10	1729	881.652384402437	73
10	1770	898.236371641044	74
10	1781	903.333231220279	75
10	1784	903.776740241007	76
10	1817	917.978927323447	77
10	1836	924.434437888415	78
10	1842	926.144371770791	79
10	1860	935.637351666699	80
10	1947	983.827071483174	81
10	1974	998.336059709766	82
11	21	11.236753520602	1
11	156	92.92234533527	2
11	215	132.395399663581	3
11	288	169.651013537207	4
11	293	170.865326427516	5
11	335	193.921213092421	6
11	400	228.513291953765	7
11	529	297.294727138924	8
11	554	309.145687476857	9
11	586	323.918271318177	10
11	805	433.403537925678	11
11	937	495.901714540462	12
11	1048	542.292644343454	13
11	1109	571.930492072907	14
11	1119	575.563303698762	15
11	1148	593.956317728464	16
11	1292	672.13360147158	17
11	1375	715.165142453406	18
11	1423	733.294067056585	19
11	1490	768.174838383382	20
11	1505	773.427188990202	21
11	1576	810.686713111731	22
11	1666	850.578365487057	23
11	1724	881.00103281017	24
11	1771	898.399513855047	25
11	1785	903.896773235912	26
11	1843	926.16795920275	27
11	1861	935.775332619719	28
11	1948	983.922119023643	29
12	21	11.236753520602	2.467215735161
12	156	92.92234533527	2.515467821644
12	215	132.395399663581	2.488442200569
12	288	169.651013537207	2.77750942159
12	293	170.865326427516	2.125214040757
12	335	193.921213092421	1.942551974697
12	400	228.513291953765	1.847617939632
12	529	297.294727138924	2.304311853233
12	554	309.145687476857	2.194019025433
12	586	323.918271318177	1.912980290344
12	805	433.403537925678	2.225456929293
12	937	495.901714540462	1.787808940069
12	1048	542.292644343454	2.21731699444
12	1109	571.930492072907	1.993673890785
12	1119	575.563303698762	2.390493992108
12	1148	593.956317728464	1.8584231447491
12	1292	672.13360147158	2.4818718444189
12	1375	715.165142453406	1.7552457545111
12	1423	733.294067056585	1.953327103371
12	1490	768.174838383382	2.120611162207
12	1505	773.427188990202	1.8047638376311
12	1576	810.686713111731	1.4876188193721
12	1666	850.578365487057	2.320145277433
12	1724	881.00103281017	2.6070068237369
12	1771	898.399513855047	1.802954181612
12	1785	903.896773235912	2.39499167764
12	1843	926.16795920275	2.392443086104
12	1861	935.775332619719	2.9658398306229
12	1948	983.922119023643	1.902340655691

