version 3
run General-2-20231019-19:59:30-65822
attr configname General
attr datetime 20231019-19:59:30
attr datetimef 20231019-195930
attr experiment General
attr inifile omnetpp.ini
attr iterationvars ""
attr iterationvarsd ""
attr iterationvarsf ""
attr measurement ""
attr network Multihop
attr processid 65822
attr repetition 2
attr replication #2
attr resultdir results
attr runnumber 2
attr seedset 2
config network Multihop
config Multihop.node[*].transmissionTime "uniform(1s, 2s)"
config Multihop.node[*].delayTime "uniform(0.01s, 0.2s)"
config Multihop.node[*].lossProbability 0.3
config record-eventlog true
config sim-time-limit 1000s
config repeat 5

vector 0 Multihop.node[0] txVector ETV
vector 1 Multihop.node[1] rxVector ETV
vector 2 Multihop.node[1] txVector ETV
vector 3 Multihop.node[2] rxVector ETV
vector 4 Multihop.node[2] txVector ETV
vector 5 Multihop.node[4] rxVector ETV
vector 6 Multihop.node[4] txVector ETV
vector 7 Multihop.node[5] rxVector ETV
vector 8 Multihop.node[5] txVector ETV
vector 9 Multihop.node[3] rxVector ETV
vector 10 Multihop.node[3] txVector ETV
vector 11 Multihop.node[6] rxVector ETV
vector 12 Multihop.node[6] e2eVector ETV
0	0	0	1
0	1	0.092839031499	2
0	2	1.277921112972	3
0	7	3.20946197656	4
0	8	4.69463789139	5
0	15	6.32737562202	6
0	16	7.755497953175	7
0	17	8.852028874699	8
0	20	9.979188846443	9
0	21	11.746680022935	10
0	28	13.323988093082	11
0	29	14.486286696298	12
0	36	16.187039039815	13
0	41	18.14078126221	14
0	42	19.88741267521	15
0	43	21.318950445178	16
0	54	23.207254191647	17
0	55	24.944001252549	18
0	58	26.323211819185	19
0	60	27.685239225878	20
0	70	29.048565117196	21
0	76	30.710046441779	22
0	78	32.253391674739	23
0	85	34.171850315547	24
0	89	36.009680863489	25
0	90	37.945928906808	26
0	91	39.40967151478	27
0	92	41.261960475026	28
0	93	42.474727846003	29
0	95	43.47485143018	30
0	96	44.649967819239	31
0	97	46.164826986399	32
0	98	48.044817337553	33
0	99	49.829609260448	34
0	100	51.359430436297	35
0	103	52.633268305818	36
0	104	54.62177801204	37
0	107	55.670646098462	38
0	109	56.889936071375	39
0	112	58.610284095417	40
0	113	60.42306604704	41
0	115	61.968938750235	42
0	116	62.985049015397	43
0	119	64.920084743315	44
0	120	66.010455121306	45
0	123	67.36869542908	46
0	124	69.244961883659	47
0	125	70.677350983974	48
0	129	72.296992445384	49
0	133	74.17011978549	50
0	134	75.905471179653	51
0	142	77.091060915748	52
0	143	78.939745434812	53
0	147	80.384316375964	54
0	149	81.738488798515	55
0	150	82.770293675848	56
0	155	83.838028915013	57
0	161	85.3441157432	58
0	164	87.270277025197	59
0	166	88.689184337408	60
0	170	89.786732408005	61
0	174	91.61989365101	62
0	178	92.727081051116	63
0	180	94.440088341265	64
0	184	95.770835369612	65
0	185	97.413287795168	66
0	186	98.800188140264	67
0	187	100.655307807746	68
0	193	102.036100388757	69
0	198	103.826344187158	70
0	199	105.212927647886	71
0	200	106.947612956419	72
0	201	108.921164272606	73
0	202	110.163501775611	74
0	206	111.370120526777	75
0	207	112.733415172688	76
0	210	114.069708143614	77
0	214	115.72261509278	78
0	216	117.237017148893	79
0	223	119.070229640716	80
0	232	120.278271257664	81
0	234	122.1711771358	82
0	239	123.544070019872	83
0	242	124.795352935811	84
0	251	126.645782766651	85
0	252	128.391321581343	86
0	253	129.756587615257	87
0	254	131.505552651847	88
0	256	133.012324490605	89
0	257	134.265571326969	90
0	258	136.076344530817	91
0	260	137.846178720726	92
0	262	139.022475731114	93
0	267	140.36124436699	94
0	272	142.189799530917	95
0	276	143.71296885891	96
0	280	145.667257494546	97
0	284	146.912251632448	98
0	285	148.68804954949	99
0	289	149.720903483007	100
0	293	150.819372107062	101
0	294	151.882177547805	102
0	298	153.190786474405	103
0	302	154.518180657432	104
0	303	155.81770192601	105
0	307	157.352444917217	106
0	308	159.0201664658	107
0	309	160.151030937463	108
0	311	161.36497198187	109
0	312	163.206034575609	110
0	314	164.241819553097	111
0	319	165.866618682883	112
0	320	167.679124266395	113
0	323	169.211965158602	114
0	326	170.920870703665	115
0	327	172.49287952182	116
0	329	173.865300040712	117
0	331	175.252271261552	118
0	333	176.854034985203	119
0	335	178.338088554118	120
0	341	179.914798215751	121
0	344	181.887468579712	122
0	347	183.84885877047	123
0	352	185.785077998203	124
0	366	187.331891923	125
0	370	188.397602599135	126
0	372	190.310279752847	127
0	373	192.244416501859	128
0	377	193.820570853559	129
0	378	195.583001414101	130
0	382	197.219564827412	131
0	385	198.811443896751	132
0	389	199.836482502773	133
0	392	201.340504449812	134
0	393	203.047984540482	135
0	394	204.389312486649	136
0	402	206.312375216298	137
0	408	207.857536628861	138
0	415	209.136863882439	139
0	416	210.60017365871	140
0	418	211.702922937013	141
0	419	212.993381207129	142
0	420	214.302778491536	143
0	421	215.545737583442	144
0	427	217.499429127453	145
0	428	218.697524761334	146
0	432	220.047630142905	147
0	434	221.475835529873	148
0	437	222.917838596525	149
0	439	224.224161820505	150
0	441	226.099583159918	151
0	443	227.377236228222	152
0	452	228.821918046353	153
0	457	230.469758698502	154
0	462	232.435872876336	155
0	468	233.825764185068	156
0	470	235.37964483329	157
0	475	236.582536092744	158
0	483	238.431873392564	159
0	488	240.289649721951	160
0	491	241.443070511351	161
0	492	242.495700081129	162
0	494	243.820095146791	163
0	495	244.93372907631	164
0	500	246.574906385754	165
0	504	248.220505348424	166
0	511	249.480703015829	167
0	513	250.528632705117	168
0	514	251.530694946431	169
0	516	252.650310287968	170
0	524	254.06800270222	171
0	529	255.602017287182	172
0	531	257.439330606273	173
0	535	258.84552589014	174
0	537	260.592892558331	175
0	541	262.253302650776	176
0	546	263.753500639012	177
0	547	265.163484968029	178
0	549	267.052915565454	179
0	550	268.799813314591	180
0	557	270.387664551165	181
0	558	272.127199182071	182
0	559	273.388215616362	183
0	560	275.326646640913	184
0	561	277.283796164456	185
0	562	278.444008563894	186
0	564	280.256262649099	187
0	566	281.855662723553	188
0	568	283.455241932316	189
0	569	285.325267710971	190
0	572	286.828289115118	191
0	574	288.753854812138	192
0	578	290.188910122277	193
0	579	291.401946680402	194
0	587	292.416805211935	195
0	591	294.357474170873	196
0	595	295.601974804435	197
0	596	297.549599777689	198
0	597	298.637106221184	199
0	600	299.712605931345	200
0	609	301.694870598629	201
0	614	303.406421407374	202
0	615	305.099680830274	203
0	616	306.174313242795	204
0	621	307.528743682211	205
0	623	308.757986621713	206
0	626	310.241210706081	207
0	632	311.655953790076	208
0	633	312.88250037517	209
0	634	314.604019175065	210
0	637	315.868871244383	211
0	641	316.923165730447	212
0	644	318.064601434641	213
0	649	319.781047790558	214
0	654	321.093225833275	215
0	656	322.880324205863	216
0	658	324.858543982976	217
0	663	326.754764965982	218
0	670	328.148875160855	219
0	671	329.77106040671	220
0	672	330.955564675634	221
0	674	332.516696369988	222
0	675	333.893243106795	223
0	677	335.731016917634	224
0	679	336.889156409321	225
0	680	337.891080355752	226
0	682	339.134262828869	227
0	687	340.475635916474	228
0	691	341.802285987898	229
0	693	343.288221872193	230
0	694	345.019400199424	231
0	698	346.282803625348	232
0	699	347.537897139569	233
0	701	349.313072381788	234
0	703	350.356412227047	235
0	712	351.586360007073	236
0	714	353.243786355029	237
0	717	354.466588708353	238
0	720	356.367080284063	239
0	721	358.21835755302	240
0	724	359.977337452596	241
0	728	361.949370929751	242
0	729	363.163250887546	243
0	735	364.796187867423	244
0	740	366.250118369016	245
0	743	368.148462330469	246
0	748	369.684626229818	247
0	750	371.536809605326	248
0	756	372.617699389358	249
0	757	373.996036070644	250
0	761	375.397284847696	251
0	766	376.661800444371	252
0	771	378.158351324045	253
0	773	379.494850772678	254
0	774	380.828554131801	255
0	775	382.600084300398	256
0	781	384.550194210851	257
0	782	386.148698885705	258
0	784	387.507619014255	259
0	790	389.360818824743	260
0	791	390.942256356369	261
0	794	392.090847652651	262
0	800	393.924204406108	263
0	801	395.830508220022	264
0	804	397.637893152203	265
0	809	399.160396375008	266
0	811	400.507041217772	267
0	812	401.874149966765	268
0	813	403.853728920234	269
0	819	405.430328023865	270
0	824	406.54364334374	271
0	835	408.214340513817	272
0	837	409.406604792236	273
0	841	410.691473592783	274
0	849	412.03821455153	275
0	850	413.212778271887	276
0	851	414.555947475614	277
0	852	415.850451158605	278
0	855	417.786732019636	279
0	857	418.816774555727	280
0	861	420.215917565639	281
0	863	421.946550504782	282
0	868	423.687205541658	283
0	869	425.303525010834	284
0	873	427.286981336551	285
0	874	428.405360545742	286
0	875	430.283914048702	287
0	878	431.39493647638	288
0	885	433.232771553111	289
0	886	434.439864081342	290
0	888	436.405136212252	291
0	893	437.994449796399	292
0	895	439.611633504286	293
0	899	441.448343040898	294
0	904	443.014629269961	295
0	908	444.597595374576	296
0	909	446.510451957827	297
0	912	448.156279906641	298
0	915	449.310096289275	299
0	920	451.132732701033	300
0	928	452.211244232032	301
0	929	453.247804348135	302
0	930	455.092406813532	303
0	931	456.309430046484	304
0	935	457.443850315653	305
0	938	459.09924100294	306
0	947	460.450950128271	307
0	948	461.768363452296	308
0	951	463.437240700948	309
0	954	465.14595996613	310
0	958	466.27099712916	311
0	960	467.967891065882	312
0	961	469.572164949974	313
0	964	470.856813346282	314
0	965	472.621405812692	315
0	966	473.959659900297	316
0	968	475.936524238684	317
0	978	477.515052383779	318
0	983	478.996825295747	319
0	984	480.743105824585	320
0	985	481.922061846605	321
0	986	483.679065577234	322
0	987	484.738845512285	323
0	988	486.614870198551	324
0	993	487.801775071784	325
0	994	488.898066547248	326
0	996	490.534075646908	327
0	998	491.593048750437	328
0	1001	493.256631322685	329
0	1002	495.241624369533	330
0	1004	497.236175698941	331
0	1010	498.999254963841	332
0	1014	500.934371944764	333
0	1015	502.720918783699	334
0	1018	504.664352878709	335
0	1021	505.747720871134	336
0	1023	507.569836540859	337
0	1032	508.830084055442	338
0	1033	510.332683955332	339
0	1035	511.884278804309	340
0	1036	513.06636434492	341
0	1038	514.267646283156	342
0	1039	516.113808786508	343
0	1040	518.073319686123	344
0	1041	519.834165036923	345
0	1044	521.388999768312	346
0	1046	523.095182800678	347
0	1051	524.518434487296	348
0	1052	525.521137463873	349
0	1059	527.448298105517	350
0	1061	529.331994618302	351
0	1062	530.91346980749	352
0	1063	532.480124262872	353
0	1064	534.403014328343	354
0	1067	535.726777679299	355
0	1068	537.066920033668	356
0	1077	538.294035649405	357
0	1079	539.690696137737	358
0	1083	541.436926895299	359
0	1090	543.251488370833	360
0	1094	545.224239391054	361
0	1097	547.173565894145	362
0	1102	548.735825595226	363
0	1104	550.231963790035	364
0	1105	551.273751574349	365
0	1108	553.187810184447	366
0	1111	554.3541619999	367
0	1116	555.84792980879	368
0	1117	556.913526048198	369
0	1119	558.409560712533	370
0	1124	560.330213896012	371
0	1131	561.994124865871	372
0	1133	563.5025823319	373
0	1134	565.319665630362	374
0	1135	566.627094713287	375
0	1136	568.144709864413	376
0	1138	569.619444204509	377
0	1143	571.315928401906	378
0	1146	573.267039405663	379
0	1147	574.378582631486	380
0	1148	575.573846676868	381
0	1154	576.595694365228	382
0	1157	578.473950594679	383
0	1162	580.138892181699	384
0	1177	581.525875003326	385
0	1180	583.152675559062	386
0	1183	584.566092004317	387
0	1188	586.199201886558	388
0	1191	587.762329273407	389
0	1192	588.960331709605	390
0	1197	590.469676972149	391
0	1199	591.511448259713	392
0	1202	592.792107865695	393
0	1204	594.603748513866	394
0	1206	595.730012026863	395
0	1207	597.280107157552	396
0	1211	599.113255198826	397
0	1215	600.724914839971	398
0	1216	602.186900137705	399
0	1219	603.841139872573	400
0	1220	605.354119787473	401
0	1222	606.700106899967	402
0	1224	608.589767848622	403
0	1226	610.474991165349	404
0	1227	611.805793157793	405
0	1233	613.523637083606	406
0	1238	614.809089704431	407
0	1240	616.447287578849	408
0	1242	617.886566061774	409
0	1244	619.39293522622	410
0	1249	620.717935096487	411
0	1250	621.84814954504	412
0	1252	623.305856540581	413
0	1256	625.053620001782	414
0	1260	626.703827144593	415
0	1261	628.402732648203	416
0	1263	630.046237748597	417
0	1265	631.701795757298	418
0	1267	633.248073827025	419
0	1269	634.576889426928	420
0	1274	636.306010524292	421
0	1275	638.175908741789	422
0	1277	639.409879907981	423
0	1278	641.394063061119	424
0	1283	643.155396960924	425
0	1284	644.834615533488	426
0	1286	646.623455609676	427
0	1291	647.955148177004	428
0	1293	649.827938852614	429
0	1297	651.720776772142	430
0	1299	653.61156181364	431
0	1304	655.129527904807	432
0	1311	656.294212199763	433
0	1314	657.690388055068	434
0	1316	659.142839613619	435
0	1328	660.329084748185	436
0	1329	662.178992897986	437
0	1330	663.182981833132	438
0	1337	664.716324063731	439
0	1340	666.204241804327	440
0	1341	667.267092931331	441
0	1343	668.580857592183	442
0	1357	670.15622277955	443
0	1363	672.028759561725	444
0	1364	673.49698267599	445
0	1365	674.965322989052	446
0	1367	676.158052429337	447
0	1369	677.548484249985	448
0	1377	679.484599180766	449
0	1385	680.96506360291	450
0	1386	682.60550444365	451
0	1394	684.165841436027	452
0	1395	686.002533763195	453
0	1397	687.069366271155	454
0	1400	689.000524200745	455
0	1401	690.135919799576	456
0	1403	691.899811773807	457
0	1408	693.860750690581	458
0	1409	695.709167457198	459
0	1413	697.084360625142	460
0	1419	698.911504906382	461
0	1424	700.072054259492	462
0	1429	701.663435809327	463
0	1433	702.905622221542	464
0	1435	704.220746807767	465
0	1441	705.24876578852	466
0	1445	706.601764009115	467
0	1446	707.814313981696	468
0	1448	709.275630386793	469
0	1451	710.537461857093	470
0	1457	712.359296660419	471
0	1461	713.967135302737	472
0	1463	715.377006731243	473
0	1467	717.178084485014	474
0	1468	718.341087141787	475
0	1477	719.908935866566	476
0	1478	721.111810841146	477
0	1481	722.393253924106	478
0	1482	724.179388821604	479
0	1483	725.873161301263	480
0	1484	727.158075476777	481
0	1487	728.381812363178	482
0	1490	730.347521553761	483
0	1494	731.918163700974	484
0	1495	733.46980986536	485
0	1497	734.900761175449	486
0	1502	736.253562818295	487
0	1508	737.280986889978	488
0	1510	738.289726568633	489
0	1512	739.769284900991	490
0	1513	741.305484057419	491
0	1514	742.736915083151	492
0	1516	743.912684845986	493
0	1521	745.431023320431	494
0	1522	747.093128659545	495
0	1523	748.622177167112	496
0	1524	750.240622367026	497
0	1526	752.036649819245	498
0	1530	753.232125965194	499
0	1533	754.335231536781	500
0	1537	756.263609720874	501
0	1540	757.897366442499	502
0	1543	759.793796500438	503
0	1547	761.238287882195	504
0	1549	762.684838543893	505
0	1550	764.034361636746	506
0	1552	765.361001522993	507
0	1556	766.895519498517	508
0	1559	768.587853606572	509
0	1563	770.387330116253	510
0	1566	771.858240535264	511
0	1567	773.493162192418	512
0	1574	775.355291148196	513
0	1577	777.216024196488	514
0	1579	778.453690366135	515
0	1581	779.671216535163	516
0	1582	780.820209208191	517
0	1585	782.073132739649	518
0	1592	783.36939405954	519
0	1593	784.909676146941	520
0	1594	785.990697645131	521
0	1598	787.480279228432	522
0	1601	789.273864105126	523
0	1602	790.771120219274	524
0	1606	792.554106955432	525
0	1608	794.49757822721	526
0	1615	795.639850483525	527
0	1616	796.646663910958	528
0	1619	797.872408596582	529
0	1620	798.979643920918	530
0	1623	800.842950439795	531
0	1628	802.316793687192	532
0	1630	803.615905069064	533
0	1632	805.521957366278	534
0	1635	806.55148962002	535
0	1636	807.663994180288	536
0	1637	809.580776849313	537
0	1642	810.701697079482	538
0	1644	811.745445887343	539
0	1645	812.99544791134	540
0	1646	814.647639217339	541
0	1652	816.022149166809	542
0	1655	817.97341842276	543
0	1657	819.67380708225	544
0	1661	820.810625426256	545
0	1662	822.377947319084	546
0	1666	824.343086415687	547
0	1671	825.404677927745	548
0	1674	827.148051311746	549
0	1675	828.888802576829	550
0	1677	830.335839553988	551
0	1682	831.970433155327	552
0	1683	833.036869938039	553
0	1691	834.730563098817	554
0	1696	835.767589338842	555
0	1698	836.841903222279	556
0	1704	838.823723886182	557
0	1705	840.608295830685	558
0	1710	841.638201389016	559
0	1713	842.714309061665	560
0	1718	844.119128188837	561
0	1731	845.661888568915	562
0	1736	847.020726372042	563
0	1738	848.3314018117	564
0	1739	850.104666979072	565
0	1742	851.942982076687	566
0	1743	853.660490307511	567
0	1747	855.077591111438	568
0	1748	857.014933171004	569
0	1749	858.270307510879	570
0	1752	860.229462528855	571
0	1753	861.916680929039	572
0	1755	862.97790082453	573
0	1756	864.877858208513	574
0	1759	866.740647073157	575
0	1764	868.324880396269	576
0	1767	870.061218392823	577
0	1769	871.99828696998	578
0	1770	873.88628273762	579
0	1773	875.761673119871	580
0	1777	877.094139951535	581
0	1778	878.176345746519	582
0	1780	879.994978771798	583
0	1783	881.322021738181	584
0	1787	882.917221774368	585
0	1791	884.834512922002	586
0	1792	886.526347660713	587
0	1793	887.558028088437	588
0	1800	889.003398716935	589
0	1804	890.941032182445	590
0	1806	892.049619497285	591
0	1808	893.919836236416	592
0	1810	895.409006767227	593
0	1811	897.086591743418	594
0	1814	898.389223254771	595
0	1819	899.844289020655	596
0	1820	901.443309525048	597
0	1821	903.003358959706	598
0	1826	904.454155079808	599
0	1827	905.785005686359	600
0	1829	906.960318755611	601
0	1830	908.324772678335	602
0	1833	910.012448947198	603
0	1836	911.134792938383	604
0	1838	912.538182943614	605
0	1839	914.082130565794	606
0	1841	915.112743294352	607
0	1843	916.667283777167	608
0	1846	918.10800972839	609
0	1849	919.180654215413	610
0	1854	921.145751651629	611
0	1855	922.870662584455	612
0	1859	924.755209897199	613
0	1861	926.179175860967	614
0	1862	927.509543680373	615
0	1865	929.430390739833	616
0	1866	930.568846042055	617
0	1869	932.378012761028	618
0	1871	934.285248829305	619
0	1877	935.80928126678	620
0	1879	937.512891494456	621
0	1881	938.891800147268	622
0	1883	939.981242188971	623
0	1885	941.529696094358	624
0	1889	942.84463385285	625
0	1890	944.508895707337	626
0	1895	946.498423127012	627
0	1902	948.479041922858	628
0	1903	950.232551106738	629
0	1910	951.604943980949	630
0	1913	952.737988481784	631
0	1916	953.81589043515	632
0	1917	955.237117612522	633
0	1920	956.491755185436	634
0	1922	958.435338630827	635
0	1928	960.28617771391	636
0	1930	962.069805056576	637
0	1933	963.724792526823	638
0	1938	965.117214500227	639
0	1943	967.068431858693	640
0	1952	968.805678985568	641
0	1955	969.85764682295	642
0	1961	971.734570998719	643
0	1963	972.756663963918	644
0	1965	973.927280424649	645
0	1970	975.013463903006	646
0	1972	976.145798072006	647
0	1980	978.011524973224	648
0	1982	979.15782341852	649
0	1983	980.757163733031	650
0	1984	982.679080377586	651
0	1987	983.774153145516	652
0	1997	985.39554905614	653
0	1999	986.40980690091	654
0	2006	988.368793920866	655
0	2011	989.60965044193	656
0	2016	991.254245418376	657
0	2019	992.768964185632	658
0	2020	993.810085849856	659
0	2021	995.393026077208	660
0	2022	996.847799581495	661
0	2027	998.566153634359	662
1	3	1.477989929033	1
1	9	4.870100968583	2
1	18	8.985410483223	3
1	22	11.798566452677	4
1	30	14.689551401944	5
1	37	16.310438589356	6
1	44	21.517777172721	7
1	56	24.966474546769	8
1	61	27.800848540124	9
1	71	29.100955772291	10
1	79	32.385887743587	11
1	86	34.293776518179	12
1	101	51.384443424072	13
1	105	54.68588047956	14
1	110	56.919718827511	15
1	117	63.079260294602	16
1	121	66.034062295632	17
1	126	70.752532065672	18
1	130	72.409152660978	19
1	135	75.950568613687	20
1	144	79.095737381303	21
1	151	82.909648107389	22
1	156	83.899604863753	23
1	162	85.542927760075	24
1	167	88.752180607701	25
1	171	89.845833206793	26
1	175	91.722559544387	27
1	181	94.503524288885	28
1	188	100.709186674676	29
1	194	102.200944085844	30
1	203	110.264139554926	31
1	208	112.830589074733	32
1	211	114.180478050363	33
1	217	117.318529759926	34
1	224	119.094545791704	35
1	235	122.209393066115	36
1	240	123.731504727067	37
1	243	124.859156602234	38
1	263	139.217474117206	39
1	268	140.505197035222	40
1	273	142.271560323565	41
1	277	143.733440519165	42
1	281	145.783219259883	43
1	286	148.85735114298	44
1	290	149.91263425399	45
1	295	152.03768401972	46
1	299	153.394016173158	47
1	304	155.986992687427	48
1	315	164.313206504133	49
1	321	167.85232795658	50
1	324	169.334053454233	51
1	336	178.363359971111	52
1	342	179.973661239429	53
1	345	182.01329263849	54
1	348	183.897903578256	55
1	353	185.895515859663	56
1	367	187.412175760437	57
1	374	192.299600738538	58
1	379	195.63819776982	59
1	383	197.37427315076	60
1	386	198.881131975663	61
1	390	200.009379044626	62
1	395	204.584727505658	63
1	403	206.468159711999	64
1	409	207.901938097505	65
1	422	215.641245546034	66
1	429	218.804824453304	67
1	435	221.669441912237	68
1	444	227.441216426073	69
1	453	228.865014750554	70
1	458	230.66481040046	71
1	463	232.47560720089	72
1	471	235.583044139146	73
1	476	236.659850557313	74
1	484	238.461957877722	75
1	489	240.316936844873	76
1	496	245.055229861589	77
1	501	246.652199813513	78
1	505	248.394280583354	79
1	517	252.792810266452	80
1	525	254.142354536295	81
1	532	257.50270649229	82
1	538	260.641225948633	83
1	542	262.28080113812	84
1	551	268.90104487643	85
1	570	285.359263300264	86
1	575	288.882828241069	87
1	580	291.503591091363	88
1	588	292.518923778164	89
1	592	294.506224602487	90
1	598	298.836135486863	91
1	601	299.796296988859	92
1	610	301.880455390293	93
1	617	306.292229849364	94
1	624	308.811230729863	95
1	627	310.314239721241	96
1	635	314.679052267401	97
1	638	315.921159185404	98
1	642	317.027425512694	99
1	645	318.131730297494	100
1	650	319.919307658093	101
1	659	324.90573582459	102
1	664	326.878044946485	103
1	683	339.182380767174	104
1	688	340.666246520148	105
1	695	345.063256530029	106
1	704	350.5362339292	107
1	715	353.295555807715	108
1	718	354.612670592519	109
1	722	358.309884401894	110
1	725	360.094217022067	111
1	730	363.283208722214	112
1	736	364.978114780254	113
1	741	366.294238575311	114
1	744	368.282611023407	115
1	751	371.66470869742	116
1	758	374.13468106275	117
1	762	375.554133857535	118
1	767	376.699336603037	119
1	776	382.771457621134	120
1	785	387.67825909375	121
1	792	391.014824305878	122
1	795	392.12316007522	123
1	802	395.932683520197	124
1	805	397.77714305645	125
1	814	404.061490845062	126
1	820	405.469926410989	127
1	825	406.640707451757	128
1	838	409.521556096524	129
1	842	410.843351788267	130
1	853	415.871886565609	131
1	858	418.903688045033	132
1	864	422.036680311018	133
1	870	425.396817835344	134
1	876	430.327418299946	135
1	879	431.512444515871	136
1	889	436.515416603211	137
1	896	439.659398408843	138
1	900	441.653445003954	139
1	905	443.088460772356	140
1	910	446.658780051837	141
1	913	448.197356823444	142
1	916	449.481456800065	143
1	921	451.326131618981	144
1	932	456.342570555522	145
1	936	457.634123473086	146
1	939	459.133389004625	147
1	949	461.86235047808	148
1	952	463.585488645004	149
1	955	465.30911061226	150
1	962	469.745931737382	151
1	969	476.08240458095	152
1	979	477.712232234743	153
1	989	486.797919351897	154
1	999	491.624552713002	155
1	1005	497.382095604418	156
1	1011	499.118260765582	157
1	1016	502.914758561982	158
1	1019	504.687480967594	159
1	1024	507.740267821947	160
1	1042	519.8704246762	161
1	1047	523.144142717941	162
1	1053	525.560935740703	163
1	1065	534.449234819434	164
1	1069	537.127990646686	165
1	1080	539.715739060229	166
1	1084	541.535220594781	167
1	1091	543.292444159568	168
1	1095	545.369735162561	169
1	1098	547.202875973043	170
1	1106	551.462772136959	171
1	1109	553.34806948783	172
1	1112	554.485960715219	173
1	1120	558.447421458833	174
1	1125	560.364729940143	175
1	1139	569.6508280609	176
1	1144	571.395097394242	177
1	1149	575.648592109358	178
1	1155	576.65894888885	179
1	1158	578.574891475096	180
1	1163	580.324024885734	181
1	1181	583.199222758547	182
1	1184	584.723137689409	183
1	1189	586.37331846225	184
1	1193	589.032991628308	185
1	1200	591.54129467642	186
1	1208	597.33222231254	187
1	1212	599.144583069687	188
1	1217	602.208478036062	189
1	1228	611.894180543353	190
1	1234	613.594432502452	191
1	1245	619.593487452411	192
1	1253	623.371021289954	193
1	1257	625.088798897701	194
1	1270	634.607064254788	195
1	1279	641.548294363517	196
1	1287	646.6700366334	197
1	1294	649.856312990977	198
1	1300	653.755923471112	199
1	1305	655.199615264571	200
1	1312	656.379651472887	201
1	1317	659.278842183011	202
1	1331	663.203153178206	203
1	1338	664.741691291044	204
1	1344	668.676732654911	205
1	1358	670.353172825467	206
1	1370	677.641119803574	207
1	1378	679.523961352915	208
1	1387	682.72470380462	209
1	1398	687.118102117345	210
1	1404	691.970543345531	211
1	1410	695.745157983513	212
1	1414	697.121467853131	213
1	1420	699.01174827658	214
1	1425	700.138284975597	215
1	1430	701.808888618167	216
1	1436	704.313893187965	217
1	1442	705.395353587083	218
1	1449	709.461409178693	219
1	1452	710.56848006072	220
1	1458	712.488094055553	221
1	1464	715.428357919345	222
1	1469	718.3775441666	223
1	1479	721.153264493791	224
1	1485	727.30927842477	225
1	1488	728.552299077222	226
1	1491	730.42093311894	227
1	1498	735.072595777407	228
1	1503	736.291580087831	229
1	1517	744.114322180658	230
1	1527	752.144547156364	231
1	1531	753.380441874869	232
1	1534	754.450152959261	233
1	1538	756.460467774948	234
1	1541	757.984121352041	235
1	1544	759.891872451494	236
1	1553	765.405201923922	237
1	1557	766.938290106044	238
1	1560	768.690241835595	239
1	1564	770.483616241825	240
1	1568	773.652454089389	241
1	1575	775.550636495377	242
1	1583	780.951257276898	243
1	1586	782.156388920923	244
1	1595	786.0563437424	245
1	1599	787.600273660299	246
1	1603	790.843399295273	247
1	1609	794.591506454735	248
1	1617	796.840616329575	249
1	1621	799.182445421617	250
1	1624	801.011216083641	251
1	1633	805.649818958943	252
1	1638	809.737565433605	253
1	1647	814.84960890962	254
1	1653	816.042804702988	255
1	1658	819.759897002831	256
1	1663	822.404095665702	257
1	1667	824.477598242442	258
1	1672	825.605168209217	259
1	1678	830.524588700615	260
1	1684	833.131331665649	261
1	1692	834.88985184986	262
1	1699	836.990095471005	263
1	1706	840.653922140006	264
1	1711	841.66360454589	265
1	1714	842.909705209792	266
1	1719	844.178877585367	267
1	1740	850.226516539633	268
1	1744	853.853867388299	269
1	1750	858.359058881481	270
1	1757	865.019137171653	271
1	1760	866.897200649282	272
1	1765	868.383784589876	273
1	1771	874.069523266218	274
1	1774	875.862223385935	275
1	1781	880.058703238318	276
1	1784	881.52080277991	277
1	1788	882.971531057393	278
1	1794	887.585873153814	279
1	1801	889.180191347279	280
1	1812	897.181897260906	281
1	1815	898.429246306188	282
1	1822	903.04843636573	283
1	1831	908.505764039525	284
1	1834	910.122649049164	285
1	1844	916.697970996947	286
1	1847	918.255547374709	287
1	1850	919.273511173374	288
1	1856	923.037784267414	289
1	1863	927.648821106429	290
1	1867	930.636896984627	291
1	1872	934.330136452505	292
1	1886	941.689867556246	293
1	1891	944.692445202707	294
1	1896	946.637307128153	295
1	1904	950.369354687281	296
1	1911	951.770720366737	297
1	1914	952.777757732365	298
1	1918	955.311141796512	299
1	1923	958.47517344593	300
1	1931	962.200501015929	301
1	1934	963.933726322579	302
1	1939	965.17657421768	303
1	1944	967.238629829374	304
1	1953	968.936369404974	305
1	1956	969.990342045386	306
1	1966	974.114956869867	307
1	1973	976.2245311394	308
1	1985	982.863508070879	309
1	1988	983.839611980898	310
1	2000	986.541413807888	311
1	2007	988.565951321047	312
1	2012	989.805870407399	313
1	2017	991.418255125147	314
1	2023	996.980138338612	315
1	2028	998.718251729289	316
2	3	1.477989929033	1
2	9	4.870100968583	2
2	18	8.985410483223	3
2	22	11.798566452677	4
2	30	14.689551401944	5
2	37	16.310438589356	6
2	44	21.517777172721	7
2	56	24.966474546769	8
2	61	27.800848540124	9
2	71	29.100955772291	10
2	79	32.385887743587	11
2	86	34.293776518179	12
2	101	51.384443424072	13
2	105	54.68588047956	14
2	110	56.919718827511	15
2	117	63.079260294602	16
2	121	66.034062295632	17
2	126	70.752532065672	18
2	130	72.409152660978	19
2	135	75.950568613687	20
2	144	79.095737381303	21
2	151	82.909648107389	22
2	156	83.899604863753	23
2	162	85.542927760075	24
2	167	88.752180607701	25
2	171	89.845833206793	26
2	175	91.722559544387	27
2	181	94.503524288885	28
2	188	100.709186674676	29
2	194	102.200944085844	30
2	203	110.264139554926	31
2	208	112.830589074733	32
2	211	114.180478050363	33
2	217	117.318529759926	34
2	224	119.094545791704	35
2	235	122.209393066115	36
2	240	123.731504727067	37
2	243	124.859156602234	38
2	263	139.217474117206	39
2	268	140.505197035222	40
2	273	142.271560323565	41
2	277	143.733440519165	42
2	281	145.783219259883	43
2	286	148.85735114298	44
2	290	149.91263425399	45
2	295	152.03768401972	46
2	299	153.394016173158	47
2	304	155.986992687427	48
2	315	164.313206504133	49
2	321	167.85232795658	50
2	324	169.334053454233	51
2	336	178.363359971111	52
2	342	179.973661239429	53
2	345	182.01329263849	54
2	348	183.897903578256	55
2	353	185.895515859663	56
2	367	187.412175760437	57
2	374	192.299600738538	58
2	379	195.63819776982	59
2	383	197.37427315076	60
2	386	198.881131975663	61
2	390	200.009379044626	62
2	395	204.584727505658	63
2	403	206.468159711999	64
2	409	207.901938097505	65
2	422	215.641245546034	66
2	429	218.804824453304	67
2	435	221.669441912237	68
2	444	227.441216426073	69
2	453	228.865014750554	70
2	458	230.66481040046	71
2	463	232.47560720089	72
2	471	235.583044139146	73
2	476	236.659850557313	74
2	484	238.461957877722	75
2	489	240.316936844873	76
2	496	245.055229861589	77
2	501	246.652199813513	78
2	505	248.394280583354	79
2	517	252.792810266452	80
2	525	254.142354536295	81
2	532	257.50270649229	82
2	538	260.641225948633	83
2	542	262.28080113812	84
2	551	268.90104487643	85
2	570	285.359263300264	86
2	575	288.882828241069	87
2	580	291.503591091363	88
2	588	292.518923778164	89
2	592	294.506224602487	90
2	598	298.836135486863	91
2	601	299.796296988859	92
2	610	301.880455390293	93
2	617	306.292229849364	94
2	624	308.811230729863	95
2	627	310.314239721241	96
2	635	314.679052267401	97
2	638	315.921159185404	98
2	642	317.027425512694	99
2	645	318.131730297494	100
2	650	319.919307658093	101
2	659	324.90573582459	102
2	664	326.878044946485	103
2	683	339.182380767174	104
2	688	340.666246520148	105
2	695	345.063256530029	106
2	704	350.5362339292	107
2	715	353.295555807715	108
2	718	354.612670592519	109
2	722	358.309884401894	110
2	725	360.094217022067	111
2	730	363.283208722214	112
2	736	364.978114780254	113
2	741	366.294238575311	114
2	744	368.282611023407	115
2	751	371.66470869742	116
2	758	374.13468106275	117
2	762	375.554133857535	118
2	767	376.699336603037	119
2	776	382.771457621134	120
2	785	387.67825909375	121
2	792	391.014824305878	122
2	795	392.12316007522	123
2	802	395.932683520197	124
2	805	397.77714305645	125
2	814	404.061490845062	126
2	820	405.469926410989	127
2	825	406.640707451757	128
2	838	409.521556096524	129
2	842	410.843351788267	130
2	853	415.871886565609	131
2	858	418.903688045033	132
2	864	422.036680311018	133
2	870	425.396817835344	134
2	876	430.327418299946	135
2	879	431.512444515871	136
2	889	436.515416603211	137
2	896	439.659398408843	138
2	900	441.653445003954	139
2	905	443.088460772356	140
2	910	446.658780051837	141
2	913	448.197356823444	142
2	916	449.481456800065	143
2	921	451.326131618981	144
2	932	456.342570555522	145
2	936	457.634123473086	146
2	939	459.133389004625	147
2	949	461.86235047808	148
2	952	463.585488645004	149
2	955	465.30911061226	150
2	962	469.745931737382	151
2	969	476.08240458095	152
2	979	477.712232234743	153
2	989	486.797919351897	154
2	999	491.624552713002	155
2	1005	497.382095604418	156
2	1011	499.118260765582	157
2	1016	502.914758561982	158
2	1019	504.687480967594	159
2	1024	507.740267821947	160
2	1042	519.8704246762	161
2	1047	523.144142717941	162
2	1053	525.560935740703	163
2	1065	534.449234819434	164
2	1069	537.127990646686	165
2	1080	539.715739060229	166
2	1084	541.535220594781	167
2	1091	543.292444159568	168
2	1095	545.369735162561	169
2	1098	547.202875973043	170
2	1106	551.462772136959	171
2	1109	553.34806948783	172
2	1112	554.485960715219	173
2	1120	558.447421458833	174
2	1125	560.364729940143	175
2	1139	569.6508280609	176
2	1144	571.395097394242	177
2	1149	575.648592109358	178
2	1155	576.65894888885	179
2	1158	578.574891475096	180
2	1163	580.324024885734	181
2	1181	583.199222758547	182
2	1184	584.723137689409	183
2	1189	586.37331846225	184
2	1193	589.032991628308	185
2	1200	591.54129467642	186
2	1208	597.33222231254	187
2	1212	599.144583069687	188
2	1217	602.208478036062	189
2	1228	611.894180543353	190
2	1234	613.594432502452	191
2	1245	619.593487452411	192
2	1253	623.371021289954	193
2	1257	625.088798897701	194
2	1270	634.607064254788	195
2	1279	641.548294363517	196
2	1287	646.6700366334	197
2	1294	649.856312990977	198
2	1300	653.755923471112	199
2	1305	655.199615264571	200
2	1312	656.379651472887	201
2	1317	659.278842183011	202
2	1331	663.203153178206	203
2	1338	664.741691291044	204
2	1344	668.676732654911	205
2	1358	670.353172825467	206
2	1370	677.641119803574	207
2	1378	679.523961352915	208
2	1387	682.72470380462	209
2	1398	687.118102117345	210
2	1404	691.970543345531	211
2	1410	695.745157983513	212
2	1414	697.121467853131	213
2	1420	699.01174827658	214
2	1425	700.138284975597	215
2	1430	701.808888618167	216
2	1436	704.313893187965	217
2	1442	705.395353587083	218
2	1449	709.461409178693	219
2	1452	710.56848006072	220
2	1458	712.488094055553	221
2	1464	715.428357919345	222
2	1469	718.3775441666	223
2	1479	721.153264493791	224
2	1485	727.30927842477	225
2	1488	728.552299077222	226
2	1491	730.42093311894	227
2	1498	735.072595777407	228
2	1503	736.291580087831	229
2	1517	744.114322180658	230
2	1527	752.144547156364	231
2	1531	753.380441874869	232
2	1534	754.450152959261	233
2	1538	756.460467774948	234
2	1541	757.984121352041	235
2	1544	759.891872451494	236
2	1553	765.405201923922	237
2	1557	766.938290106044	238
2	1560	768.690241835595	239
2	1564	770.483616241825	240
2	1568	773.652454089389	241
2	1575	775.550636495377	242
2	1583	780.951257276898	243
2	1586	782.156388920923	244
2	1595	786.0563437424	245
2	1599	787.600273660299	246
2	1603	790.843399295273	247
2	1609	794.591506454735	248
2	1617	796.840616329575	249
2	1621	799.182445421617	250
2	1624	801.011216083641	251
2	1633	805.649818958943	252
2	1638	809.737565433605	253
2	1647	814.84960890962	254
2	1653	816.042804702988	255
2	1658	819.759897002831	256
2	1663	822.404095665702	257
2	1667	824.477598242442	258
2	1672	825.605168209217	259
2	1678	830.524588700615	260
2	1684	833.131331665649	261
2	1692	834.88985184986	262
2	1699	836.990095471005	263
2	1706	840.653922140006	264
2	1711	841.66360454589	265
2	1714	842.909705209792	266
2	1719	844.178877585367	267
2	1740	850.226516539633	268
2	1744	853.853867388299	269
2	1750	858.359058881481	270
2	1757	865.019137171653	271
2	1760	866.897200649282	272
2	1765	868.383784589876	273
2	1771	874.069523266218	274
2	1774	875.862223385935	275
2	1781	880.058703238318	276
2	1784	881.52080277991	277
2	1788	882.971531057393	278
2	1794	887.585873153814	279
2	1801	889.180191347279	280
2	1812	897.181897260906	281
2	1815	898.429246306188	282
2	1822	903.04843636573	283
2	1831	908.505764039525	284
2	1834	910.122649049164	285
2	1844	916.697970996947	286
2	1847	918.255547374709	287
2	1850	919.273511173374	288
2	1856	923.037784267414	289
2	1863	927.648821106429	290
2	1867	930.636896984627	291
2	1872	934.330136452505	292
2	1886	941.689867556246	293
2	1891	944.692445202707	294
2	1896	946.637307128153	295
2	1904	950.369354687281	296
2	1911	951.770720366737	297
2	1914	952.777757732365	298
2	1918	955.311141796512	299
2	1923	958.47517344593	300
2	1931	962.200501015929	301
2	1934	963.933726322579	302
2	1939	965.17657421768	303
2	1944	967.238629829374	304
2	1953	968.936369404974	305
2	1956	969.990342045386	306
2	1966	974.114956869867	307
2	1973	976.2245311394	308
2	1985	982.863508070879	309
2	1988	983.839611980898	310
2	2000	986.541413807888	311
2	2007	988.565951321047	312
2	2012	989.805870407399	313
2	2017	991.418255125147	314
2	2023	996.980138338612	315
2	2028	998.718251729289	316
3	4	1.558891851926	1
3	23	11.8568976658	2
3	31	14.878560213174	3
3	33	15.059700467798	4
3	38	16.510575769795	5
3	45	21.671165159736	6
3	47	21.912181947841	7
3	80	32.575965433946	8
3	87	34.417878996055	9
3	127	70.953727458881	10
3	131	72.525599982688	11
3	176	91.886202015743	12
3	204	110.300741597867	13
3	212	114.231512511627	14
3	221	118.073301600247	15
3	226	119.220469739778	16
3	246	125.230402123748	17
3	264	139.36074205358	18
3	305	156.120425830758	19
3	317	164.588851563008	20
3	337	178.510170993681	21
3	349	183.987900192593	22
3	354	185.952034266284	23
3	356	186.157540878479	24
3	361	186.819814062704	25
3	363	186.991647980286	26
3	368	187.451287192565	27
3	380	195.663614398748	28
3	397	204.957563833699	29
3	404	206.514900568612	30
3	406	206.82011785425	31
3	410	207.951965433916	32
3	423	215.684205288433	33
3	445	227.495712242874	34
3	454	229.030022792876	35
3	464	232.552774725772	36
3	477	236.83739863624	37
3	509	248.826236871072	38
3	520	253.201499309199	39
3	544	262.41229136442	40
3	576	288.961761480052	41
3	582	291.722095020516	42
3	584	291.962517035835	43
3	589	292.720021957609	44
3	603	300.01076380421	45
3	605	300.366214205363	46
3	611	302.088838852808	47
3	639	316.044236503197	48
3	689	340.810876500273	49
3	732	363.534313120746	50
3	737	365.171533633889	51
3	752	371.699923122282	52
3	768	376.726018884024	53
3	777	382.884354384171	54
3	788	387.942396440357	55
3	796	392.213854395662	56
3	817	404.304564462736	57
3	832	407.475911661733	58
3	843	410.949833847608	59
3	859	419.069113305272	60
3	865	422.125504128132	61
3	882	432.043208056753	62
3	897	439.838621147074	63
3	940	459.339381177765	64
3	942	459.729828343801	65
3	981	478.037850517057	66
3	1025	507.872092280095	67
3	1027	507.985785662072	68
3	1049	523.418300648852	69
3	1054	525.720398221371	70
3	1070	537.232721012218	71
3	1081	539.741345673218	72
3	1100	547.512671347744	73
3	1114	554.710978282242	74
3	1140	569.704808575552	75
3	1151	575.895686617469	76
3	1169	580.758221706667	77
3	1175	581.434516129478	78
3	1209	597.385040814972	79
3	1231	612.097068196691	80
3	1235	613.655369058589	81
3	1288	646.788457700358	82
3	1318	659.353418977251	83
3	1320	659.546732242841	84
3	1335	663.511102313505	85
3	1345	668.732215757893	86
3	1359	670.391960181616	87
3	1371	677.810971563484	88
3	1373	678.042274648172	89
3	1380	679.823970988788	90
3	1388	682.802253967686	91
3	1406	692.205531559153	92
3	1411	695.817821387316	93
3	1415	697.26889464429	94
3	1471	718.786928006344	95
3	1473	718.937698194551	96
3	1587	782.264453601053	97
3	1589	782.544034230586	98
3	1596	786.150408402333	99
3	1604	790.951186504456	100
3	1639	809.772962449548	101
3	1679	830.690149984195	102
3	1693	834.959446111588	103
3	1701	837.268115212331	104
3	1707	840.815316966929	105
3	1720	844.285147482766	106
3	1722	844.435147697298	107
3	1727	845.121987438863	108
3	1745	854.022797959881	109
3	1775	876.059472243743	110
3	1785	881.730312510484	111
3	1789	883.066019646519	112
3	1823	903.232495055643	113
3	1857	923.157755083804	114
3	1873	934.372293747129	115
3	1898	946.841787298784	116
3	1906	950.704711201602	117
3	1940	965.337433007302	118
3	1945	967.278576643097	119
3	1957	970.173149986166	120
3	1959	970.357223460918	121
3	1967	974.184571029635	122
3	1974	976.250126178757	123
3	1989	984.016490366526	124
3	2008	988.733358001664	125
3	2024	997.073547169732	126
3	2034	999.549837787559	127
4	4	1.558891851926	1
4	23	11.8568976658	2
4	31	14.878560213174	3
4	33	15.059700467798	4
4	38	16.510575769795	5
4	45	21.671165159736	6
4	47	21.912181947841	7
4	80	32.575965433946	8
4	87	34.417878996055	9
4	127	70.953727458881	10
4	131	72.525599982688	11
4	176	91.886202015743	12
4	204	110.300741597867	13
4	212	114.231512511627	14
4	221	118.073301600247	15
4	226	119.220469739778	16
4	246	125.230402123748	17
4	264	139.36074205358	18
4	305	156.120425830758	19
4	317	164.588851563008	20
4	337	178.510170993681	21
4	349	183.987900192593	22
4	354	185.952034266284	23
4	356	186.157540878479	24
4	361	186.819814062704	25
4	363	186.991647980286	26
4	368	187.451287192565	27
4	380	195.663614398748	28
4	397	204.957563833699	29
4	404	206.514900568612	30
4	406	206.82011785425	31
4	410	207.951965433916	32
4	423	215.684205288433	33
4	445	227.495712242874	34
4	454	229.030022792876	35
4	464	232.552774725772	36
4	477	236.83739863624	37
4	509	248.826236871072	38
4	520	253.201499309199	39
4	544	262.41229136442	40
4	576	288.961761480052	41
4	582	291.722095020516	42
4	584	291.962517035835	43
4	589	292.720021957609	44
4	603	300.01076380421	45
4	605	300.366214205363	46
4	611	302.088838852808	47
4	639	316.044236503197	48
4	689	340.810876500273	49
4	732	363.534313120746	50
4	737	365.171533633889	51
4	752	371.699923122282	52
4	768	376.726018884024	53
4	777	382.884354384171	54
4	788	387.942396440357	55
4	796	392.213854395662	56
4	817	404.304564462736	57
4	832	407.475911661733	58
4	843	410.949833847608	59
4	859	419.069113305272	60
4	865	422.125504128132	61
4	882	432.043208056753	62
4	897	439.838621147074	63
4	940	459.339381177765	64
4	942	459.729828343801	65
4	981	478.037850517057	66
4	1025	507.872092280095	67
4	1027	507.985785662072	68
4	1049	523.418300648852	69
4	1054	525.720398221371	70
4	1070	537.232721012218	71
4	1081	539.741345673218	72
4	1100	547.512671347744	73
4	1114	554.710978282242	74
4	1140	569.704808575552	75
4	1151	575.895686617469	76
4	1169	580.758221706667	77
4	1175	581.434516129478	78
4	1209	597.385040814972	79
4	1231	612.097068196691	80
4	1235	613.655369058589	81
4	1288	646.788457700358	82
4	1318	659.353418977251	83
4	1320	659.546732242841	84
4	1335	663.511102313505	85
4	1345	668.732215757893	86
4	1359	670.391960181616	87
4	1371	677.810971563484	88
4	1373	678.042274648172	89
4	1380	679.823970988788	90
4	1388	682.802253967686	91
4	1406	692.205531559153	92
4	1411	695.817821387316	93
4	1415	697.26889464429	94
4	1471	718.786928006344	95
4	1473	718.937698194551	96
4	1587	782.264453601053	97
4	1589	782.544034230586	98
4	1596	786.150408402333	99
4	1604	790.951186504456	100
4	1639	809.772962449548	101
4	1679	830.690149984195	102
4	1693	834.959446111588	103
4	1701	837.268115212331	104
4	1707	840.815316966929	105
4	1720	844.285147482766	106
4	1722	844.435147697298	107
4	1727	845.121987438863	108
4	1745	854.022797959881	109
4	1775	876.059472243743	110
4	1785	881.730312510484	111
4	1789	883.066019646519	112
4	1823	903.232495055643	113
4	1857	923.157755083804	114
4	1873	934.372293747129	115
4	1898	946.841787298784	116
4	1906	950.704711201602	117
4	1940	965.337433007302	118
4	1945	967.278576643097	119
4	1957	970.173149986166	120
4	1959	970.357223460918	121
4	1967	974.184571029635	122
4	1974	976.250126178757	123
4	1989	984.016490366526	124
4	2008	988.733358001664	125
4	2024	997.073547169732	126
4	2034	999.549837787559	127
5	5	1.617775092775	1
5	10	4.98768081097	2
5	12	5.267324604416	3
5	24	12.001208240399	4
5	32	14.95846673459	5
5	34	15.146898788737	6
5	39	16.692237365181	7
5	46	21.836507533691	8
5	48	21.993528049083	9
5	50	22.294584910024	10
5	62	27.994598898772	11
5	65	28.390205412075	12
5	67	28.62013765402	13
5	72	29.304930981026	14
5	81	32.675715171361	15
5	83	33.047069195573	16
5	136	76.118310316976	17
5	138	76.300039968917	18
5	158	84.127581527021	19
5	172	89.943581139617	20
5	191	100.976905871225	21
5	195	102.254316576224	22
5	220	117.891371644252	23
5	225	119.145853730036	24
5	227	119.340531040431	25
5	229	119.468870123879	26
5	237	122.45375395856	27
5	245	125.168832603958	28
5	247	125.258665166739	29
5	249	125.421657515282	30
5	265	139.420945593691	31
5	278	143.855728735159	32
5	282	145.931397587188	33
5	287	149.054824409263	34
5	316	164.427325283926	35
5	338	178.548895495936	36
5	350	184.029592226716	37
5	355	185.98365348147	38
5	357	186.362575726477	39
5	360	186.637345065129	40
5	362	186.971014246143	41
5	364	187.19294374938	42
5	387	199.033489988105	43
5	396	204.790658386322	44
5	398	204.98306717942	45
5	400	205.111377298066	46
5	405	206.715323709855	47
5	411	207.998600428845	48
5	413	208.191011459979	49
5	424	215.837242860137	50
5	446	227.63444088096	51
5	449	227.841705292475	52
5	455	229.065798207206	53
5	465	232.750709554762	54
5	478	236.945409099158	55
5	480	237.032196341223	56
5	486	238.685407165107	57
5	502	246.73745688622	58
5	508	248.769215511776	59
5	519	253.012886799005	60
5	521	253.270143378381	61
5	526	254.333132256128	62
5	543	262.370909626106	63
5	552	268.923230045069	64
5	555	269.288855364311	65
5	581	291.565138725331	66
5	583	291.790212698321	67
5	585	292.116082716893	68
5	602	299.903600316514	69
5	604	300.20376296345	70
5	606	300.456192299359	71
5	612	302.18117511541	72
5	618	306.458074412316	73
5	628	310.435098687118	74
5	646	318.327060488974	75
5	652	320.214935336739	76
5	660	324.927733140015	77
5	667	327.12312348349	78
5	684	339.261369679058	79
5	707	350.973561235517	80
5	709	351.130775344998	81
5	731	363.455735451444	82
5	733	363.584297644633	83
5	738	365.312610475525	84
5	753	371.768302158247	85
5	759	374.306192687951	86
5	763	375.625691486273	87
5	769	376.780472633045	88
5	778	383.08144399794	89
5	787	387.779757608313	90
5	797	392.41089423613	91
5	816	404.274229253837	92
5	821	405.514842599745	93
5	826	406.759985219003	94
5	829	407.203704976287	95
5	831	407.450182227296	96
5	833	407.577583974816	97
5	844	411.012711451491	98
5	846	411.220033258633	99
5	866	422.209056785672	100
5	871	425.604106922483	101
5	881	431.913431037296	102
5	883	432.119670507058	103
5	901	441.811497072828	104
5	917	449.618347474087	105
5	922	451.491172447369	106
5	924	451.738806849037	107
5	941	459.548556728575	108
5	943	459.84052477374	109
5	956	465.358284124903	110
5	971	476.491323386026	111
5	973	476.703442003446	112
5	975	477.055894804549	113
5	980	477.906091444224	114
5	991	487.030481165601	115
5	1007	497.55586689438	116
5	1026	507.952933709315	117
5	1028	508.056122844232	118
5	1048	523.281748655528	119
5	1055	525.785194869196	120
5	1071	537.262792157151	121
5	1073	537.546471002696	122
5	1086	541.68472873671	123
5	1099	547.361670462772	124
5	1113	554.616507899281	125
5	1126	560.528397587288	126
5	1128	560.725410000334	127
5	1141	569.884945389022	128
5	1150	575.837586727856	129
5	1152	575.945140569991	130
5	1160	578.81190676496	131
5	1164	580.481750961628	132
5	1166	580.548294876897	133
5	1168	580.697612596811	134
5	1170	580.838437543493	135
5	1172	581.063121825064	136
5	1174	581.309530319127	137
5	1176	581.512194641994	138
5	1213	599.352968158738	139
5	1230	612.050369325797	140
5	1236	613.8243791385	141
5	1246	619.723215412344	142
5	1254	623.483948020533	143
5	1272	634.92534749617	144
5	1280	641.730026343755	145
5	1289	646.845058691473	146
5	1295	649.894089914434	147
5	1302	653.948527827944	148
5	1307	655.439009419883	149
5	1319	659.442552023069	150
5	1321	659.607463624887	151
5	1323	659.80100347877	152
5	1326	659.98096399387	153
5	1332	663.315428891013	154
5	1334	663.405085221856	155
5	1346	668.87785091486	156
5	1348	669.029934253629	157
5	1350	669.184540328004	158
5	1352	669.24742890148	159
5	1354	669.430025522945	160
5	1360	670.502502132062	161
5	1372	677.901626598616	162
5	1374	678.098224283715	163
5	1379	679.65801143174	164
5	1381	679.927153370906	165
5	1383	680.119661160553	166
5	1389	682.826123578248	167
5	1391	682.978088504355	168
5	1405	692.026114349332	169
5	1416	697.378162439283	170
5	1427	700.373361497733	171
5	1439	704.489837334235	172
5	1443	705.491020986679	173
5	1453	710.664776099236	174
5	1455	710.81762607199	175
5	1465	715.524842582184	176
5	1470	718.583714620907	177
5	1472	718.817513420783	178
5	1474	719.115756045944	179
5	1500	735.296645211988	180
5	1504	736.448169039527	181
5	1506	736.770873140744	182
5	1535	754.488291555714	183
5	1554	765.542447333564	184
5	1570	773.925984246362	185
5	1588	782.348500143444	186
5	1590	782.61545268019	187
5	1610	794.760574052662	188
5	1612	795.123051456925	189
5	1625	801.104683203887	190
5	1640	809.879911086262	191
5	1648	815.017584772771	192
5	1664	822.527102600368	193
5	1668	824.608152739724	194
5	1680	830.730347991952	195
5	1686	833.51152047304	196
5	1688	833.721355622416	197
5	1694	835.051171518344	198
5	1700	837.199978899875	199
5	1702	837.420639169028	200
5	1708	841.010380449641	201
5	1715	842.953484294479	202
5	1721	844.403543228171	203
5	1723	844.613022677585	204
5	1726	845.062298303183	205
5	1728	845.15206191278	206
5	1730	845.503629727046	207
5	1734	845.820545181501	208
5	1797	888.036283219922	209
5	1816	898.586186437271	210
5	1824	903.269947045482	211
5	1852	919.398044245297	212
5	1874	934.55619350426	213
5	1892	944.829097711795	214
5	1897	946.783091822186	215
5	1899	947.038302091378	216
5	1905	950.50604702514	217
5	1907	950.876179216405	218
5	1924	958.579958994961	219
5	1935	964.083729433422	220
5	1941	965.544522407389	221
5	1946	967.364292774429	222
5	1949	967.768965918505	223
5	1958	970.314018842	224
5	1968	974.310615574983	225
5	1975	976.429786307971	226
5	1977	976.612845678733	227
5	1990	984.10441784989	228
5	1993	984.44429456267	229
5	2001	986.728447793539	230
5	2003	987.103972498545	231
5	2009	988.788870310501	232
5	2013	989.933644382545	233
5	2025	997.122256634299	234
5	2029	998.766214503653	235
5	2031	999.166884792997	236
5	2033	999.485619867994	237
5	2035	999.716869809167	238
6	5	1.617775092775	1
6	10	4.98768081097	2
6	12	5.267324604416	3
6	24	12.001208240399	4
6	32	14.95846673459	5
6	34	15.146898788737	6
6	39	16.692237365181	7
6	46	21.836507533691	8
6	48	21.993528049083	9
6	50	22.294584910024	10
6	62	27.994598898772	11
6	65	28.390205412075	12
6	67	28.62013765402	13
6	72	29.304930981026	14
6	81	32.675715171361	15
6	83	33.047069195573	16
6	136	76.118310316976	17
6	138	76.300039968917	18
6	158	84.127581527021	19
6	172	89.943581139617	20
6	191	100.976905871225	21
6	195	102.254316576224	22
6	220	117.891371644252	23
6	225	119.145853730036	24
6	227	119.340531040431	25
6	229	119.468870123879	26
6	237	122.45375395856	27
6	245	125.168832603958	28
6	247	125.258665166739	29
6	249	125.421657515282	30
6	265	139.420945593691	31
6	278	143.855728735159	32
6	282	145.931397587188	33
6	287	149.054824409263	34
6	316	164.427325283926	35
6	338	178.548895495936	36
6	350	184.029592226716	37
6	355	185.98365348147	38
6	357	186.362575726477	39
6	360	186.637345065129	40
6	362	186.971014246143	41
6	364	187.19294374938	42
6	387	199.033489988105	43
6	396	204.790658386322	44
6	398	204.98306717942	45
6	400	205.111377298066	46
6	405	206.715323709855	47
6	411	207.998600428845	48
6	413	208.191011459979	49
6	424	215.837242860137	50
6	446	227.63444088096	51
6	449	227.841705292475	52
6	455	229.065798207206	53
6	465	232.750709554762	54
6	478	236.945409099158	55
6	480	237.032196341223	56
6	486	238.685407165107	57
6	502	246.73745688622	58
6	508	248.769215511776	59
6	519	253.012886799005	60
6	521	253.270143378381	61
6	526	254.333132256128	62
6	543	262.370909626106	63
6	552	268.923230045069	64
6	555	269.288855364311	65
6	581	291.565138725331	66
6	583	291.790212698321	67
6	585	292.116082716893	68
6	602	299.903600316514	69
6	604	300.20376296345	70
6	606	300.456192299359	71
6	612	302.18117511541	72
6	618	306.458074412316	73
6	628	310.435098687118	74
6	646	318.327060488974	75
6	652	320.214935336739	76
6	660	324.927733140015	77
6	667	327.12312348349	78
6	684	339.261369679058	79
6	707	350.973561235517	80
6	709	351.130775344998	81
6	731	363.455735451444	82
6	733	363.584297644633	83
6	738	365.312610475525	84
6	753	371.768302158247	85
6	759	374.306192687951	86
6	763	375.625691486273	87
6	769	376.780472633045	88
6	778	383.08144399794	89
6	787	387.779757608313	90
6	797	392.41089423613	91
6	816	404.274229253837	92
6	821	405.514842599745	93
6	826	406.759985219003	94
6	829	407.203704976287	95
6	831	407.450182227296	96
6	833	407.577583974816	97
6	844	411.012711451491	98
6	846	411.220033258633	99
6	866	422.209056785672	100
6	871	425.604106922483	101
6	881	431.913431037296	102
6	883	432.119670507058	103
6	901	441.811497072828	104
6	917	449.618347474087	105
6	922	451.491172447369	106
6	924	451.738806849037	107
6	941	459.548556728575	108
6	943	459.84052477374	109
6	956	465.358284124903	110
6	971	476.491323386026	111
6	973	476.703442003446	112
6	975	477.055894804549	113
6	980	477.906091444224	114
6	991	487.030481165601	115
6	1007	497.55586689438	116
6	1026	507.952933709315	117
6	1028	508.056122844232	118
6	1048	523.281748655528	119
6	1055	525.785194869196	120
6	1071	537.262792157151	121
6	1073	537.546471002696	122
6	1086	541.68472873671	123
6	1099	547.361670462772	124
6	1113	554.616507899281	125
6	1126	560.528397587288	126
6	1128	560.725410000334	127
6	1141	569.884945389022	128
6	1150	575.837586727856	129
6	1152	575.945140569991	130
6	1160	578.81190676496	131
6	1164	580.481750961628	132
6	1166	580.548294876897	133
6	1168	580.697612596811	134
6	1170	580.838437543493	135
6	1172	581.063121825064	136
6	1174	581.309530319127	137
6	1176	581.512194641994	138
6	1213	599.352968158738	139
6	1230	612.050369325797	140
6	1236	613.8243791385	141
6	1246	619.723215412344	142
6	1254	623.483948020533	143
6	1272	634.92534749617	144
6	1280	641.730026343755	145
6	1289	646.845058691473	146
6	1295	649.894089914434	147
6	1302	653.948527827944	148
6	1307	655.439009419883	149
6	1319	659.442552023069	150
6	1321	659.607463624887	151
6	1323	659.80100347877	152
6	1326	659.98096399387	153
6	1332	663.315428891013	154
6	1334	663.405085221856	155
6	1346	668.87785091486	156
6	1348	669.029934253629	157
6	1350	669.184540328004	158
6	1352	669.24742890148	159
6	1354	669.430025522945	160
6	1360	670.502502132062	161
6	1372	677.901626598616	162
6	1374	678.098224283715	163
6	1379	679.65801143174	164
6	1381	679.927153370906	165
6	1383	680.119661160553	166
6	1389	682.826123578248	167
6	1391	682.978088504355	168
6	1405	692.026114349332	169
6	1416	697.378162439283	170
6	1427	700.373361497733	171
6	1439	704.489837334235	172
6	1443	705.491020986679	173
6	1453	710.664776099236	174
6	1455	710.81762607199	175
6	1465	715.524842582184	176
6	1470	718.583714620907	177
6	1472	718.817513420783	178
6	1474	719.115756045944	179
6	1500	735.296645211988	180
6	1504	736.448169039527	181
6	1506	736.770873140744	182
6	1535	754.488291555714	183
6	1554	765.542447333564	184
6	1570	773.925984246362	185
6	1588	782.348500143444	186
6	1590	782.61545268019	187
6	1610	794.760574052662	188
6	1612	795.123051456925	189
6	1625	801.104683203887	190
6	1640	809.879911086262	191
6	1648	815.017584772771	192
6	1664	822.527102600368	193
6	1668	824.608152739724	194
6	1680	830.730347991952	195
6	1686	833.51152047304	196
6	1688	833.721355622416	197
6	1694	835.051171518344	198
6	1700	837.199978899875	199
6	1702	837.420639169028	200
6	1708	841.010380449641	201
6	1715	842.953484294479	202
6	1721	844.403543228171	203
6	1723	844.613022677585	204
6	1726	845.062298303183	205
6	1728	845.15206191278	206
6	1730	845.503629727046	207
6	1734	845.820545181501	208
6	1797	888.036283219922	209
6	1816	898.586186437271	210
6	1824	903.269947045482	211
6	1852	919.398044245297	212
6	1874	934.55619350426	213
6	1892	944.829097711795	214
6	1897	946.783091822186	215
6	1899	947.038302091378	216
6	1905	950.50604702514	217
6	1907	950.876179216405	218
6	1924	958.579958994961	219
6	1935	964.083729433422	220
6	1941	965.544522407389	221
6	1946	967.364292774429	222
6	1949	967.768965918505	223
6	1958	970.314018842	224
6	1968	974.310615574983	225
6	1975	976.429786307971	226
6	1977	976.612845678733	227
6	1990	984.10441784989	228
6	1993	984.44429456267	229
6	2001	986.728447793539	230
6	2003	987.103972498545	231
6	2009	988.788870310501	232
6	2013	989.933644382545	233
6	2025	997.122256634299	234
6	2029	998.766214503653	235
6	2031	999.166884792997	236
6	2033	999.485619867994	237
6	2035	999.716869809167	238
7	11	5.169936116241	1
7	26	12.253678858425	2
7	52	22.505049834921	3
7	64	28.297683753759	4
7	68	28.6837209872	5
7	74	29.450398571122	6
7	137	76.233838279017	7
7	140	76.599824225119	8
7	153	83.141864045911	9
7	159	84.229512168769	10
7	190	100.833198355113	11
7	196	102.362046967808	12
7	219	117.731974382918	13
7	228	119.399333320491	14
7	270	140.767071481071	15
7	339	178.675946442761	16
7	359	186.502861554207	17
7	412	208.021242155212	18
7	425	215.961911145555	19
7	448	227.780547275031	20
7	460	230.840688296183	21
7	466	232.84359909357	22
7	473	235.694554992906	23
7	481	237.067701334214	24
7	498	245.183956484375	25
7	507	248.606077758627	26
7	522	253.478211020005	27
7	527	254.51957091447	28
7	554	269.250589642159	29
7	607	300.636288664994	30
7	619	306.573998117377	31
7	630	310.655635731508	32
7	666	327.102703766092	33
7	706	350.77782338401	34
7	710	351.175412672236	35
7	746	368.527321723556	36
7	764	375.660880980291	37
7	779	383.140536068384	38
7	798	392.462112084756	39
7	807	397.9744280703	40
7	822	405.570673682658	41
7	828	407.024057717182	42
7	847	411.375399244407	43
7	891	436.774607301009	44
7	918	449.705257109438	45
7	923	451.610564082902	46
7	926	452.000836904434	47
7	945	459.981842627395	48
7	972	476.669402212429	49
7	974	476.857827257226	50
7	976	477.260359273556	51
7	1030	508.437790166704	52
7	1057	526.153984117893	53
7	1075	537.79773027581	54
7	1088	541.901125594233	55
7	1122	558.537739054609	56
7	1129	560.878481728282	57
7	1167	580.618651759885	58
7	1171	581.010917867027	59
7	1173	581.179468429904	60
7	1186	584.870830900005	61
7	1195	589.157000513136	62
7	1247	619.887346620064	63
7	1309	655.755039141784	64
7	1322	659.647776990773	65
7	1325	659.959988755063	66
7	1353	669.290976229525	67
7	1355	669.558750622772	68
7	1361	670.64352787397	69
7	1375	678.261529288436	70
7	1382	680.000669985783	71
7	1390	682.932350064851	72
7	1392	683.098264601449	73
7	1417	697.501204173101	74
7	1422	699.21237348711	75
7	1438	704.463296137706	76
7	1505	736.628363461834	77
7	1519	744.397963348053	78
7	1572	774.164415949501	79
7	1626	801.279304972236	80
7	1650	815.243459232694	81
7	1669	824.789419867554	82
7	1687	833.57050501284	83
7	1716	843.145757659694	84
7	1725	844.95350131001	85
7	1732	845.695162274541	86
7	1762	867.167470019519	87
7	1796	887.915864750833	88
7	1798	888.072838025186	89
7	1817	898.772386641497	90
7	1875	934.592943086797	91
7	1900	947.07313393928	92
7	1908	951.031019493082	93
7	1926	958.782205972328	94
7	1936	964.19580800869	95
7	1948	967.603820110934	96
7	1950	967.894775471126	97
7	1976	976.577427022842	98
7	1978	976.808863528847	99
7	1992	984.341900939596	100
7	1995	984.692307179891	101
7	2002	986.918854906946	102
7	2004	987.299966957866	103
7	2032	999.360359471534	104
8	11	5.169936116241	1
8	26	12.253678858425	2
8	52	22.505049834921	3
8	64	28.297683753759	4
8	68	28.6837209872	5
8	74	29.450398571122	6
8	137	76.233838279017	7
8	140	76.599824225119	8
8	153	83.141864045911	9
8	159	84.229512168769	10
8	190	100.833198355113	11
8	196	102.362046967808	12
8	219	117.731974382918	13
8	228	119.399333320491	14
8	270	140.767071481071	15
8	339	178.675946442761	16
8	359	186.502861554207	17
8	412	208.021242155212	18
8	425	215.961911145555	19
8	448	227.780547275031	20
8	460	230.840688296183	21
8	466	232.84359909357	22
8	473	235.694554992906	23
8	481	237.067701334214	24
8	498	245.183956484375	25
8	507	248.606077758627	26
8	522	253.478211020005	27
8	527	254.51957091447	28
8	554	269.250589642159	29
8	607	300.636288664994	30
8	619	306.573998117377	31
8	630	310.655635731508	32
8	666	327.102703766092	33
8	706	350.77782338401	34
8	710	351.175412672236	35
8	746	368.527321723556	36
8	764	375.660880980291	37
8	779	383.140536068384	38
8	798	392.462112084756	39
8	807	397.9744280703	40
8	822	405.570673682658	41
8	828	407.024057717182	42
8	847	411.375399244407	43
8	891	436.774607301009	44
8	918	449.705257109438	45
8	923	451.610564082902	46
8	926	452.000836904434	47
8	945	459.981842627395	48
8	972	476.669402212429	49
8	974	476.857827257226	50
8	976	477.260359273556	51
8	1030	508.437790166704	52
8	1057	526.153984117893	53
8	1075	537.79773027581	54
8	1088	541.901125594233	55
8	1122	558.537739054609	56
8	1129	560.878481728282	57
8	1167	580.618651759885	58
8	1171	581.010917867027	59
8	1173	581.179468429904	60
8	1186	584.870830900005	61
8	1195	589.157000513136	62
8	1247	619.887346620064	63
8	1309	655.755039141784	64
8	1322	659.647776990773	65
8	1325	659.959988755063	66
8	1353	669.290976229525	67
8	1355	669.558750622772	68
8	1361	670.64352787397	69
8	1375	678.261529288436	70
8	1382	680.000669985783	71
8	1390	682.932350064851	72
8	1392	683.098264601449	73
8	1417	697.501204173101	74
8	1422	699.21237348711	75
8	1438	704.463296137706	76
8	1505	736.628363461834	77
8	1519	744.397963348053	78
8	1572	774.164415949501	79
8	1626	801.279304972236	80
8	1650	815.243459232694	81
8	1669	824.789419867554	82
8	1687	833.57050501284	83
8	1716	843.145757659694	84
8	1725	844.95350131001	85
8	1732	845.695162274541	86
8	1762	867.167470019519	87
8	1796	887.915864750833	88
8	1798	888.072838025186	89
8	1817	898.772386641497	90
8	1875	934.592943086797	91
8	1900	947.07313393928	92
8	1908	951.031019493082	93
8	1926	958.782205972328	94
8	1936	964.19580800869	95
8	1948	967.603820110934	96
8	1950	967.894775471126	97
8	1976	976.577427022842	98
8	1978	976.808863528847	99
8	1992	984.341900939596	100
8	1995	984.692307179891	101
8	2002	986.918854906946	102
8	2004	987.299966957866	103
8	2032	999.360359471534	104
9	13	5.47155476187	1
9	25	12.117203216618	2
9	49	22.190727475637	3
9	51	22.376057760235	4
9	63	28.092830722503	5
9	66	28.418146976378	6
9	73	29.350382281275	7
9	82	32.8700817285	8
9	139	76.411517018893	9
9	145	79.120525651779	10
9	152	83.038000206993	11
9	157	84.000540066201	12
9	168	88.825544005898	13
9	182	94.552116717161	14
9	189	100.763897078359	15
9	218	117.527570309819	16
9	230	119.536288364598	17
9	236	122.408452982545	18
9	244	124.967950571044	19
9	248	125.295854083008	20
9	269	140.584387622074	21
9	274	142.31055366234	22
9	291	149.978983833274	23
9	296	152.133077175519	24
9	300	153.444831027565	25
9	358	186.412326885544	26
9	375	192.324150230591	27
9	399	205.053943449522	28
9	430	218.9060261716	29
9	447	227.703384469661	30
9	450	227.96604875779	31
9	459	230.732844151197	32
9	472	235.664532524309	33
9	479	236.988512815762	34
9	485	238.638917918009	35
9	497	245.107902532934	36
9	506	248.457856714219	37
9	518	252.864036585045	38
9	533	257.656632714253	39
9	539	260.81926482868	40
9	553	269.110084274222	41
9	593	294.564418952901	42
9	629	310.533642016518	43
9	647	318.503015842044	44
9	651	320.086656691474	45
9	661	324.954867910664	46
9	665	327.060372336624	47
9	668	327.213116830732	48
9	685	339.371313010901	49
9	696	345.211191684812	50
9	705	350.586291024703	51
9	708	351.032064831534	52
9	726	360.131613481362	53
9	745	368.378717971333	54
9	754	371.840858026142	55
9	786	387.730750126101	56
9	806	397.860459200897	57
9	815	404.241879524229	58
9	827	406.873572986911	59
9	830	407.245908067852	60
9	839	409.661236344846	61
9	845	411.054933098876	62
9	880	431.717275340934	63
9	890	436.588219032112	64
9	902	441.879767845039	65
9	906	443.161282733362	66
9	925	451.931961944211	67
9	933	456.548157475616	68
9	944	459.929414666456	69
9	970	476.289189423272	70
9	990	486.837382374248	71
9	1006	497.457929628454	72
9	1008	497.622876127898	73
9	1012	499.314326411566	74
9	1029	508.265578564451	75
9	1056	525.957931383027	76
9	1072	537.426589814611	77
9	1074	537.630480949216	78
9	1085	541.591434617846	79
9	1087	541.766030251845	80
9	1092	543.340815436202	81
9	1121	558.502960739249	82
9	1127	560.684498730464	83
9	1159	578.64656623006	84
9	1165	580.504876920108	85
9	1185	584.757295687559	86
9	1194	589.097002262223	87
9	1229	611.918415388896	88
9	1258	625.293925541436	89
9	1271	634.728698157204	90
9	1281	641.884737354109	91
9	1301	653.799549911203	92
9	1306	655.309063993805	93
9	1308	655.626775306103	94
9	1324	659.930211058406	95
9	1333	663.360381137488	96
9	1347	668.964717431163	97
9	1349	669.147110958688	98
9	1351	669.208825910259	99
9	1421	699.172274337792	100
9	1426	700.248772741921	101
9	1431	701.907363782922	102
9	1437	704.422227675989	103
9	1454	710.774654328621	104
9	1459	712.515437226247	105
9	1475	719.238114069398	106
9	1492	730.441740869857	107
9	1499	735.25446878654	108
9	1518	744.270892392726	109
9	1528	752.287566156514	110
9	1545	759.975168159793	111
9	1561	768.725666306548	112
9	1569	773.737034149295	113
9	1571	774.090305076455	114
9	1611	794.964246044834	115
9	1613	795.313133317672	116
9	1649	815.047459290803	117
9	1659	819.811446930013	118
9	1685	833.320376932649	119
9	1689	833.821751984477	120
9	1724	844.783475094753	121
9	1729	845.306363815336	122
9	1761	866.984173151533	123
9	1795	887.754314446367	124
9	1802	889.386448791459	125
9	1851	919.305491412941	126
9	1887	941.752475533124	127
9	1893	944.986417912305	128
9	1925	958.756973666038	129
9	1947	967.558040975288	130
9	1991	984.195477810753	131
9	1994	984.652699807093	132
9	2014	990.128258599072	133
9	2030	998.968879272675	134
10	13	5.47155476187	1
10	25	12.117203216618	2
10	49	22.190727475637	3
10	51	22.376057760235	4
10	63	28.092830722503	5
10	66	28.418146976378	6
10	73	29.350382281275	7
10	82	32.8700817285	8
10	139	76.411517018893	9
10	145	79.120525651779	10
10	152	83.038000206993	11
10	157	84.000540066201	12
10	168	88.825544005898	13
10	182	94.552116717161	14
10	189	100.763897078359	15
10	218	117.527570309819	16
10	230	119.536288364598	17
10	236	122.408452982545	18
10	244	124.967950571044	19
10	248	125.295854083008	20
10	269	140.584387622074	21
10	274	142.31055366234	22
10	291	149.978983833274	23
10	296	152.133077175519	24
10	300	153.444831027565	25
10	358	186.412326885544	26
10	375	192.324150230591	27
10	399	205.053943449522	28
10	430	218.9060261716	29
10	447	227.703384469661	30
10	450	227.96604875779	31
10	459	230.732844151197	32
10	472	235.664532524309	33
10	479	236.988512815762	34
10	485	238.638917918009	35
10	497	245.107902532934	36
10	506	248.457856714219	37
10	518	252.864036585045	38
10	533	257.656632714253	39
10	539	260.81926482868	40
10	553	269.110084274222	41
10	593	294.564418952901	42
10	629	310.533642016518	43
10	647	318.503015842044	44
10	651	320.086656691474	45
10	661	324.954867910664	46
10	665	327.060372336624	47
10	668	327.213116830732	48
10	685	339.371313010901	49
10	696	345.211191684812	50
10	705	350.586291024703	51
10	708	351.032064831534	52
10	726	360.131613481362	53
10	745	368.378717971333	54
10	754	371.840858026142	55
10	786	387.730750126101	56
10	806	397.860459200897	57
10	815	404.241879524229	58
10	827	406.873572986911	59
10	830	407.245908067852	60
10	839	409.661236344846	61
10	845	411.054933098876	62
10	880	431.717275340934	63
10	890	436.588219032112	64
10	902	441.879767845039	65
10	906	443.161282733362	66
10	925	451.931961944211	67
10	933	456.548157475616	68
10	944	459.929414666456	69
10	970	476.289189423272	70
10	990	486.837382374248	71
10	1006	497.457929628454	72
10	1008	497.622876127898	73
10	1012	499.314326411566	74
10	1029	508.265578564451	75
10	1056	525.957931383027	76
10	1072	537.426589814611	77
10	1074	537.630480949216	78
10	1085	541.591434617846	79
10	1087	541.766030251845	80
10	1092	543.340815436202	81
10	1121	558.502960739249	82
10	1127	560.684498730464	83
10	1159	578.64656623006	84
10	1165	580.504876920108	85
10	1185	584.757295687559	86
10	1194	589.097002262223	87
10	1229	611.918415388896	88
10	1258	625.293925541436	89
10	1271	634.728698157204	90
10	1281	641.884737354109	91
10	1301	653.799549911203	92
10	1306	655.309063993805	93
10	1308	655.626775306103	94
10	1324	659.930211058406	95
10	1333	663.360381137488	96
10	1347	668.964717431163	97
10	1349	669.147110958688	98
10	1351	669.208825910259	99
10	1421	699.172274337792	100
10	1426	700.248772741921	101
10	1431	701.907363782922	102
10	1437	704.422227675989	103
10	1454	710.774654328621	104
10	1459	712.515437226247	105
10	1475	719.238114069398	106
10	1492	730.441740869857	107
10	1499	735.25446878654	108
10	1518	744.270892392726	109
10	1528	752.287566156514	110
10	1545	759.975168159793	111
10	1561	768.725666306548	112
10	1569	773.737034149295	113
10	1571	774.090305076455	114
10	1611	794.964246044834	115
10	1613	795.313133317672	116
10	1649	815.047459290803	117
10	1659	819.811446930013	118
10	1685	833.320376932649	119
10	1689	833.821751984477	120
10	1724	844.783475094753	121
10	1729	845.306363815336	122
10	1761	866.984173151533	123
10	1795	887.754314446367	124
10	1802	889.386448791459	125
10	1851	919.305491412941	126
10	1887	941.752475533124	127
10	1893	944.986417912305	128
10	1925	958.756973666038	129
10	1947	967.558040975288	130
10	1991	984.195477810753	131
10	1994	984.652699807093	132
10	2014	990.128258599072	133
10	2030	998.968879272675	134
11	53	22.683133045911	1
11	69	28.826050953849	2
11	141	76.698571635183	3
11	154	83.257095172386	4
11	160	84.409555447115	5
11	197	102.456332077594	6
11	271	140.903178448052	7
11	461	230.972931411924	8
11	474	235.80434961263	9
11	482	237.188364070313	10
11	711	351.334395173108	11
11	747	368.663560747603	12
11	780	383.223933704651	13
11	848	411.508488351389	14
11	919	449.729813135019	15
11	927	452.166918839268	16
11	946	460.159589283404	17
11	977	477.44733321061	18
11	1058	526.304402067057	19
11	1123	558.570439778114	20
11	1187	584.942632248753	21
11	1196	589.244787767116	22
11	1356	669.583896200768	23
11	1362	670.708305657151	24
11	1376	678.452222189633	25
11	1393	683.299274549265	26
11	1418	697.627733482301	27
11	1520	744.550525353303	28
11	1573	774.235050360104	29
11	1627	801.378626421528	30
11	1651	815.434851975001	31
11	1670	824.946496225604	32
11	1717	843.302479068499	33
11	1799	888.103662530058	34
11	1876	934.783688370619	35
11	1901	947.23387251346	36
11	1909	951.126398152501	37
11	1927	958.983158667864	38
11	1951	968.089101448646	39
11	2005	987.440997880952	40
12	53	22.683133045911	2.795720370701
12	69	28.826050953849	2.502839134664
12	141	76.698571635183	2.528451849693
12	154	83.257095172386	1.518606373871
12	160	84.409555447115	1.639261771267
12	197	102.456332077594	1.801024269848
12	271	140.903178448052	1.880702716938
12	461	230.972931411924	2.151013365571
12	474	235.80434961263	1.978585427562
12	482	237.188364070313	1.808719237023
12	711	351.334395173108	2.02132279132
12	747	368.663560747603	2.413442378587
12	780	383.223933704651	2.39537957285
12	848	411.508488351389	2.101883559153
12	919	449.729813135019	1.573533228378
12	927	452.166918839268	2.856822549993
12	946	460.159589283404	2.715738967751
12	977	477.44733321061	3.487673310313
12	1058	526.304402067057	1.7859675797611
12	1123	558.570439778114	1.6569137299159
12	1187	584.942632248753	1.7899566896909
12	1196	589.244787767116	1.482458493709
12	1356	669.583896200768	2.3168032694369
12	1362	670.708305657151	2.127448064968
12	1376	678.452222189633	2.294169760296
12	1393	683.299274549265	2.334210946355
12	1418	697.627733482301	1.918566025103
12	1520	744.550525353303	1.813610270152
12	1573	774.235050360104	2.3768098248399
12	1627	801.378626421528	2.39898250061
12	1651	815.434851975001	2.4394040636611
12	1670	824.946496225604	2.5685489065199
12	1717	843.302479068499	1.664277679483
12	1799	888.103662530058	1.5773148693449
12	1876	934.783688370619	2.405675609591
12	1901	947.23387251346	2.7249768061231
12	1909	951.126398152501	2.647356229643
12	1927	958.983158667864	2.491403482428
12	1951	968.089101448646	2.9718869484191
12	2005	987.440997880952	2.045448824812

