version 3
run General-0-20231019-19:59:30-65822
attr configname General
attr datetime 20231019-19:59:30
attr datetimef 20231019-195930
attr experiment General
attr inifile omnetpp.ini
attr iterationvars ""
attr iterationvarsd ""
attr iterationvarsf ""
attr measurement ""
attr network Multihop
attr processid 65822
attr repetition 0
attr replication #0
attr resultdir results
attr runnumber 0
attr seedset 0
config network Multihop
config Multihop.node[*].transmissionTime "uniform(1s, 2s)"
config Multihop.node[*].delayTime "uniform(0.01s, 0.2s)"
config Multihop.node[*].lossProbability 0.3
config record-eventlog true
config sim-time-limit 1000s
config repeat 5

vector 0 Multihop.node[0] txVector ETV
vector 1 Multihop.node[1] rxVector ETV
vector 2 Multihop.node[1] txVector ETV
vector 3 Multihop.node[3] rxVector ETV
vector 4 Multihop.node[3] txVector ETV
vector 5 Multihop.node[4] rxVector ETV
vector 6 Multihop.node[4] txVector ETV
vector 7 Multihop.node[2] rxVector ETV
vector 8 Multihop.node[2] txVector ETV
vector 9 Multihop.node[5] rxVector ETV
vector 10 Multihop.node[5] txVector ETV
vector 11 Multihop.node[6] rxVector ETV
vector 12 Multihop.node[6] e2eVector ETV
0	0	0	1
0	1	0.114274565438	2
0	5	1.707119181827	3
0	6	3.598892183584	4
0	7	5.562554947642	5
0	11	6.945996468962	6
0	12	8.283392630593	7
0	13	9.93156450715	8
0	22	11.299806044512	9
0	33	13.036724222433	10
0	34	14.394876392633	11
0	37	16.145562531501	12
0	40	17.584164044894	13
0	41	19.219222921952	14
0	43	21.214522487558	15
0	45	22.62889107557	16
0	46	24.252401181571	17
0	47	25.59040879908	18
0	49	27.265161121338	19
0	50	29.043506603063	20
0	54	30.993077654465	21
0	57	32.965022653415	22
0	59	34.569868171428	23
0	62	35.609055960391	24
0	63	37.089949496629	25
0	66	38.778610682886	26
0	72	40.471082802236	27
0	75	42.138493178485	28
0	76	43.403223342801	29
0	78	44.801044094449	30
0	80	45.965984555034	31
0	82	47.112426318301	32
0	97	48.816163599098	33
0	101	50.211032891253	34
0	104	51.501110501194	35
0	105	52.603973861158	36
0	108	53.696347747769	37
0	111	55.349548563201	38
0	112	56.717110434853	39
0	114	58.152975354184	40
0	120	59.959169345981	41
0	122	61.46748479626	42
0	125	63.24653581444	43
0	126	64.653719112117	44
0	129	65.722886102347	45
0	131	67.589268428346	46
0	132	69.445071771348	47
0	135	70.456785852861	48
0	137	71.796189668894	49
0	138	73.135174785348	50
0	139	74.314665053346	51
0	141	75.485651646116	52
0	145	77.360224608173	53
0	153	78.86025090197	54
0	154	80.082694125435	55
0	158	81.3014434933	56
0	159	82.386739060356	57
0	163	83.443157394956	58
0	164	85.297770978025	59
0	170	87.041605520368	60
0	171	88.062256525111	61
0	182	89.820635177035	62
0	184	91.778086033024	63
0	185	93.489669854593	64
0	188	94.643364158066	65
0	189	95.920992866464	66
0	193	97.507777211795	67
0	196	99.224636891697	68
0	197	100.429502653264	69
0	201	101.594461524699	70
0	202	103.498181264222	71
0	206	104.581603698971	72
0	208	105.822432476169	73
0	210	106.838862107441	74
0	225	108.508778649688	75
0	237	110.289205298832	76
0	239	111.591036173122	77
0	240	113.517249105804	78
0	241	114.842559414989	79
0	243	116.795430086161	80
0	245	118.328895762403	81
0	246	120.211755760786	82
0	247	121.462378480545	83
0	249	123.13979030501	84
0	253	124.571938352733	85
0	256	125.703421148545	86
0	263	127.161935702273	87
0	265	129.009211018988	88
0	269	130.187578372498	89
0	271	131.966770343323	90
0	273	133.681949092149	91
0	278	135.151447397498	92
0	282	136.707876823917	93
0	285	138.033561590435	94
0	287	139.937545541981	95
0	289	141.394456963828	96
0	295	142.853060920332	97
0	299	144.489121976849	98
0	302	145.947260801755	99
0	306	147.899135276517	100
0	307	149.058549740426	101
0	312	150.687448179889	102
0	316	151.994434232432	103
0	321	153.839791916851	104
0	322	155.166492803562	105
0	323	156.399236935731	106
0	328	158.013701642472	107
0	329	159.593853361979	108
0	330	161.364942414062	109
0	331	162.741168995462	110
0	332	164.232193736201	111
0	335	166.213833416421	112
0	339	167.622887510648	113
0	341	168.93564080338	114
0	342	170.006087992648	115
0	344	171.689660955062	116
0	351	173.323591907583	117
0	357	174.369599218555	118
0	358	176.361610462731	119
0	359	177.611030505812	120
0	364	178.716936664265	121
0	368	179.8497516644	122
0	373	181.353685273863	123
0	377	182.987682969151	124
0	378	184.955648540128	125
0	381	186.950049328227	126
0	382	188.621956347097	127
0	384	190.069472216144	128
0	387	191.447798359282	129
0	388	193.415593031868	130
0	390	194.962477928567	131
0	391	196.554708346566	132
0	392	198.451469503185	133
0	396	199.858202844933	134
0	403	201.106616305262	135
0	414	202.360258827759	136
0	422	203.820478535565	137
0	423	205.51137226292	138
0	427	206.610788655775	139
0	431	207.8378726268	140
0	438	209.505157466819	141
0	439	210.966164295403	142
0	443	212.792988513205	143
0	450	214.197413450414	144
0	451	215.233447272638	145
0	453	216.408219280029	146
0	458	218.360361978952	147
0	463	220.021479494246	148
0	464	221.539091596455	149
0	467	223.013759580982	150
0	482	224.686341887648	151
0	490	226.343361663707	152
0	494	227.456847580923	153
0	495	228.889129063888	154
0	497	230.411125333589	155
0	501	232.369866257841	156
0	507	234.305698337108	157
0	508	235.402956336113	158
0	512	236.900733240256	159
0	514	238.171846633851	160
0	517	239.651600507628	161
0	518	241.508725425768	162
0	522	242.626040992401	163
0	525	243.970759114557	164
0	531	245.402519239885	165
0	535	247.178322457084	166
0	540	248.709182583568	167
0	544	250.244099438264	168
0	548	252.092439590096	169
0	549	253.629718619007	170
0	550	254.904293668996	171
0	551	255.912983587784	172
0	552	256.937928317189	173
0	553	258.082214415846	174
0	554	259.595974150654	175
0	556	260.818632083554	176
0	560	261.873739363002	177
0	565	263.586666216916	178
0	572	264.936873476096	179
0	574	266.301785310805	180
0	575	267.797755607711	181
0	577	269.479495553374	182
0	580	271.003875359036	183
0	582	272.589307430973	184
0	583	274.198296046657	185
0	585	275.777307250844	186
0	594	277.463669295264	187
0	601	279.442216842742	188
0	603	281.234096408197	189
0	613	282.47898588756	190
0	615	284.261075263218	191
0	617	285.29763625197	192
0	619	287.175387038457	193
0	621	288.459473170181	194
0	626	290.231738747404	195
0	632	291.871443848432	196
0	635	293.641411035628	197
0	637	294.726477838428	198
0	638	295.807849560472	199
0	639	297.129866900229	200
0	643	298.741194321848	201
0	644	300.166596052777	202
0	645	301.230149832629	203
0	647	302.438403088674	204
0	650	303.653801294817	205
0	652	304.995938805472	206
0	655	306.659256724249	207
0	656	308.138641279963	208
0	657	310.053504371391	209
0	667	311.102853317586	210
0	678	312.259506805175	211
0	688	313.460517088491	212
0	695	315.23969652092	213
0	697	316.688065698211	214
0	698	318.309234949834	215
0	704	319.807414514552	216
0	706	320.866797698968	217
0	709	322.785344146964	218
0	710	324.510338241075	219
0	712	325.674826651187	220
0	714	327.172183484844	221
0	725	328.558630888191	222
0	727	329.796642162445	223
0	729	331.136398544841	224
0	734	332.720991118651	225
0	735	334.584467341963	226
0	736	335.932165330348	227
0	742	337.17480265659	228
0	744	338.493719977398	229
0	745	340.385300464999	230
0	746	342.086228533486	231
0	756	343.527005726077	232
0	768	345.406179061463	233
0	769	346.821211679211	234
0	771	347.853267300712	235
0	777	349.702586461861	236
0	780	350.712650156185	237
0	783	352.286742050504	238
0	784	353.511155667785	239
0	785	355.464831368835	240
0	792	357.047151102289	241
0	798	358.28298532574	242
0	799	360.278800619836	243
0	801	361.408156385482	244
0	802	362.476249487907	245
0	804	364.420100340456	246
0	806	366.139489399106	247
0	812	367.393871793593	248
0	817	368.660659953556	249
0	821	369.674168656883	250
0	823	370.984797875467	251
0	825	372.699941126933	252
0	826	374.40488918738	253
0	830	375.823526048637	254
0	833	376.874601527653	255
0	835	377.875265743188	256
0	836	379.15359104455	257
0	838	380.339488642593	258
0	842	381.448392384756	259
0	847	382.846311002342	260
0	850	384.239277777566	261
0	853	385.593502598653	262
0	858	386.693754347345	263
0	860	388.623046019651	264
0	866	390.451192628663	265
0	869	391.808950514836	266
0	871	392.865322677955	267
0	875	394.196774599213	268
0	876	395.307296896191	269
0	877	396.938128706604	270
0	880	398.936122710189	271
0	882	400.304613673898	272
0	883	402.000560535888	273
0	891	403.412994085184	274
0	893	404.9095422128	275
0	895	406.091018535501	276
0	898	407.331508932939	277
0	900	408.694990693895	278
0	901	410.339725033451	279
0	905	411.672556015734	280
0	906	413.306537675277	281
0	908	415.057569970215	282
0	911	416.483572359501	283
0	917	417.566448528391	284
0	923	418.95599703265	285
0	929	420.805379994285	286
0	933	422.607735748474	287
0	934	424.385113613751	288
0	939	425.528642181378	289
0	943	426.872931346135	290
0	946	427.904505941389	291
0	948	429.531666651206	292
0	955	430.701486150572	293
0	958	431.962074405352	294
0	960	433.147891149927	295
0	961	434.264449765045	296
0	966	435.622088794667	297
0	967	437.08467153234	298
0	969	438.731000713609	299
0	974	439.931951269345	300
0	980	441.719867019519	301
0	981	443.636207351066	302
0	982	444.89558473935	303
0	991	446.653778450867	304
0	992	448.439966952965	305
0	994	450.187989750482	306
0	998	451.488640912646	307
0	1003	452.509999595886	308
0	1011	453.860386615923	309
0	1013	455.101082595136	310
0	1016	457.07784455137	311
0	1018	459.015708926904	312
0	1022	460.113519085876	313
0	1028	461.387196631243	314
0	1033	462.401448141157	315
0	1036	463.65264825437	316
0	1037	465.635093136763	317
0	1039	467.035541669072	318
0	1040	468.436421237725	319
0	1043	470.204615898968	320
0	1044	471.708065179016	321
0	1050	472.904439326448	322
0	1055	474.200331301501	323
0	1063	475.925647533571	324
0	1068	477.722940397754	325
0	1070	479.589231978709	326
0	1072	480.602869725393	327
0	1073	482.520021691758	328
0	1075	483.689956678383	329
0	1082	485.120102294095	330
0	1084	486.676235473322	331
0	1088	488.634302650186	332
0	1092	490.521585802854	333
0	1095	492.008733927579	334
0	1096	493.152912977691	335
0	1101	494.549147459519	336
0	1102	496.077467454438	337
0	1103	497.950458032618	338
0	1104	499.950311866429	339
0	1105	501.030596700337	340
0	1107	502.173675123675	341
0	1108	503.384976685818	342
0	1109	504.42990647217	343
0	1111	506.290268539756	344
0	1112	508.252109799141	345
0	1118	510.012388906747	346
0	1122	511.957807857383	347
0	1126	513.659785448413	348
0	1130	514.944670972487	349
0	1133	516.737169875836	350
0	1135	518.653588888541	351
0	1139	520.261134248532	352
0	1140	522.244568228794	353
0	1141	524.146699449585	354
0	1145	525.605422331791	355
0	1149	527.390977365968	356
0	1150	529.289065123375	357
0	1152	530.610538054563	358
0	1153	532.125305162582	359
0	1155	533.265744680378	360
0	1156	535.096221030995	361
0	1165	536.154130309893	362
0	1168	537.540668766786	363
0	1169	539.513764570075	364
0	1170	540.663263106792	365
0	1175	542.362799021722	366
0	1179	544.160878039272	367
0	1182	545.751875841133	368
0	1183	547.164961969321	369
0	1185	548.875020276363	370
0	1188	550.192280469303	371
0	1190	551.748218160895	372
0	1191	553.518762227455	373
0	1197	555.427010606816	374
0	1207	557.20525233455	375
0	1208	559.054085365338	376
0	1212	560.858963810447	377
0	1216	562.699604717623	378
0	1221	564.340169308316	379
0	1222	565.648827104671	380
0	1227	567.605768698109	381
0	1233	568.625460341647	382
0	1238	569.940847543608	383
0	1241	571.36666508818	384
0	1242	572.895975306704	385
0	1245	574.51854082833	386
0	1247	576.433948471751	387
0	1249	578.353119476307	388
0	1252	579.658386488287	389
0	1254	581.244014620623	390
0	1262	582.301013469305	391
0	1263	583.464277130859	392
0	1264	585.161104465444	393
0	1273	586.388535845867	394
0	1274	587.388903196045	395
0	1277	588.662635823089	396
0	1280	590.616199048312	397
0	1285	592.031324302388	398
0	1287	593.846935271827	399
0	1288	595.252724113019	400
0	1289	597.235132373713	401
0	1290	598.892273478752	402
0	1294	600.649744321203	403
0	1305	602.412884547917	404
0	1308	604.230961775483	405
0	1311	605.280418437283	406
0	1312	607.133107445744	407
0	1313	608.165883349563	408
0	1315	609.410040381906	409
0	1321	610.598772591521	410
0	1323	612.364042945282	411
0	1329	613.487538166653	412
0	1335	614.49770310878	413
0	1337	615.901824659744	414
0	1338	617.314306148637	415
0	1339	619.157964497648	416
0	1341	620.681073345553	417
0	1346	622.040947364254	418
0	1347	623.327276910033	419
0	1348	624.494018493762	420
0	1350	625.666715175921	421
0	1358	626.776398235775	422
0	1359	628.538324747078	423
0	1361	630.429089094821	424
0	1371	631.536390121869	425
0	1373	632.566271259758	426
0	1380	634.188081200078	427
0	1381	635.366282156978	428
0	1386	636.537454204943	429
0	1391	638.516778745765	430
0	1398	640.29660155399	431
0	1401	641.843551616494	432
0	1402	643.424570198713	433
0	1408	645.195859153599	434
0	1414	647.154138487142	435
0	1416	648.494743130247	436
0	1418	650.278801742087	437
0	1419	652.245848538897	438
0	1420	654.120690899746	439
0	1421	655.676353528708	440
0	1430	656.777637772573	441
0	1432	658.587204145579	442
0	1433	659.789170577037	443
0	1436	661.482893913598	444
0	1443	662.695576319085	445
0	1446	664.642133404115	446
0	1447	666.096723272545	447
0	1448	667.306326007317	448
0	1449	668.653785676309	449
0	1457	670.107950945464	450
0	1459	672.040007672585	451
0	1462	673.873953274065	452
0	1465	674.957483863538	453
0	1467	676.356331383889	454
0	1470	677.459524510741	455
0	1472	679.417013051301	456
0	1474	680.529764560131	457
0	1478	682.247951084595	458
0	1479	683.760300235204	459
0	1480	685.21832119891	460
0	1483	686.767739781258	461
0	1491	688.6555740869	462
0	1494	689.785336713852	463
0	1495	690.822814391307	464
0	1500	692.596076446898	465
0	1501	694.277412122428	466
0	1504	695.381313578771	467
0	1512	697.205303672315	468
0	1513	698.433436565181	469
0	1518	700.286070550173	470
0	1521	701.428926602086	471
0	1522	703.023305260191	472
0	1523	704.569394632789	473
0	1530	705.933679201255	474
0	1532	707.685025631763	475
0	1533	708.88246694285	476
0	1535	710.852597813202	477
0	1538	712.832972887983	478
0	1540	714.774715028317	479
0	1546	716.072685290673	480
0	1548	717.744253609874	481
0	1551	719.582429103399	482
0	1552	721.303627220992	483
0	1553	722.783735031107	484
0	1554	724.427599072301	485
0	1557	725.92937219919	486
0	1561	727.855513579988	487
0	1565	729.115766120686	488
0	1566	730.602710296943	489
0	1567	732.13456938796	490
0	1571	734.096979662853	491
0	1572	735.247694806506	492
0	1576	736.409946614954	493
0	1581	737.471835784925	494
0	1592	738.893717915131	495
0	1594	740.615440785963	496
0	1596	742.112185204014	497
0	1598	744.099546586241	498
0	1599	745.870012980963	499
0	1608	747.006216245548	500
0	1613	748.414893639351	501
0	1616	750.107448265034	502
0	1621	751.976176842193	503
0	1624	753.681483615965	504
0	1632	754.902802734014	505
0	1637	756.448431658402	506
0	1640	757.492294084124	507
0	1644	759.140459952254	508
0	1649	760.221458138509	509
0	1664	761.630479643431	510
0	1672	763.191878364033	511
0	1673	764.469813721797	512
0	1680	765.788216657781	513
0	1682	766.868683843485	514
0	1686	768.224691103988	515
0	1690	769.680090798608	516
0	1693	770.709880340223	517
0	1699	772.49941864501	518
0	1706	773.965440390941	519
0	1708	775.497008107912	520
0	1711	777.43795844082	521
0	1715	778.966040365475	522
0	1721	780.518781101408	523
0	1725	781.672151446187	524
0	1728	783.570064992954	525
0	1729	785.532561163262	526
0	1730	787.32951275686	527
0	1734	788.683005473886	528
0	1735	790.645125243191	529
0	1740	791.938148079284	530
0	1744	793.683814661421	531
0	1745	794.884820148891	532
0	1751	796.72841050693	533
0	1754	798.501865179354	534
0	1755	800.217922891799	535
0	1759	801.394341657247	536
0	1765	803.177880850929	537
0	1774	804.696247261559	538
0	1778	806.118857335608	539
0	1779	807.924559676397	540
0	1781	809.595987223397	541
0	1788	810.720783670741	542
0	1795	812.701763072592	543
0	1798	814.163615678745	544
0	1803	815.66520715233	545
0	1808	816.901020566542	546
0	1813	817.985458891215	547
0	1814	819.123765641665	548
0	1816	820.749143819632	549
0	1817	822.679541253559	550
0	1818	823.804695190703	551
0	1820	825.5417556349	552
0	1823	826.999085742123	553
0	1826	828.97387300346	554
0	1828	830.736453378414	555
0	1832	832.465838844962	556
0	1834	834.223332488751	557
0	1836	835.712929116404	558
0	1841	836.942662708536	559
0	1842	838.459401422488	560
0	1843	840.236594154109	561
0	1846	841.359773798688	562
0	1847	843.003876344376	563
0	1852	844.283799730084	564
0	1856	846.099417316803	565
0	1861	847.287816835643	566
0	1864	849.015605585027	567
0	1865	850.038842209924	568
0	1867	851.569945982734	569
0	1869	852.623608889601	570
0	1871	854.396213031218	571
0	1873	855.426501440427	572
0	1874	856.471011071077	573
0	1875	857.718849723071	574
0	1878	858.911730427139	575
0	1881	860.874010337826	576
0	1883	862.698871210294	577
0	1885	864.1670409174	578
0	1891	865.935733001057	579
0	1893	867.78650865013	580
0	1895	869.669934108697	581
0	1898	871.650638948504	582
0	1902	873.298821226305	583
0	1907	875.085140205531	584
0	1909	876.961402146223	585
0	1913	878.040204500857	586
0	1914	879.992314294989	587
0	1916	881.869932668593	588
0	1921	882.8869625056	589
0	1923	884.437481195044	590
0	1925	885.465436572053	591
0	1926	887.043058577769	592
0	1938	888.125974025189	593
0	1943	889.828313171475	594
0	1948	891.564625865158	595
0	1950	893.321458628245	596
0	1952	894.991143524025	597
0	1956	896.852950327874	598
0	1958	898.134018267582	599
0	1961	900.081721556916	600
0	1962	901.448972974516	601
0	1965	903.388051331587	602
0	1966	905.005111016178	603
0	1972	906.477401401692	604
0	1980	908.002202603345	605
0	1985	909.315156056856	606
0	1991	910.841477666593	607
0	1994	911.913557817771	608
0	1999	913.255950537355	609
0	2001	915.244356878645	610
0	2008	916.633796548316	611
0	2011	917.97954239122	612
0	2013	919.666012153108	613
0	2015	920.819386595706	614
0	2017	922.112269524331	615
0	2018	923.878274272508	616
0	2027	924.984106093026	617
0	2028	926.542837082953	618
0	2029	927.873454155712	619
0	2033	929.718692151676	620
0	2034	931.166974300132	621
0	2035	932.181323449439	622
0	2042	933.792808767021	623
0	2047	935.343024782449	624
0	2048	937.224445249265	625
0	2052	938.790447864992	626
0	2054	940.094648541727	627
0	2055	941.395375452314	628
0	2062	943.133700210445	629
0	2068	944.603266937269	630
0	2073	945.769971600345	631
0	2080	947.736192735222	632
0	2083	949.134980338004	633
0	2085	950.705027215492	634
0	2086	952.058063607274	635
0	2090	953.492445856642	636
0	2092	954.927078374505	637
0	2093	956.536242432969	638
0	2094	958.312200879056	639
0	2099	959.388346041163	640
0	2104	960.948966432206	641
0	2105	962.02216373345	642
0	2113	963.176280900679	643
0	2114	964.708248246304	644
0	2116	966.532353022211	645
0	2117	967.99727519516	646
0	2122	969.606354506529	647
0	2127	971.038951147656	648
0	2128	972.810998498072	649
0	2130	974.015290888568	650
0	2131	976.013734933996	651
0	2136	977.858925367083	652
0	2137	978.995554335724	653
0	2138	980.364315183909	654
0	2144	982.325869491865	655
0	2146	984.192322587903	656
0	2147	985.445929968573	657
0	2149	987.042817767553	658
0	2150	988.177927867586	659
0	2152	989.428669698613	660
0	2153	990.730897773599	661
0	2157	992.443106087001	662
0	2167	994.432311364759	663
0	2169	996.12660284674	664
0	2173	997.860678524088	665
0	2174	999.374912701856	666
1	2	0.294685056815	1
1	8	5.732982703993	2
1	14	10.133423986471	3
1	25	11.360950612287	4
1	35	14.530364219307	5
1	38	16.353353559552	6
1	51	29.189386707993	7
1	55	31.17993441349	8
1	60	34.643601493727	9
1	64	37.277239916328	10
1	67	38.906264958093	11
1	73	40.516124396017	12
1	83	47.187236840465	13
1	98	48.953737225689	14
1	102	50.348455822366	15
1	106	52.6912427274	16
1	109	53.840247369898	17
1	115	58.30671418544	18
1	123	61.651822121901	19
1	127	64.806230578884	20
1	133	69.533467602572	21
1	142	75.685034398804	22
1	146	77.389794919334	23
1	155	80.210913096488	24
1	160	82.499428224495	25
1	165	85.408704280047	26
1	172	88.14305978262	27
1	186	93.648453868894	28
1	190	96.105125430709	29
1	194	97.603028555513	30
1	198	100.473220934834	31
1	203	103.623097833799	32
1	211	107.008041160394	33
1	226	108.715934782972	34
1	250	123.30269586343	35
1	254	124.602459472939	36
1	257	125.823093745565	37
1	266	129.042484232291	38
1	274	133.869663856699	39
1	279	135.201822142507	40
1	283	136.755809463256	41
1	290	141.552048814693	42
1	296	142.918664772339	43
1	300	144.621408967839	44
1	303	146.076653521631	45
1	308	149.154252249591	46
1	313	150.730204736068	47
1	317	152.116326394546	48
1	324	156.425521107637	49
1	333	164.298677503886	50
1	336	166.264794756901	51
1	345	171.88576798252	52
1	352	173.387791035806	53
1	360	177.811711501403	54
1	365	178.808043135004	55
1	369	179.926037717892	56
1	374	181.538470260917	57
1	379	185.061494659628	58
1	385	190.108478306073	59
1	393	198.576364374508	60
1	397	199.974317457963	61
1	404	201.211382051674	62
1	416	202.38491903381	63
1	424	205.586429679422	64
1	428	206.717212032229	65
1	432	207.941599184519	66
1	440	211.088596759389	67
1	444	212.916471510585	68
1	454	216.485224773977	69
1	459	218.464012091414	70
1	465	221.594120489942	71
1	468	223.134258167333	72
1	483	224.830280589027	73
1	491	226.415085242938	74
1	498	230.453416225375	75
1	502	232.576717242608	76
1	509	235.53336190243	77
1	515	238.288440807259	78
1	519	241.580263320368	79
1	523	242.781656697718	80
1	526	244.107519376673	81
1	532	245.475938303684	82
1	536	247.21451673865	83
1	541	248.805988870372	84
1	545	250.410527592186	85
1	557	261.011759543936	86
1	561	261.974858611469	87
1	566	263.624833994716	88
1	578	269.52179780968	89
1	586	275.982899593743	90
1	595	277.592959663993	91
1	604	281.295223287788	92
1	622	288.595560606694	93
1	627	290.329316299936	94
1	633	291.959354531466	95
1	640	297.219715873312	96
1	648	302.621487239534	97
1	653	305.178286210482	98
1	658	310.129153198783	99
1	669	311.25283720599	100
1	679	312.40069939817	101
1	699	318.493924771821	102
1	707	320.909620532474	103
1	715	327.330778626559	104
1	730	331.300162750986	105
1	737	336.09106772077	106
1	747	342.145614769125	107
1	757	343.686620343757	108
1	772	348.005417153541	109
1	778	349.812993438199	110
1	781	350.766590927533	111
1	786	355.505251156544	112
1	793	357.185046082153	113
1	807	366.20989703075	114
1	813	367.45178240434	115
1	818	368.772572997883	116
1	827	374.425898096876	117
1	831	376.026974209726	118
1	839	380.409772065403	119
1	843	381.61554756685	120
1	848	383.042030567525	121
1	851	384.282130473106	122
1	854	385.757709664152	123
1	861	388.830216668382	124
1	867	390.502292637374	125
1	872	392.924474749175	126
1	878	397.145827648717	127
1	884	402.051781205958	128
1	896	406.152918912309	129
1	902	410.536852380977	130
1	909	415.247184332291	131
1	912	416.649080530753	132
1	918	417.636564388903	133
1	924	419.137254123007	134
1	930	420.825391502578	135
1	935	424.462362309153	136
1	940	425.652923541524	137
1	944	427.064122849305	138
1	949	429.579858648447	139
1	956	430.806330030003	140
1	962	434.285334183425	141
1	970	438.815190478869	142
1	975	440.057457150063	143
1	983	445.002961028047	144
1	995	450.360141484496	145
1	999	451.528081107706	146
1	1004	452.619298398982	147
1	1014	455.145229144258	148
1	1019	459.203737395168	149
1	1023	460.175475699131	150
1	1029	461.472196367318	151
1	1034	462.483018081798	152
1	1041	468.556687036161	153
1	1045	471.733210042128	154
1	1051	472.982064791666	155
1	1056	474.238886635271	156
1	1064	476.094130731861	157
1	1076	483.791894809506	158
1	1085	486.879724986291	159
1	1089	488.799665941155	160
1	1093	490.729755821239	161
1	1097	493.20121820239	162
1	1113	508.34895003927	163
1	1119	510.119377590989	164
1	1123	512.070847990558	165
1	1127	513.699543182606	166
1	1131	515.123443718944	167
1	1136	518.773639854	168
1	1142	524.322015569573	169
1	1146	525.767727206056	170
1	1157	535.171584906383	171
1	1171	540.748910804956	172
1	1176	542.487487874985	173
1	1180	544.339137287333	174
1	1186	549.081081621001	175
1	1192	553.567328680698	176
1	1198	555.597417369136	177
1	1209	559.26377279252	178
1	1213	560.890317814492	179
1	1217	562.850447897987	180
1	1223	565.795368099928	181
1	1228	567.63353492076	182
1	1234	568.690202011591	183
1	1239	570.0868292353	184
1	1243	572.967199438488	185
1	1250	578.552301305628	186
1	1255	581.401030777677	187
1	1265	585.342037761307	188
1	1275	587.496701726483	189
1	1278	588.698650572311	190
1	1281	590.734996195861	191
1	1291	598.916390575997	192
1	1295	600.835078934622	193
1	1306	602.549610344346	194
1	1309	604.324167172121	195
1	1316	609.582605702753	196
1	1324	612.404381038429	197
1	1330	613.665440817919	198
1	1342	620.734475919201	199
1	1351	625.747837724159	200
1	1362	630.450810494303	201
1	1374	632.635317992923	202
1	1382	635.468332260754	203
1	1387	636.571248216503	204
1	1392	638.660676179493	205
1	1399	640.372388749726	206
1	1403	643.549364415453	207
1	1409	645.372469782243	208
1	1422	655.788218652989	209
1	1434	659.95720982237	210
1	1437	661.593450616207	211
1	1444	662.740874475779	212
1	1450	668.838175853717	213
1	1460	672.210507678148	214
1	1463	674.072006647236	215
1	1468	676.435203360345	216
1	1475	680.702136434997	217
1	1481	685.372203502448	218
1	1484	686.920978581261	219
1	1492	688.686747743872	220
1	1496	690.928662348402	221
1	1502	694.441325255158	222
1	1505	695.404159068307	223
1	1514	698.500008613112	224
1	1519	700.40747794326	225
1	1524	704.75059795048	226
1	1536	710.892012812964	227
1	1541	714.929469444158	228
1	1549	717.776205933075	229
1	1555	724.601787582408	230
1	1558	725.960500006623	231
1	1562	727.946044884055	232
1	1568	732.283000764854	233
1	1573	735.28948419414	234
1	1577	736.585994274664	235
1	1582	737.582484685968	236
1	1600	745.978922929177	237
1	1609	747.12471838442	238
1	1614	748.590634702596	239
1	1617	750.223626581766	240
1	1622	752.065655344925	241
1	1625	753.73658393699	242
1	1633	755.108000149329	243
1	1638	756.503430477026	244
1	1641	757.564703219011	245
1	1645	759.294153517955	246
1	1650	760.304585431649	247
1	1667	761.785996386439	248
1	1674	764.628313783868	249
1	1683	767.076296490613	250
1	1687	768.33339493443	251
1	1691	769.773811959061	252
1	1694	770.819596451614	253
1	1700	772.68859057162	254
1	1709	775.626378581649	255
1	1712	777.610200390529	256
1	1716	779.072011847443	257
1	1722	780.707977003811	258
1	1726	781.785590411996	259
1	1731	787.511193810517	260
1	1736	790.79236726084	261
1	1741	792.079024092797	262
1	1746	795.037121647957	263
1	1752	796.825602281188	264
1	1756	800.412479700506	265
1	1760	801.598775112179	266
1	1766	803.253800968226	267
1	1775	804.778307955676	268
1	1782	809.726234375356	269
1	1789	810.787495038173	270
1	1796	812.821183559546	271
1	1799	814.350704995515	272
1	1804	815.704787270162	273
1	1809	816.95246237976	274
1	1821	825.704810126938	275
1	1824	827.104559432377	276
1	1829	830.91757046929	277
1	1837	835.822476531726	278
1	1844	840.34484732054	279
1	1848	843.082560977238	280
1	1853	844.446364935307	281
1	1857	846.20222714749	282
1	1862	847.400050081733	283
1	1876	857.779734413193	284
1	1879	858.998687779219	285
1	1886	864.232368461959	286
1	1896	869.753095721362	287
1	1899	871.796911189435	288
1	1903	873.347988812009	289
1	1910	877.123646731945	290
1	1917	881.961748198322	291
1	1927	887.071404947829	292
1	1944	889.969350207786	293
1	1953	895.192892119253	294
1	1959	898.306210868983	295
1	1963	901.511223933809	296
1	1967	905.14791196996	297
1	1973	906.589731973026	298
1	1981	908.139002536967	299
1	1986	909.424595165868	300
1	1992	910.878509737265	301
1	1995	911.977105216391	302
1	2002	915.348499034204	303
1	2009	916.729893537025	304
1	2019	924.04417150218	305
1	2030	927.979987070278	306
1	2036	932.390531149909	307
1	2043	933.880031951342	308
1	2049	937.372826199067	309
1	2056	941.464650338686	310
1	2063	943.201932669473	311
1	2069	944.751758952052	312
1	2074	945.94064704621	313
1	2081	947.781974375791	314
1	2087	952.187388963122	315
1	2095	958.362232228147	316
1	2100	959.573592310146	317
1	2106	962.088711873182	318
1	2118	968.052382364067	319
1	2123	969.751717272423	320
1	2132	976.157337149492	321
1	2139	980.407407448447	322
1	2154	990.770417290525	323
1	2158	992.544079005112	324
1	2170	996.309618777348	325
1	2175	999.532353688741	326
2	2	0.294685056815	1
2	8	5.732982703993	2
2	14	10.133423986471	3
2	25	11.360950612287	4
2	35	14.530364219307	5
2	38	16.353353559552	6
2	51	29.189386707993	7
2	55	31.17993441349	8
2	60	34.643601493727	9
2	64	37.277239916328	10
2	67	38.906264958093	11
2	73	40.516124396017	12
2	83	47.187236840465	13
2	98	48.953737225689	14
2	102	50.348455822366	15
2	106	52.6912427274	16
2	109	53.840247369898	17
2	115	58.30671418544	18
2	123	61.651822121901	19
2	127	64.806230578884	20
2	133	69.533467602572	21
2	142	75.685034398804	22
2	146	77.389794919334	23
2	155	80.210913096488	24
2	160	82.499428224495	25
2	165	85.408704280047	26
2	172	88.14305978262	27
2	186	93.648453868894	28
2	190	96.105125430709	29
2	194	97.603028555513	30
2	198	100.473220934834	31
2	203	103.623097833799	32
2	211	107.008041160394	33
2	226	108.715934782972	34
2	250	123.30269586343	35
2	254	124.602459472939	36
2	257	125.823093745565	37
2	266	129.042484232291	38
2	274	133.869663856699	39
2	279	135.201822142507	40
2	283	136.755809463256	41
2	290	141.552048814693	42
2	296	142.918664772339	43
2	300	144.621408967839	44
2	303	146.076653521631	45
2	308	149.154252249591	46
2	313	150.730204736068	47
2	317	152.116326394546	48
2	324	156.425521107637	49
2	333	164.298677503886	50
2	336	166.264794756901	51
2	345	171.88576798252	52
2	352	173.387791035806	53
2	360	177.811711501403	54
2	365	178.808043135004	55
2	369	179.926037717892	56
2	374	181.538470260917	57
2	379	185.061494659628	58
2	385	190.108478306073	59
2	393	198.576364374508	60
2	397	199.974317457963	61
2	404	201.211382051674	62
2	416	202.38491903381	63
2	424	205.586429679422	64
2	428	206.717212032229	65
2	432	207.941599184519	66
2	440	211.088596759389	67
2	444	212.916471510585	68
2	454	216.485224773977	69
2	459	218.464012091414	70
2	465	221.594120489942	71
2	468	223.134258167333	72
2	483	224.830280589027	73
2	491	226.415085242938	74
2	498	230.453416225375	75
2	502	232.576717242608	76
2	509	235.53336190243	77
2	515	238.288440807259	78
2	519	241.580263320368	79
2	523	242.781656697718	80
2	526	244.107519376673	81
2	532	245.475938303684	82
2	536	247.21451673865	83
2	541	248.805988870372	84
2	545	250.410527592186	85
2	557	261.011759543936	86
2	561	261.974858611469	87
2	566	263.624833994716	88
2	578	269.52179780968	89
2	586	275.982899593743	90
2	595	277.592959663993	91
2	604	281.295223287788	92
2	622	288.595560606694	93
2	627	290.329316299936	94
2	633	291.959354531466	95
2	640	297.219715873312	96
2	648	302.621487239534	97
2	653	305.178286210482	98
2	658	310.129153198783	99
2	669	311.25283720599	100
2	679	312.40069939817	101
2	699	318.493924771821	102
2	707	320.909620532474	103
2	715	327.330778626559	104
2	730	331.300162750986	105
2	737	336.09106772077	106
2	747	342.145614769125	107
2	757	343.686620343757	108
2	772	348.005417153541	109
2	778	349.812993438199	110
2	781	350.766590927533	111
2	786	355.505251156544	112
2	793	357.185046082153	113
2	807	366.20989703075	114
2	813	367.45178240434	115
2	818	368.772572997883	116
2	827	374.425898096876	117
2	831	376.026974209726	118
2	839	380.409772065403	119
2	843	381.61554756685	120
2	848	383.042030567525	121
2	851	384.282130473106	122
2	854	385.757709664152	123
2	861	388.830216668382	124
2	867	390.502292637374	125
2	872	392.924474749175	126
2	878	397.145827648717	127
2	884	402.051781205958	128
2	896	406.152918912309	129
2	902	410.536852380977	130
2	909	415.247184332291	131
2	912	416.649080530753	132
2	918	417.636564388903	133
2	924	419.137254123007	134
2	930	420.825391502578	135
2	935	424.462362309153	136
2	940	425.652923541524	137
2	944	427.064122849305	138
2	949	429.579858648447	139
2	956	430.806330030003	140
2	962	434.285334183425	141
2	970	438.815190478869	142
2	975	440.057457150063	143
2	983	445.002961028047	144
2	995	450.360141484496	145
2	999	451.528081107706	146
2	1004	452.619298398982	147
2	1014	455.145229144258	148
2	1019	459.203737395168	149
2	1023	460.175475699131	150
2	1029	461.472196367318	151
2	1034	462.483018081798	152
2	1041	468.556687036161	153
2	1045	471.733210042128	154
2	1051	472.982064791666	155
2	1056	474.238886635271	156
2	1064	476.094130731861	157
2	1076	483.791894809506	158
2	1085	486.879724986291	159
2	1089	488.799665941155	160
2	1093	490.729755821239	161
2	1097	493.20121820239	162
2	1113	508.34895003927	163
2	1119	510.119377590989	164
2	1123	512.070847990558	165
2	1127	513.699543182606	166
2	1131	515.123443718944	167
2	1136	518.773639854	168
2	1142	524.322015569573	169
2	1146	525.767727206056	170
2	1157	535.171584906383	171
2	1171	540.748910804956	172
2	1176	542.487487874985	173
2	1180	544.339137287333	174
2	1186	549.081081621001	175
2	1192	553.567328680698	176
2	1198	555.597417369136	177
2	1209	559.26377279252	178
2	1213	560.890317814492	179
2	1217	562.850447897987	180
2	1223	565.795368099928	181
2	1228	567.63353492076	182
2	1234	568.690202011591	183
2	1239	570.0868292353	184
2	1243	572.967199438488	185
2	1250	578.552301305628	186
2	1255	581.401030777677	187
2	1265	585.342037761307	188
2	1275	587.496701726483	189
2	1278	588.698650572311	190
2	1281	590.734996195861	191
2	1291	598.916390575997	192
2	1295	600.835078934622	193
2	1306	602.549610344346	194
2	1309	604.324167172121	195
2	1316	609.582605702753	196
2	1324	612.404381038429	197
2	1330	613.665440817919	198
2	1342	620.734475919201	199
2	1351	625.747837724159	200
2	1362	630.450810494303	201
2	1374	632.635317992923	202
2	1382	635.468332260754	203
2	1387	636.571248216503	204
2	1392	638.660676179493	205
2	1399	640.372388749726	206
2	1403	643.549364415453	207
2	1409	645.372469782243	208
2	1422	655.788218652989	209
2	1434	659.95720982237	210
2	1437	661.593450616207	211
2	1444	662.740874475779	212
2	1450	668.838175853717	213
2	1460	672.210507678148	214
2	1463	674.072006647236	215
2	1468	676.435203360345	216
2	1475	680.702136434997	217
2	1481	685.372203502448	218
2	1484	686.920978581261	219
2	1492	688.686747743872	220
2	1496	690.928662348402	221
2	1502	694.441325255158	222
2	1505	695.404159068307	223
2	1514	698.500008613112	224
2	1519	700.40747794326	225
2	1524	704.75059795048	226
2	1536	710.892012812964	227
2	1541	714.929469444158	228
2	1549	717.776205933075	229
2	1555	724.601787582408	230
2	1558	725.960500006623	231
2	1562	727.946044884055	232
2	1568	732.283000764854	233
2	1573	735.28948419414	234
2	1577	736.585994274664	235
2	1582	737.582484685968	236
2	1600	745.978922929177	237
2	1609	747.12471838442	238
2	1614	748.590634702596	239
2	1617	750.223626581766	240
2	1622	752.065655344925	241
2	1625	753.73658393699	242
2	1633	755.108000149329	243
2	1638	756.503430477026	244
2	1641	757.564703219011	245
2	1645	759.294153517955	246
2	1650	760.304585431649	247
2	1667	761.785996386439	248
2	1674	764.628313783868	249
2	1683	767.076296490613	250
2	1687	768.33339493443	251
2	1691	769.773811959061	252
2	1694	770.819596451614	253
2	1700	772.68859057162	254
2	1709	775.626378581649	255
2	1712	777.610200390529	256
2	1716	779.072011847443	257
2	1722	780.707977003811	258
2	1726	781.785590411996	259
2	1731	787.511193810517	260
2	1736	790.79236726084	261
2	1741	792.079024092797	262
2	1746	795.037121647957	263
2	1752	796.825602281188	264
2	1756	800.412479700506	265
2	1760	801.598775112179	266
2	1766	803.253800968226	267
2	1775	804.778307955676	268
2	1782	809.726234375356	269
2	1789	810.787495038173	270
2	1796	812.821183559546	271
2	1799	814.350704995515	272
2	1804	815.704787270162	273
2	1809	816.95246237976	274
2	1821	825.704810126938	275
2	1824	827.104559432377	276
2	1829	830.91757046929	277
2	1837	835.822476531726	278
2	1844	840.34484732054	279
2	1848	843.082560977238	280
2	1853	844.446364935307	281
2	1857	846.20222714749	282
2	1862	847.400050081733	283
2	1876	857.779734413193	284
2	1879	858.998687779219	285
2	1886	864.232368461959	286
2	1896	869.753095721362	287
2	1899	871.796911189435	288
2	1903	873.347988812009	289
2	1910	877.123646731945	290
2	1917	881.961748198322	291
2	1927	887.071404947829	292
2	1944	889.969350207786	293
2	1953	895.192892119253	294
2	1959	898.306210868983	295
2	1963	901.511223933809	296
2	1967	905.14791196996	297
2	1973	906.589731973026	298
2	1981	908.139002536967	299
2	1986	909.424595165868	300
2	1992	910.878509737265	301
2	1995	911.977105216391	302
2	2002	915.348499034204	303
2	2009	916.729893537025	304
2	2019	924.04417150218	305
2	2030	927.979987070278	306
2	2036	932.390531149909	307
2	2043	933.880031951342	308
2	2049	937.372826199067	309
2	2056	941.464650338686	310
2	2063	943.201932669473	311
2	2069	944.751758952052	312
2	2074	945.94064704621	313
2	2081	947.781974375791	314
2	2087	952.187388963122	315
2	2095	958.362232228147	316
2	2100	959.573592310146	317
2	2106	962.088711873182	318
2	2118	968.052382364067	319
2	2123	969.751717272423	320
2	2132	976.157337149492	321
2	2139	980.407407448447	322
2	2154	990.770417290525	323
2	2158	992.544079005112	324
2	2170	996.309618777348	325
2	2175	999.532353688741	326
3	3	0.433162159131	1
3	17	10.67983505797	2
3	19	10.883992386017	3
3	26	11.386027808893	4
3	68	39.022969060675	5
3	70	39.096609129274	6
3	88	47.772835634943	7
3	94	48.62663408078	8
3	99	49.063062341486	9
3	118	58.549733336135	10
3	151	77.889474623184	11
3	156	80.32410026884	12
3	166	85.544042841628	13
3	216	107.57217416213	14
3	218	107.749728436548	15
3	220	108.076201075918	16
3	222	108.208799951591	17
3	227	108.736703923029	18
3	258	125.975262580357	19
3	260	126.194390978351	20
3	267	129.11432039271	21
3	280	135.351286719797	22
3	304	146.126603653133	23
3	310	149.421384052724	24
3	314	150.817979045132	25
3	347	172.176613093344	26
3	375	181.624738966179	27
3	408	201.765083689948	28
3	413	202.348405012686	29
3	425	205.734101535685	30
3	447	213.350421204403	31
3	473	223.453850057499	32
3	487	225.237208949221	33
3	499	230.651345163656	34
3	520	241.64496326104	35
3	528	244.39397835161	36
3	542	248.895357846759	37
3	562	262.008236669296	38
3	569	264.03260484815	39
3	598	278.025636626109	40
3	605	281.45707430239	41
3	629	290.638011069292	42
3	659	310.155285123658	43
3	662	310.465078155816	44
3	664	310.753257333558	45
3	674	311.587757288239	46
3	682	312.92001528345	47
3	686	313.318126432215	48
3	692	313.8201067053	49
3	700	318.658926122818	50
3	731	331.37681834871	51
3	738	336.170127316687	52
3	740	336.422965665237	53
3	758	343.890935182666	54
3	760	344.115887191979	55
3	789	355.813276487925	56
3	810	366.583089313856	57
3	814	367.633899140472	58
3	819	368.92121145919	59
3	903	410.744526474882	60
3	914	416.850484778801	61
3	921	417.901647682817	62
3	927	419.612340676249	63
3	936	424.661377406298	64
3	951	429.817264958104	65
3	953	429.879933300703	66
3	963	434.379086309336	67
3	977	440.262494643732	68
3	985	445.418368191157	69
3	1000	451.571985227324	70
3	1005	452.819191761602	71
3	1009	453.005854370154	72
3	1025	460.507053661715	73
3	1048	472.048616921885	74
3	1058	474.429757262124	75
3	1060	474.623875227857	76
3	1065	476.252232426945	77
3	1077	483.90734953508	78
3	1079	484.145491112468	79
3	1098	493.259254280183	80
3	1128	513.761681582388	81
3	1137	518.843981897897	82
3	1160	535.595773513741	83
3	1166	536.308543671651	84
3	1195	554.136108728915	85
3	1199	555.789651252006	86
3	1202	556.059878608948	87
3	1214	561.030710032475	88
3	1225	566.017212072078	89
3	1283	591.045228694349	90
3	1297	601.021545876223	91
3	1317	609.610024681812	92
3	1325	612.562791092015	93
3	1375	632.815262982658	94
3	1383	635.502415919544	95
3	1394	639.050583090682	96
3	1411	645.598663661936	97
3	1423	655.891004056834	98
3	1425	656.163341427857	99
3	1427	656.274964549425	100
3	1453	669.281993976407	101
3	1485	687.001701173932	102
3	1489	687.550465114948	103
3	1506	695.607301574356	104
3	1508	695.781661009881	105
3	1515	698.697079663762	106
3	1525	704.855809552871	107
3	1542	715.125186170777	108
3	1544	715.353705501358	109
3	1585	737.903694184428	110
3	1589	738.299409638528	111
3	1601	746.020763837462	112
3	1630	754.395290916553	113
3	1634	755.268589935124	114
3	1647	759.423367103743	115
3	1653	760.66587613999	116
3	1656	760.952175810884	117
3	1661	761.416390638839	118
3	1663	761.620359960609	119
3	1666	761.74300818624	120
3	1678	765.100273077712	121
3	1684	767.212610855608	122
3	1695	770.900937744072	123
3	1701	772.730214129177	124
3	1703	772.944074584263	125
3	1732	787.658262493894	126
3	1737	790.996098309885	127
3	1742	792.201955324162	128
3	1768	803.650932898539	129
3	1784	810.007869710837	130
3	1792	811.207390180583	131
3	1800	814.425330635919	132
3	1830	831.04684158103	133
3	1838	835.899208602621	134
3	1858	846.384430317912	135
3	1889	864.545445413076	136
3	1900	871.923229590526	137
3	1929	887.209788539114	138
3	1931	887.42110910706	139
3	1940	888.208017723186	140
3	1945	890.038797058119	141
3	1954	895.308023617949	142
3	1974	906.643564491282	143
3	1982	908.32115790997	144
3	1989	909.735733389026	145
3	1996	912.038366957239	146
3	2003	915.449155075246	147
3	2005	915.748949389403	148
3	2021	924.370409912057	149
3	2023	924.554374056526	150
3	2025	924.780063756565	151
3	2038	932.615727235037	152
3	2040	932.7977430438	153
3	2050	937.514870990267	154
3	2064	943.317766070895	155
3	2066	943.538782353036	156
3	2070	944.850683993871	157
3	2077	946.257051474925	158
3	2107	962.225072670284	159
3	2110	962.628294639626	160
3	2119	968.087391650936	161
3	2124	969.948681864709	162
3	2133	976.201037785656	163
3	2162	992.94799577394	164
4	3	0.433162159131	1
4	17	10.67983505797	2
4	19	10.883992386017	3
4	26	11.386027808893	4
4	68	39.022969060675	5
4	70	39.096609129274	6
4	88	47.772835634943	7
4	94	48.62663408078	8
4	99	49.063062341486	9
4	118	58.549733336135	10
4	151	77.889474623184	11
4	156	80.32410026884	12
4	166	85.544042841628	13
4	216	107.57217416213	14
4	218	107.749728436548	15
4	220	108.076201075918	16
4	222	108.208799951591	17
4	227	108.736703923029	18
4	258	125.975262580357	19
4	260	126.194390978351	20
4	267	129.11432039271	21
4	280	135.351286719797	22
4	304	146.126603653133	23
4	310	149.421384052724	24
4	314	150.817979045132	25
4	347	172.176613093344	26
4	375	181.624738966179	27
4	408	201.765083689948	28
4	413	202.348405012686	29
4	425	205.734101535685	30
4	447	213.350421204403	31
4	473	223.453850057499	32
4	487	225.237208949221	33
4	499	230.651345163656	34
4	520	241.64496326104	35
4	528	244.39397835161	36
4	542	248.895357846759	37
4	562	262.008236669296	38
4	569	264.03260484815	39
4	598	278.025636626109	40
4	605	281.45707430239	41
4	629	290.638011069292	42
4	659	310.155285123658	43
4	662	310.465078155816	44
4	664	310.753257333558	45
4	674	311.587757288239	46
4	682	312.92001528345	47
4	686	313.318126432215	48
4	692	313.8201067053	49
4	700	318.658926122818	50
4	731	331.37681834871	51
4	738	336.170127316687	52
4	740	336.422965665237	53
4	758	343.890935182666	54
4	760	344.115887191979	55
4	789	355.813276487925	56
4	810	366.583089313856	57
4	814	367.633899140472	58
4	819	368.92121145919	59
4	903	410.744526474882	60
4	914	416.850484778801	61
4	921	417.901647682817	62
4	927	419.612340676249	63
4	936	424.661377406298	64
4	951	429.817264958104	65
4	953	429.879933300703	66
4	963	434.379086309336	67
4	977	440.262494643732	68
4	985	445.418368191157	69
4	1000	451.571985227324	70
4	1005	452.819191761602	71
4	1009	453.005854370154	72
4	1025	460.507053661715	73
4	1048	472.048616921885	74
4	1058	474.429757262124	75
4	1060	474.623875227857	76
4	1065	476.252232426945	77
4	1077	483.90734953508	78
4	1079	484.145491112468	79
4	1098	493.259254280183	80
4	1128	513.761681582388	81
4	1137	518.843981897897	82
4	1160	535.595773513741	83
4	1166	536.308543671651	84
4	1195	554.136108728915	85
4	1199	555.789651252006	86
4	1202	556.059878608948	87
4	1214	561.030710032475	88
4	1225	566.017212072078	89
4	1283	591.045228694349	90
4	1297	601.021545876223	91
4	1317	609.610024681812	92
4	1325	612.562791092015	93
4	1375	632.815262982658	94
4	1383	635.502415919544	95
4	1394	639.050583090682	96
4	1411	645.598663661936	97
4	1423	655.891004056834	98
4	1425	656.163341427857	99
4	1427	656.274964549425	100
4	1453	669.281993976407	101
4	1485	687.001701173932	102
4	1489	687.550465114948	103
4	1506	695.607301574356	104
4	1508	695.781661009881	105
4	1515	698.697079663762	106
4	1525	704.855809552871	107
4	1542	715.125186170777	108
4	1544	715.353705501358	109
4	1585	737.903694184428	110
4	1589	738.299409638528	111
4	1601	746.020763837462	112
4	1630	754.395290916553	113
4	1634	755.268589935124	114
4	1647	759.423367103743	115
4	1653	760.66587613999	116
4	1656	760.952175810884	117
4	1661	761.416390638839	118
4	1663	761.620359960609	119
4	1666	761.74300818624	120
4	1678	765.100273077712	121
4	1684	767.212610855608	122
4	1695	770.900937744072	123
4	1701	772.730214129177	124
4	1703	772.944074584263	125
4	1732	787.658262493894	126
4	1737	790.996098309885	127
4	1742	792.201955324162	128
4	1768	803.650932898539	129
4	1784	810.007869710837	130
4	1792	811.207390180583	131
4	1800	814.425330635919	132
4	1830	831.04684158103	133
4	1838	835.899208602621	134
4	1858	846.384430317912	135
4	1889	864.545445413076	136
4	1900	871.923229590526	137
4	1929	887.209788539114	138
4	1931	887.42110910706	139
4	1940	888.208017723186	140
4	1945	890.038797058119	141
4	1954	895.308023617949	142
4	1974	906.643564491282	143
4	1982	908.32115790997	144
4	1989	909.735733389026	145
4	1996	912.038366957239	146
4	2003	915.449155075246	147
4	2005	915.748949389403	148
4	2021	924.370409912057	149
4	2023	924.554374056526	150
4	2025	924.780063756565	151
4	2038	932.615727235037	152
4	2040	932.7977430438	153
4	2050	937.514870990267	154
4	2064	943.317766070895	155
4	2066	943.538782353036	156
4	2070	944.850683993871	157
4	2077	946.257051474925	158
4	2107	962.225072670284	159
4	2110	962.628294639626	160
4	2119	968.087391650936	161
4	2124	969.948681864709	162
4	2133	976.201037785656	163
4	2162	992.94799577394	164
5	9	5.860911171107	1
5	16	10.511534514596	2
5	18	10.836755261772	3
5	21	11.146915122713	4
5	24	11.337589584773	5
5	29	11.586474573422	6
5	30	11.768967748315	7
5	52	29.227835949512	8
5	69	39.060817756813	9
5	85	47.349758609881	10
5	87	47.667881813022	11
5	89	47.978764110485	12
5	91	48.239834704362	13
5	93	48.494825714936	14
5	117	58.501338158248	15
5	143	75.838873134679	16
5	148	77.525774435628	17
5	150	77.810205074031	18
5	161	82.704945058652	19
5	168	85.858850019813	20
5	174	88.463658063518	21
5	176	88.750297480551	22
5	178	88.912232966507	23
5	180	89.240956059057	24
5	213	107.193856670112	25
5	215	107.510677620988	26
5	217	107.636197470977	27
5	219	107.921576927634	28
5	221	108.151874929885	29
5	228	108.826734997613	30
5	230	108.984168628351	31
5	232	109.143951755533	32
5	234	109.518692285727	33
5	251	123.394712280206	34
5	259	126.077615985853	35
5	275	133.999397017009	36
5	291	141.589806111111	37
5	293	141.871148315413	38
5	309	149.352234080249	39
5	319	152.193964051161	40
5	326	156.57593940675	41
5	337	166.438129096062	42
5	346	172.000326798453	43
5	348	172.275435898681	44
5	354	173.793118436721	45
5	362	177.930839628581	46
5	366	178.970312902974	47
5	371	180.265777815002	48
5	394	198.648236066171	49
5	398	200.065194082028	50
5	400	200.17359978563	51
5	405	201.328747867141	52
5	407	201.610083294297	53
5	410	202.062221496864	54
5	412	202.20774422162	55
5	415	202.369902992188	56
5	418	202.52505335496	57
5	434	208.255092494383	58
5	436	208.496950277332	59
5	446	213.154993052335	60
5	448	213.42497386315	61
5	455	216.673622660306	62
5	460	218.552660170019	63
5	470	223.303981499387	64
5	472	223.378152620703	65
5	475	223.564617249092	66
5	477	223.827801279094	67
5	479	224.050202845946	68
5	484	224.975524119391	69
5	486	225.089521148275	70
5	492	226.463145502776	71
5	503	232.745094158335	72
5	505	232.849099710579	73
5	527	244.246337434395	74
5	533	245.501628864754	75
5	537	247.24014735287	76
5	546	250.501438623987	77
5	568	263.868341183056	78
5	570	264.139225551303	79
5	588	276.359025194006	80
5	590	276.576873055773	81
5	592	276.82475258209	82
5	597	277.826081538747	83
5	606	281.532948868223	84
5	608	281.757665805667	85
5	610	281.881246163267	86
5	623	288.690002024986	87
5	628	290.483294332175	88
5	661	310.355180990122	89
5	663	310.655409354687	90
5	666	311.09573954858	91
5	670	311.27170520502	92
5	673	311.514018286379	93
5	675	311.627945721471	94
5	681	312.746192541301	95
5	683	313.024921905561	96
5	685	313.289383852912	97
5	689	313.48464889784	98
5	691	313.773220473869	99
5	702	318.910579671319	100
5	717	327.572890516735	101
5	719	327.890722818282	102
5	721	328.04582776156	103
5	723	328.232164043214	104
5	732	331.585488598215	105
5	739	336.264689124407	106
5	749	342.399602917646	107
5	751	342.483215065973	108
5	753	342.745632034964	109
5	759	344.00713450533	110
5	761	344.191034320086	111
5	763	344.370423015871	112
5	765	344.616234618023	113
5	774	348.246159512007	114
5	788	355.70027934772	115
5	794	357.248528985833	116
5	796	357.56384617236	117
5	809	366.444015083178	118
5	815	367.716713240314	119
5	828	374.550408453224	120
5	844	381.681836035786	121
5	856	386.003835848226	122
5	862	388.948824751972	123
5	864	389.181047730456	124
5	873	393.049465201622	125
5	886	402.261861211106	126
5	888	402.516885334354	127
5	913	416.738093082652	128
5	920	417.755361221373	129
5	926	419.437272033344	130
5	941	425.69165951124	131
5	950	429.610495121827	132
5	952	429.837396352664	133
5	972	439.009696714616	134
5	976	440.219900424744	135
5	984	445.212303791632	136
5	987	445.749280981989	137
5	989	445.992170025593	138
5	1001	451.618536924248	139
5	1006	452.90882295016	140
5	1008	452.956905119116	141
5	1020	459.233946768697	142
5	1024	460.339851614868	143
5	1031	461.733795580921	144
5	1047	471.903559065403	145
5	1053	473.275397124369	146
5	1057	474.389736485505	147
5	1059	474.504316277006	148
5	1066	476.451598594563	149
5	1078	484.059968360981	150
5	1080	484.292261630313	151
5	1086	487.044860043894	152
5	1090	488.901410681595	153
5	1099	493.336904320706	154
5	1114	508.470405844327	155
5	1116	508.638944009953	156
5	1143	524.399562424668	157
5	1147	525.790815236575	158
5	1159	535.474789600347	159
5	1162	535.888739902286	160
5	1164	536.1017214466	161
5	1173	541.015615731153	162
5	1177	542.619333683899	163
5	1194	553.929419690764	164
5	1201	556.013575608302	165
5	1204	556.176838515837	166
5	1210	559.444339133878	167
5	1218	562.874274736016	168
5	1224	565.927644178155	169
5	1230	567.800362985376	170
5	1235	568.71572737337	171
5	1256	581.551085500522	172
5	1258	581.693659899216	173
5	1260	581.983476806085	174
5	1267	585.544539074479	175
5	1269	585.875449173749	176
5	1271	586.175593613857	177
5	1282	590.842729439856	178
5	1292	599.115976669118	179
5	1296	600.983472423989	180
5	1298	601.120763326553	181
5	1300	601.301619466329	182
5	1302	601.605558051963	183
5	1318	609.816780712836	184
5	1326	612.624359920766	185
5	1332	613.927645574449	186
5	1343	620.776432567918	187
5	1353	625.961413454755	188
5	1355	626.12898279743	189
5	1363	630.543822397449	190
5	1365	630.710938996758	191
5	1367	631.001720679658	192
5	1369	631.226199115032	193
5	1376	632.884010802495	194
5	1378	633.118089673439	195
5	1388	636.737214434086	196
5	1393	638.847725572602	197
5	1396	639.235287007354	198
5	1405	643.636251915022	199
5	1410	645.576133599796	200
5	1412	645.73773199704	201
5	1424	655.968327355873	202
5	1426	656.243279807451	203
5	1429	656.583732046247	204
5	1438	661.655956991504	205
5	1440	661.872449582727	206
5	1452	669.173891985656	207
5	1454	669.338890876129	208
5	1476	680.877890267091	209
5	1486	687.076133579901	210
5	1488	687.353871064412	211
5	1498	691.091294525557	212
5	1507	695.638773675337	213
5	1510	695.881359525853	214
5	1527	705.080562890434	215
5	1543	715.216547997356	216
5	1559	726.090183968414	217
5	1563	728.016985644098	218
5	1579	736.889827687087	219
5	1584	737.786556376625	220
5	1586	737.935734295022	221
5	1588	738.159877670963	222
5	1590	738.374048960718	223
5	1603	746.199019008106	224
5	1605	746.337616316468	225
5	1610	747.176031445536	226
5	1618	750.384214703201	227
5	1627	753.877931304572	228
5	1629	754.239099864958	229
5	1646	759.388777717417	230
5	1652	760.496184745371	231
5	1655	760.904189319429	232
5	1658	761.0308564963	233
5	1660	761.266434513164	234
5	1662	761.557652268229	235
5	1665	761.644723546354	236
5	1669	761.93041084216	237
5	1675	764.798230618234	238
5	1677	765.057390952164	239
5	1688	768.527368973265	240
5	1696	771.104743858066	241
5	1702	772.859540889797	242
5	1713	777.67472633898	243
5	1718	779.369695681004	244
5	1723	780.773046535696	245
5	1747	795.202268987042	246
5	1749	795.47886150983	247
5	1757	800.602504951439	248
5	1761	801.703766460646	249
5	1763	802.015778663137	250
5	1767	803.459635962349	251
5	1769	803.748160780947	252
5	1771	804.018918785536	253
5	1776	804.83640326318	254
5	1783	809.825823936552	255
5	1785	810.145829607449	256
5	1791	811.097183175039	257
5	1801	814.489895116796	258
5	1806	815.914370654306	259
5	1811	817.287104913192	260
5	1839	835.941157824206	261
5	1850	843.406352102434	262
5	1854	844.579630209684	263
5	1888	864.45726171296	264
5	1905	873.656558780364	265
5	1911	877.299507778781	266
5	1918	882.071051519294	267
5	1928	887.094642683917	268
5	1930	887.380631132105	269
5	1932	887.582090874112	270
5	1934	887.849480124473	271
5	1936	887.920716961565	272
5	1939	888.153663630565	273
5	1946	890.210444875649	274
5	1968	905.278301174963	275
5	1970	905.689383259006	276
5	1975	906.778737145591	277
5	1977	907.010620960168	278
5	1988	909.660029862186	279
5	2004	915.549809894749	280
5	2020	924.18439697392	281
5	2022	924.407943034284	282
5	2024	924.73818564666	283
5	2037	932.441146716466	284
5	2039	932.638797410287	285
5	2044	934.025583677457	286
5	2058	941.622163076692	287
5	2060	941.880883671362	288
5	2065	943.402089102506	289
5	2076	946.121312819489	290
5	2078	946.458109465724	291
5	2088	952.268849798252	292
5	2097	958.566294606167	293
5	2102	959.867001724998	294
5	2109	962.455621034411	295
5	2111	962.67718462689	296
5	2120	968.173807628863	297
5	2134	976.401937880298	298
5	2141	980.5554387489	299
5	2159	992.634219631389	300
5	2161	992.789417427601	301
5	2163	992.985706143407	302
5	2165	993.228720897278	303
6	9	5.860911171107	1
6	16	10.511534514596	2
6	18	10.836755261772	3
6	21	11.146915122713	4
6	24	11.337589584773	5
6	29	11.586474573422	6
6	30	11.768967748315	7
6	52	29.227835949512	8
6	69	39.060817756813	9
6	85	47.349758609881	10
6	87	47.667881813022	11
6	89	47.978764110485	12
6	91	48.239834704362	13
6	93	48.494825714936	14
6	117	58.501338158248	15
6	143	75.838873134679	16
6	148	77.525774435628	17
6	150	77.810205074031	18
6	161	82.704945058652	19
6	168	85.858850019813	20
6	174	88.463658063518	21
6	176	88.750297480551	22
6	178	88.912232966507	23
6	180	89.240956059057	24
6	213	107.193856670112	25
6	215	107.510677620988	26
6	217	107.636197470977	27
6	219	107.921576927634	28
6	221	108.151874929885	29
6	228	108.826734997613	30
6	230	108.984168628351	31
6	232	109.143951755533	32
6	234	109.518692285727	33
6	251	123.394712280206	34
6	259	126.077615985853	35
6	275	133.999397017009	36
6	291	141.589806111111	37
6	293	141.871148315413	38
6	309	149.352234080249	39
6	319	152.193964051161	40
6	326	156.57593940675	41
6	337	166.438129096062	42
6	346	172.000326798453	43
6	348	172.275435898681	44
6	354	173.793118436721	45
6	362	177.930839628581	46
6	366	178.970312902974	47
6	371	180.265777815002	48
6	394	198.648236066171	49
6	398	200.065194082028	50
6	400	200.17359978563	51
6	405	201.328747867141	52
6	407	201.610083294297	53
6	410	202.062221496864	54
6	412	202.20774422162	55
6	415	202.369902992188	56
6	418	202.52505335496	57
6	434	208.255092494383	58
6	436	208.496950277332	59
6	446	213.154993052335	60
6	448	213.42497386315	61
6	455	216.673622660306	62
6	460	218.552660170019	63
6	470	223.303981499387	64
6	472	223.378152620703	65
6	475	223.564617249092	66
6	477	223.827801279094	67
6	479	224.050202845946	68
6	484	224.975524119391	69
6	486	225.089521148275	70
6	492	226.463145502776	71
6	503	232.745094158335	72
6	505	232.849099710579	73
6	527	244.246337434395	74
6	533	245.501628864754	75
6	537	247.24014735287	76
6	546	250.501438623987	77
6	568	263.868341183056	78
6	570	264.139225551303	79
6	588	276.359025194006	80
6	590	276.576873055773	81
6	592	276.82475258209	82
6	597	277.826081538747	83
6	606	281.532948868223	84
6	608	281.757665805667	85
6	610	281.881246163267	86
6	623	288.690002024986	87
6	628	290.483294332175	88
6	661	310.355180990122	89
6	663	310.655409354687	90
6	666	311.09573954858	91
6	670	311.27170520502	92
6	673	311.514018286379	93
6	675	311.627945721471	94
6	681	312.746192541301	95
6	683	313.024921905561	96
6	685	313.289383852912	97
6	689	313.48464889784	98
6	691	313.773220473869	99
6	702	318.910579671319	100
6	717	327.572890516735	101
6	719	327.890722818282	102
6	721	328.04582776156	103
6	723	328.232164043214	104
6	732	331.585488598215	105
6	739	336.264689124407	106
6	749	342.399602917646	107
6	751	342.483215065973	108
6	753	342.745632034964	109
6	759	344.00713450533	110
6	761	344.191034320086	111
6	763	344.370423015871	112
6	765	344.616234618023	113
6	774	348.246159512007	114
6	788	355.70027934772	115
6	794	357.248528985833	116
6	796	357.56384617236	117
6	809	366.444015083178	118
6	815	367.716713240314	119
6	828	374.550408453224	120
6	844	381.681836035786	121
6	856	386.003835848226	122
6	862	388.948824751972	123
6	864	389.181047730456	124
6	873	393.049465201622	125
6	886	402.261861211106	126
6	888	402.516885334354	127
6	913	416.738093082652	128
6	920	417.755361221373	129
6	926	419.437272033344	130
6	941	425.69165951124	131
6	950	429.610495121827	132
6	952	429.837396352664	133
6	972	439.009696714616	134
6	976	440.219900424744	135
6	984	445.212303791632	136
6	987	445.749280981989	137
6	989	445.992170025593	138
6	1001	451.618536924248	139
6	1006	452.90882295016	140
6	1008	452.956905119116	141
6	1020	459.233946768697	142
6	1024	460.339851614868	143
6	1031	461.733795580921	144
6	1047	471.903559065403	145
6	1053	473.275397124369	146
6	1057	474.389736485505	147
6	1059	474.504316277006	148
6	1066	476.451598594563	149
6	1078	484.059968360981	150
6	1080	484.292261630313	151
6	1086	487.044860043894	152
6	1090	488.901410681595	153
6	1099	493.336904320706	154
6	1114	508.470405844327	155
6	1116	508.638944009953	156
6	1143	524.399562424668	157
6	1147	525.790815236575	158
6	1159	535.474789600347	159
6	1162	535.888739902286	160
6	1164	536.1017214466	161
6	1173	541.015615731153	162
6	1177	542.619333683899	163
6	1194	553.929419690764	164
6	1201	556.013575608302	165
6	1204	556.176838515837	166
6	1210	559.444339133878	167
6	1218	562.874274736016	168
6	1224	565.927644178155	169
6	1230	567.800362985376	170
6	1235	568.71572737337	171
6	1256	581.551085500522	172
6	1258	581.693659899216	173
6	1260	581.983476806085	174
6	1267	585.544539074479	175
6	1269	585.875449173749	176
6	1271	586.175593613857	177
6	1282	590.842729439856	178
6	1292	599.115976669118	179
6	1296	600.983472423989	180
6	1298	601.120763326553	181
6	1300	601.301619466329	182
6	1302	601.605558051963	183
6	1318	609.816780712836	184
6	1326	612.624359920766	185
6	1332	613.927645574449	186
6	1343	620.776432567918	187
6	1353	625.961413454755	188
6	1355	626.12898279743	189
6	1363	630.543822397449	190
6	1365	630.710938996758	191
6	1367	631.001720679658	192
6	1369	631.226199115032	193
6	1376	632.884010802495	194
6	1378	633.118089673439	195
6	1388	636.737214434086	196
6	1393	638.847725572602	197
6	1396	639.235287007354	198
6	1405	643.636251915022	199
6	1410	645.576133599796	200
6	1412	645.73773199704	201
6	1424	655.968327355873	202
6	1426	656.243279807451	203
6	1429	656.583732046247	204
6	1438	661.655956991504	205
6	1440	661.872449582727	206
6	1452	669.173891985656	207
6	1454	669.338890876129	208
6	1476	680.877890267091	209
6	1486	687.076133579901	210
6	1488	687.353871064412	211
6	1498	691.091294525557	212
6	1507	695.638773675337	213
6	1510	695.881359525853	214
6	1527	705.080562890434	215
6	1543	715.216547997356	216
6	1559	726.090183968414	217
6	1563	728.016985644098	218
6	1579	736.889827687087	219
6	1584	737.786556376625	220
6	1586	737.935734295022	221
6	1588	738.159877670963	222
6	1590	738.374048960718	223
6	1603	746.199019008106	224
6	1605	746.337616316468	225
6	1610	747.176031445536	226
6	1618	750.384214703201	227
6	1627	753.877931304572	228
6	1629	754.239099864958	229
6	1646	759.388777717417	230
6	1652	760.496184745371	231
6	1655	760.904189319429	232
6	1658	761.0308564963	233
6	1660	761.266434513164	234
6	1662	761.557652268229	235
6	1665	761.644723546354	236
6	1669	761.93041084216	237
6	1675	764.798230618234	238
6	1677	765.057390952164	239
6	1688	768.527368973265	240
6	1696	771.104743858066	241
6	1702	772.859540889797	242
6	1713	777.67472633898	243
6	1718	779.369695681004	244
6	1723	780.773046535696	245
6	1747	795.202268987042	246
6	1749	795.47886150983	247
6	1757	800.602504951439	248
6	1761	801.703766460646	249
6	1763	802.015778663137	250
6	1767	803.459635962349	251
6	1769	803.748160780947	252
6	1771	804.018918785536	253
6	1776	804.83640326318	254
6	1783	809.825823936552	255
6	1785	810.145829607449	256
6	1791	811.097183175039	257
6	1801	814.489895116796	258
6	1806	815.914370654306	259
6	1811	817.287104913192	260
6	1839	835.941157824206	261
6	1850	843.406352102434	262
6	1854	844.579630209684	263
6	1888	864.45726171296	264
6	1905	873.656558780364	265
6	1911	877.299507778781	266
6	1918	882.071051519294	267
6	1928	887.094642683917	268
6	1930	887.380631132105	269
6	1932	887.582090874112	270
6	1934	887.849480124473	271
6	1936	887.920716961565	272
6	1939	888.153663630565	273
6	1946	890.210444875649	274
6	1968	905.278301174963	275
6	1970	905.689383259006	276
6	1975	906.778737145591	277
6	1977	907.010620960168	278
6	1988	909.660029862186	279
6	2004	915.549809894749	280
6	2020	924.18439697392	281
6	2022	924.407943034284	282
6	2024	924.73818564666	283
6	2037	932.441146716466	284
6	2039	932.638797410287	285
6	2044	934.025583677457	286
6	2058	941.622163076692	287
6	2060	941.880883671362	288
6	2065	943.402089102506	289
6	2076	946.121312819489	290
6	2078	946.458109465724	291
6	2088	952.268849798252	292
6	2097	958.566294606167	293
6	2102	959.867001724998	294
6	2109	962.455621034411	295
6	2111	962.67718462689	296
6	2120	968.173807628863	297
6	2134	976.401937880298	298
6	2141	980.5554387489	299
6	2159	992.634219631389	300
6	2161	992.789417427601	301
6	2163	992.985706143407	302
6	2165	993.228720897278	303
7	15	10.339361471621	1
7	27	11.498168072031	2
7	84	47.254499937017	3
7	90	48.144498613982	4
7	92	48.307295996621	5
7	116	58.345632311556	6
7	147	77.454994554167	7
7	149	77.647544667112	8
7	173	88.285758856564	9
7	175	88.649461688452	10
7	179	89.082093456574	11
7	191	96.253346426278	12
7	199	100.499006998328	13
7	204	103.651764614646	14
7	212	107.161705169611	15
7	214	107.324141624927	16
7	229	108.928097524728	17
7	233	109.348806458669	18
7	292	141.740910864941	19
7	297	142.940520394417	20
7	318	152.155253230514	21
7	325	156.543005332271	22
7	353	173.585875064947	23
7	361	177.899751921672	24
7	370	180.105483650844	25
7	399	200.090233366756	26
7	411	202.13403128871	27
7	417	202.500433847264	28
7	429	206.849072558093	29
7	433	208.084832863344	30
7	435	208.378159325556	31
7	441	211.277119307725	32
7	445	213.031988455683	33
7	456	216.73885092922	34
7	469	223.215165578459	35
7	471	223.324967527179	36
7	510	235.585476728952	37
7	558	261.11847736008	38
7	567	263.81172476838	39
7	587	276.186513687851	40
7	591	276.73408801937	41
7	596	277.697431248219	42
7	607	281.589813202759	43
7	624	288.752650742996	44
7	641	297.368547161624	45
7	668	311.116718611702	46
7	671	311.315966047466	47
7	676	311.83095320767	48
7	680	312.591502005981	49
7	684	313.095539407627	50
7	690	313.570109685763	51
7	716	327.408991330023	52
7	718	327.772430862329	53
7	722	328.204838167208	54
7	748	342.264828183876	55
7	750	342.442030814897	56
7	752	342.665496893765	57
7	762	344.212874150456	58
7	764	344.502685950112	59
7	773	348.047861227325	60
7	787	355.676298835327	61
7	808	366.397069800801	62
7	840	380.536732079438	63
7	845	381.865449407386	64
7	855	385.961450098428	65
7	863	389.077779100466	66
7	885	402.193075326348	67
7	887	402.420287370489	68
7	889	402.557436784041	69
7	919	417.682318590918	70
7	925	419.280665625359	71
7	931	420.951877114321	72
7	971	438.94335499365	73
7	988	445.850980369415	74
7	996	450.423436919521	75
7	1007	452.933529070646	76
7	1030	461.531241201014	77
7	1046	471.851463103923	78
7	1052	473.145655007006	79
7	1115	508.598674345152	80
7	1120	510.311999870658	81
7	1124	512.237458094997	82
7	1158	535.328027523964	83
7	1172	540.811057370819	84
7	1193	553.734019476164	85
7	1219	562.998179690644	86
7	1229	567.660983358051	87
7	1236	568.742238111008	88
7	1257	581.598966640488	89
7	1266	585.481635393859	90
7	1268	585.7524658769	91
7	1270	586.04327655464	92
7	1301	601.439053356345	93
7	1331	613.729379258849	94
7	1352	625.841621025614	95
7	1354	626.093697579887	96
7	1366	630.79959953353	97
7	1368	631.154262855215	98
7	1377	633.022168457125	99
7	1404	643.574753372517	100
7	1439	661.730065134722	101
7	1451	668.988573025791	102
7	1487	687.274071837897	103
7	1497	690.966227502218	104
7	1569	732.393226388151	105
7	1574	735.441719296526	106
7	1578	736.682952158159	107
7	1583	737.74864163824	108
7	1587	738.094517291588	109
7	1604	746.223142351554	110
7	1611	747.221953596134	111
7	1626	753.81217239776	112
7	1642	757.711553640759	113
7	1651	760.406645119903	114
7	1676	764.958608564537	115
7	1717	779.1755634559	116
7	1748	795.325402215205	117
7	1772	804.087841564279	118
7	1790	810.986216374015	119
7	1805	815.864022143121	120
7	1810	817.107841775257	121
7	1849	843.282549607247	122
7	1887	864.259038862171	123
7	1904	873.532829172917	124
7	1976	906.915667592954	125
7	1987	909.476919124793	126
7	2031	928.173022301746	127
7	2057	941.589095285787	128
7	2059	941.81898761221	129
7	2075	946.027431200978	130
7	2096	958.52252869161	131
7	2101	959.705772389556	132
7	2140	980.433290311507	133
7	2142	980.690015995122	134
7	2155	990.811794752059	135
7	2164	993.044055388132	136
7	2171	996.412141458606	137
8	15	10.339361471621	1
8	27	11.498168072031	2
8	84	47.254499937017	3
8	90	48.144498613982	4
8	92	48.307295996621	5
8	116	58.345632311556	6
8	147	77.454994554167	7
8	149	77.647544667112	8
8	173	88.285758856564	9
8	175	88.649461688452	10
8	179	89.082093456574	11
8	191	96.253346426278	12
8	199	100.499006998328	13
8	204	103.651764614646	14
8	212	107.161705169611	15
8	214	107.324141624927	16
8	229	108.928097524728	17
8	233	109.348806458669	18
8	292	141.740910864941	19
8	297	142.940520394417	20
8	318	152.155253230514	21
8	325	156.543005332271	22
8	353	173.585875064947	23
8	361	177.899751921672	24
8	370	180.105483650844	25
8	399	200.090233366756	26
8	411	202.13403128871	27
8	417	202.500433847264	28
8	429	206.849072558093	29
8	433	208.084832863344	30
8	435	208.378159325556	31
8	441	211.277119307725	32
8	445	213.031988455683	33
8	456	216.73885092922	34
8	469	223.215165578459	35
8	471	223.324967527179	36
8	510	235.585476728952	37
8	558	261.11847736008	38
8	567	263.81172476838	39
8	587	276.186513687851	40
8	591	276.73408801937	41
8	596	277.697431248219	42
8	607	281.589813202759	43
8	624	288.752650742996	44
8	641	297.368547161624	45
8	668	311.116718611702	46
8	671	311.315966047466	47
8	676	311.83095320767	48
8	680	312.591502005981	49
8	684	313.095539407627	50
8	690	313.570109685763	51
8	716	327.408991330023	52
8	718	327.772430862329	53
8	722	328.204838167208	54
8	748	342.264828183876	55
8	750	342.442030814897	56
8	752	342.665496893765	57
8	762	344.212874150456	58
8	764	344.502685950112	59
8	773	348.047861227325	60
8	787	355.676298835327	61
8	808	366.397069800801	62
8	840	380.536732079438	63
8	845	381.865449407386	64
8	855	385.961450098428	65
8	863	389.077779100466	66
8	885	402.193075326348	67
8	887	402.420287370489	68
8	889	402.557436784041	69
8	919	417.682318590918	70
8	925	419.280665625359	71
8	931	420.951877114321	72
8	971	438.94335499365	73
8	988	445.850980369415	74
8	996	450.423436919521	75
8	1007	452.933529070646	76
8	1030	461.531241201014	77
8	1046	471.851463103923	78
8	1052	473.145655007006	79
8	1115	508.598674345152	80
8	1120	510.311999870658	81
8	1124	512.237458094997	82
8	1158	535.328027523964	83
8	1172	540.811057370819	84
8	1193	553.734019476164	85
8	1219	562.998179690644	86
8	1229	567.660983358051	87
8	1236	568.742238111008	88
8	1257	581.598966640488	89
8	1266	585.481635393859	90
8	1268	585.7524658769	91
8	1270	586.04327655464	92
8	1301	601.439053356345	93
8	1331	613.729379258849	94
8	1352	625.841621025614	95
8	1354	626.093697579887	96
8	1366	630.79959953353	97
8	1368	631.154262855215	98
8	1377	633.022168457125	99
8	1404	643.574753372517	100
8	1439	661.730065134722	101
8	1451	668.988573025791	102
8	1487	687.274071837897	103
8	1497	690.966227502218	104
8	1569	732.393226388151	105
8	1574	735.441719296526	106
8	1578	736.682952158159	107
8	1583	737.74864163824	108
8	1587	738.094517291588	109
8	1604	746.223142351554	110
8	1611	747.221953596134	111
8	1626	753.81217239776	112
8	1642	757.711553640759	113
8	1651	760.406645119903	114
8	1676	764.958608564537	115
8	1717	779.1755634559	116
8	1748	795.325402215205	117
8	1772	804.087841564279	118
8	1790	810.986216374015	119
8	1805	815.864022143121	120
8	1810	817.107841775257	121
8	1849	843.282549607247	122
8	1887	864.259038862171	123
8	1904	873.532829172917	124
8	1976	906.915667592954	125
8	1987	909.476919124793	126
8	2031	928.173022301746	127
8	2057	941.589095285787	128
8	2059	941.81898761221	129
8	2075	946.027431200978	130
8	2096	958.52252869161	131
8	2101	959.705772389556	132
8	2140	980.433290311507	133
8	2142	980.690015995122	134
8	2155	990.811794752059	135
8	2164	993.044055388132	136
8	2171	996.412141458606	137
9	20	11.0481293539	1
9	23	11.314019523149	2
9	28	11.577521518455	3
9	86	47.478486471165	4
9	95	48.741885713564	5
9	167	85.752207241367	6
9	177	88.805568309759	7
9	223	108.23131495438	8
9	231	109.04678886291	9
9	235	109.685761279626	10
9	261	126.225192112204	11
9	276	134.142055362827	12
9	349	172.479527475494	13
9	355	173.945575342682	14
9	401	200.377352799241	15
9	406	201.489366397346	16
9	409	201.913735425963	17
9	419	202.565104170253	18
9	461	218.619665933036	19
9	474	223.485859504381	20
9	476	223.638577245152	21
9	478	223.917707519276	22
9	480	224.254596648173	23
9	485	225.002661478571	24
9	488	225.442691824833	25
9	504	232.793177805913	26
9	529	244.515993721943	27
9	538	247.389749954112	28
9	563	262.170930782471	29
9	589	276.457928383359	30
9	599	278.122454866901	31
9	609	281.804089617594	32
9	611	282.056672491261	33
9	630	290.74457099565	34
9	660	310.208145879979	35
9	665	310.906818158586	36
9	687	313.393209987431	37
9	693	313.909055424808	38
9	701	318.758097556081	39
9	720	327.92044520085	40
9	754	342.858960233026	41
9	766	344.794691131027	42
9	775	348.377873265403	43
9	790	355.982258214267	44
9	795	357.416401457363	45
9	915	417.010991255088	46
9	937	424.796070796091	47
9	964	434.415387283992	48
9	978	440.455153996952	49
9	986	445.56061782316	50
9	1026	460.62819552966	51
9	1061	474.784405403009	52
9	1161	535.801514286655	53
9	1163	536.033733707135	54
9	1200	555.898872998965	55
9	1203	556.100171814287	56
9	1205	556.343405603772	57
9	1231	567.966457678398	58
9	1259	581.78695423719	59
9	1299	601.263977736533	60
9	1303	601.780329225992	61
9	1319	610.007714536929	62
9	1327	612.805800997155	63
9	1333	614.003539941883	64
9	1344	620.798210697055	65
9	1356	626.271648445408	66
9	1364	630.661598166408	67
9	1384	635.684957834322	68
9	1389	636.798877516428	69
9	1395	639.212840328023	70
9	1406	643.843033268661	71
9	1428	656.467692173328	72
9	1441	662.039387036036	73
9	1455	669.458227490649	74
9	1509	695.832110394183	75
9	1516	698.810914106456	76
9	1526	704.904591893366	77
9	1528	705.158506084875	78
9	1602	746.071068181162	79
9	1606	746.413019685304	80
9	1619	750.557964963536	81
9	1628	754.060606376345	82
9	1635	755.366904355027	83
9	1654	760.842906949644	84
9	1657	761.010821020663	85
9	1659	761.153368452158	86
9	1670	762.136318174855	87
9	1697	771.137593849716	88
9	1704	773.080081600618	89
9	1719	779.57248010002	90
9	1738	791.104313411395	91
9	1762	801.904330339522	92
9	1770	803.869702866347	93
9	1786	810.300040058836	94
9	1793	811.248819950245	95
9	1859	846.57290012972	96
9	1919	882.121639212395	97
9	1933	887.715169761405	98
9	1935	887.877701552413	99
9	1937	888.068062359952	100
9	1941	888.389769176692	101
9	1969	905.487048166339	102
9	1978	907.052497151213	103
9	1983	908.356722235082	104
9	1997	912.084915685583	105
9	2006	915.860255350795	106
9	2045	934.14808904272	107
9	2071	944.902249904488	108
9	2108	962.344029282619	109
9	2125	970.127525205264	110
9	2160	992.743249706879	111
10	20	11.0481293539	1
10	23	11.314019523149	2
10	28	11.577521518455	3
10	86	47.478486471165	4
10	95	48.741885713564	5
10	167	85.752207241367	6
10	177	88.805568309759	7
10	223	108.23131495438	8
10	231	109.04678886291	9
10	235	109.685761279626	10
10	261	126.225192112204	11
10	276	134.142055362827	12
10	349	172.479527475494	13
10	355	173.945575342682	14
10	401	200.377352799241	15
10	406	201.489366397346	16
10	409	201.913735425963	17
10	419	202.565104170253	18
10	461	218.619665933036	19
10	474	223.485859504381	20
10	476	223.638577245152	21
10	478	223.917707519276	22
10	480	224.254596648173	23
10	485	225.002661478571	24
10	488	225.442691824833	25
10	504	232.793177805913	26
10	529	244.515993721943	27
10	538	247.389749954112	28
10	563	262.170930782471	29
10	589	276.457928383359	30
10	599	278.122454866901	31
10	609	281.804089617594	32
10	611	282.056672491261	33
10	630	290.74457099565	34
10	660	310.208145879979	35
10	665	310.906818158586	36
10	687	313.393209987431	37
10	693	313.909055424808	38
10	701	318.758097556081	39
10	720	327.92044520085	40
10	754	342.858960233026	41
10	766	344.794691131027	42
10	775	348.377873265403	43
10	790	355.982258214267	44
10	795	357.416401457363	45
10	915	417.010991255088	46
10	937	424.796070796091	47
10	964	434.415387283992	48
10	978	440.455153996952	49
10	986	445.56061782316	50
10	1026	460.62819552966	51
10	1061	474.784405403009	52
10	1161	535.801514286655	53
10	1163	536.033733707135	54
10	1200	555.898872998965	55
10	1203	556.100171814287	56
10	1205	556.343405603772	57
10	1231	567.966457678398	58
10	1259	581.78695423719	59
10	1299	601.263977736533	60
10	1303	601.780329225992	61
10	1319	610.007714536929	62
10	1327	612.805800997155	63
10	1333	614.003539941883	64
10	1344	620.798210697055	65
10	1356	626.271648445408	66
10	1364	630.661598166408	67
10	1384	635.684957834322	68
10	1389	636.798877516428	69
10	1395	639.212840328023	70
10	1406	643.843033268661	71
10	1428	656.467692173328	72
10	1441	662.039387036036	73
10	1455	669.458227490649	74
10	1509	695.832110394183	75
10	1516	698.810914106456	76
10	1526	704.904591893366	77
10	1528	705.158506084875	78
10	1602	746.071068181162	79
10	1606	746.413019685304	80
10	1619	750.557964963536	81
10	1628	754.060606376345	82
10	1635	755.366904355027	83
10	1654	760.842906949644	84
10	1657	761.010821020663	85
10	1659	761.153368452158	86
10	1670	762.136318174855	87
10	1697	771.137593849716	88
10	1704	773.080081600618	89
10	1719	779.57248010002	90
10	1738	791.104313411395	91
10	1762	801.904330339522	92
10	1770	803.869702866347	93
10	1786	810.300040058836	94
10	1793	811.248819950245	95
10	1859	846.57290012972	96
10	1919	882.121639212395	97
10	1933	887.715169761405	98
10	1935	887.877701552413	99
10	1937	888.068062359952	100
10	1941	888.389769176692	101
10	1969	905.487048166339	102
10	1978	907.052497151213	103
10	1983	908.356722235082	104
10	1997	912.084915685583	105
10	2006	915.860255350795	106
10	2045	934.14808904272	107
10	2071	944.902249904488	108
10	2108	962.344029282619	109
10	2125	970.127525205264	110
10	2160	992.743249706879	111
11	96	48.805686987959	1
11	262	126.284445087286	2
11	277	134.310948476697	3
11	350	172.675271189574	4
11	402	200.406603954466	5
11	420	202.638127079532	6
11	489	225.644509089239	7
11	530	244.694323725879	8
11	631	290.93510412014	9
11	694	314.021473410565	10
11	767	344.893313324519	11
11	776	348.510520516301	12
11	791	356.145373837136	13
11	916	417.163484002178	14
11	1206	556.429651990743	15
11	1232	568.060422222078	16
11	1304	601.976274262066	17
11	1328	612.873263558598	18
11	1345	620.855450840429	19
11	1385	635.808302918522	20
11	1620	750.634073353643	21
11	1636	755.454426520316	22
11	1671	762.203490721805	23
11	1705	773.173388914297	24
11	1739	791.313344774022	25
11	1794	811.4346100918	26
11	1920	882.166072098829	27
11	1942	888.493957831997	28
11	1979	907.210416939886	29
11	1984	908.564124756226	30
11	2046	934.186929566804	31
12	96	48.805686987959	2.839702432925
12	262	126.284445087286	1.712506734553
12	277	134.310948476697	2.344178133374
12	350	172.675271189574	2.669183196926
12	402	200.406603954466	1.955134451281
12	420	202.638127079532	2.779924234599
12	489	225.644509089239	2.630749508257
12	530	244.694323725879	2.068282733478
12	631	290.93510412014	2.475630949959
12	694	314.021473410565	2.918620092979
12	767	344.893313324519	2.807084791033
12	776	348.510520516301	1.68930883709
12	791	356.145373837136	2.634218169351
12	916	417.163484002178	2.105914031963
12	1206	556.429651990743	2.910889763288
12	1232	568.060422222078	2.4115951174069
12	1304	601.976274262066	3.084000783314
12	1328	612.873263558598	2.274490967077
12	1345	620.855450840429	1.697486342781
12	1385	635.808302918522	1.6202217184441
12	1620	750.634073353643	2.219179714292
12	1636	755.454426520316	1.772942904351
12	1671	762.203490721805	3.063030769551
12	1705	773.173388914297	2.463508574074
12	1739	791.313344774022	2.630339300136
12	1794	811.4346100918	1.838622868403
12	1920	882.166072098829	2.17375780384
12	1942	888.493957831997	3.028521259944
12	1979	907.210416939886	2.2053059237079
12	1984	908.564124756226	2.086723354534
12	2046	934.186929566804	2.005606117365

