version 3
run General-3-20231019-19:59:30-65822
attr configname General
attr datetime 20231019-19:59:30
attr datetimef 20231019-195930
attr experiment General
attr inifile omnetpp.ini
attr iterationvars ""
attr iterationvarsd ""
attr iterationvarsf ""
attr measurement ""
attr network Multihop
attr processid 65822
attr repetition 3
attr replication #3
attr resultdir results
attr runnumber 3
attr seedset 3
config network Multihop
config Multihop.node[*].transmissionTime "uniform(1s, 2s)"
config Multihop.node[*].delayTime "uniform(0.01s, 0.2s)"
config Multihop.node[*].lossProbability 0.3
config record-eventlog true
config sim-time-limit 1000s
config repeat 5

vector 0 Multihop.node[0] txVector ETV
vector 1 Multihop.node[1] rxVector ETV
vector 2 Multihop.node[1] txVector ETV
vector 3 Multihop.node[4] rxVector ETV
vector 4 Multihop.node[4] txVector ETV
vector 5 Multihop.node[5] rxVector ETV
vector 6 Multihop.node[5] txVector ETV
vector 7 Multihop.node[6] rxVector ETV
vector 8 Multihop.node[6] e2eVector ETV
vector 9 Multihop.node[2] rxVector ETV
vector 10 Multihop.node[2] txVector ETV
vector 11 Multihop.node[3] rxVector ETV
vector 12 Multihop.node[3] txVector ETV
0	0	0	1
0	1	0.114651601831	2
0	3	1.185376482154	3
0	6	2.306705061416	4
0	7	3.347335798968	5
0	8	4.5952241007	6
0	10	5.688775596278	7
0	15	6.834145743702	8
0	18	8.392999828862	9
0	23	9.699360455921	10
0	26	11.592425562278	11
0	32	13.264809240889	12
0	35	14.489863743609	13
0	36	16.099487407668	14
0	40	17.30284193654	15
0	42	18.676966664683	16
0	43	20.437545155011	17
0	45	21.501314956764	18
0	54	23.193948703887	19
0	57	24.255477632698	20
0	63	25.2767033729	21
0	64	26.452765488135	22
0	65	28.443066676682	23
0	66	30.135717293084	24
0	68	31.887857323116	25
0	72	32.973858038498	26
0	79	34.398587989224	27
0	82	35.764528574025	28
0	83	37.490198198542	29
0	89	39.27513489786	30
0	92	40.760229121264	31
0	93	42.102648708107	32
0	97	43.712294422858	33
0	98	44.969500800897	34
0	103	46.246142347646	35
0	106	47.681662899745	36
0	110	49.541716362653	37
0	116	50.69938611805	38
0	124	51.780957160588	39
0	127	53.459840201843	40
0	133	54.700410516537	41
0	140	55.792542107008	42
0	142	57.567509925063	43
0	147	59.532803277089	44
0	148	60.554899091436	45
0	154	61.777275411016	46
0	156	63.580103381141	47
0	159	64.941187156201	48
0	160	66.017683436931	49
0	162	67.556476099021	50
0	166	68.740248414991	51
0	170	70.113059918234	52
0	171	71.237681668322	53
0	172	72.268610864715	54
0	174	73.500709254132	55
0	175	74.775346723688	56
0	177	76.717261087219	57
0	182	77.79304929201	58
0	185	79.232470819563	59
0	186	81.025793497753	60
0	188	82.66009696743	61
0	195	84.298149848892	62
0	196	85.39872756165	63
0	198	86.90065090505	64
0	199	87.971020664392	65
0	206	89.809924071958	66
0	213	91.666542230477	67
0	214	93.594071506826	68
0	221	94.814407837881	69
0	224	96.231969745901	70
0	236	98.020802087455	71
0	245	100.003606858036	72
0	246	101.726049060539	73
0	247	103.354074545742	74
0	248	104.762664389868	75
0	254	105.927263937962	76
0	256	107.824424783771	77
0	259	109.315486094986	78
0	260	110.852920471297	79
0	264	112.848706780074	80
0	271	114.5953778744	81
0	274	116.578539662368	82
0	275	118.434087863963	83
0	276	119.762324216848	84
0	283	120.848567834429	85
0	286	122.769037253994	86
0	288	124.0971029965	87
0	289	125.491854870531	88
0	291	126.514086759023	89
0	295	127.684076776567	90
0	299	129.424069846819	91
0	301	130.45170745447	92
0	305	131.912601473347	93
0	306	133.826137285285	94
0	307	135.545627790574	95
0	312	137.026319575101	96
0	315	138.070434795763	97
0	316	139.81580063894	98
0	317	141.545774386568	99
0	325	142.969890286751	100
0	328	144.496852543974	101
0	329	146.195781934378	102
0	330	147.957568172203	103
0	335	149.206258104253	104
0	336	151.15549512913	105
0	348	152.424725899776	106
0	352	154.267474436504	107
0	354	156.012079196586	108
0	356	157.796775040985	109
0	359	158.866894053598	110
0	360	159.963951369119	111
0	362	161.275500705536	112
0	367	163.134532776732	113
0	370	165.000548595866	114
0	376	166.84925547971	115
0	377	168.583997170279	116
0	380	170.466328664987	117
0	381	171.92225899019	118
0	382	173.319158655663	119
0	383	174.642992748019	120
0	386	176.117949593418	121
0	389	177.605315252977	122
0	398	179.153982423317	123
0	400	180.257237988828	124
0	405	181.934511245067	125
0	408	183.179708829687	126
0	409	184.676776358697	127
0	415	186.616234243454	128
0	416	188.10789814133	129
0	419	189.951314986523	130
0	422	191.191844574248	131
0	425	192.940227614322	132
0	432	194.29500188383	133
0	437	195.302619375826	134
0	441	196.997144572974	135
0	442	198.090392154946	136
0	443	199.653068214959	137
0	445	201.329029264	138
0	449	202.591281567073	139
0	451	204.565720428551	140
0	456	206.388709447185	141
0	457	208.301607284533	142
0	459	209.844604954194	143
0	460	211.060297140224	144
0	461	212.518025079347	145
0	465	214.46348588781	146
0	467	216.245831818856	147
0	469	217.772492030706	148
0	472	219.607174945134	149
0	473	220.651652448415	150
0	476	221.902744984324	151
0	481	223.863286220771	152
0	485	225.048721160809	153
0	489	226.117009489401	154
0	492	227.626123726903	155
0	495	229.343983874726	156
0	499	230.846253822627	157
0	505	231.999364766594	158
0	507	233.227347517222	159
0	511	234.254490092465	160
0	518	235.889955879025	161
0	519	237.29809794838	162
0	523	238.670692408759	163
0	529	239.826626834994	164
0	531	240.906559236184	165
0	535	242.470153621467	166
0	538	244.382858101813	167
0	544	245.558514849119	168
0	549	246.979868894978	169
0	550	248.840763002005	170
0	555	250.203540870756	171
0	556	251.692776430467	172
0	562	253.234976619318	173
0	564	254.972237824764	174
0	567	256.438405743869	175
0	568	258.405057000298	176
0	573	260.224174684914	177
0	574	261.37128763094	178
0	576	262.537460662959	179
0	583	264.515733938733	180
0	586	265.521897718146	181
0	587	267.167050165426	182
0	596	268.417052008281	183
0	602	269.991653648507	184
0	608	271.917771279415	185
0	611	273.082458934117	186
0	617	274.85200912652	187
0	619	276.168714999523	188
0	620	277.782680056127	189
0	632	278.95588942042	190
0	637	280.525446357042	191
0	638	282.125698412838	192
0	644	284.008484446746	193
0	647	285.694677047734	194
0	650	287.156318392674	195
0	659	288.930325864651	196
0	660	290.038500169827	197
0	667	291.80511668215	198
0	672	293.214671026985	199
0	673	294.696468678606	200
0	679	296.619131380529	201
0	680	297.800853008474	202
0	682	299.256370649044	203
0	683	300.806798996008	204
0	684	302.761125106667	205
0	693	303.924206014559	206
0	698	305.738817642978	207
0	699	307.401800238131	208
0	701	309.340115115349	209
0	702	310.915107893129	210
0	704	312.908509502723	211
0	706	314.709504089388	212
0	707	316.337178379833	213
0	708	317.729500484257	214
0	712	318.952217544965	215
0	713	320.124671370094	216
0	715	321.309718748858	217
0	718	322.596063937597	218
0	721	324.350387701603	219
0	727	326.174302966172	220
0	729	327.56440733357	221
0	734	328.77981486295	222
0	737	330.053869287554	223
0	738	331.3409862065	224
0	741	333.178801782034	225
0	744	334.556642487017	226
0	750	336.257081517089	227
0	755	337.905291918037	228
0	762	339.487607247732	229
0	763	340.6632893943	230
0	765	341.991513179453	231
0	769	343.205953103095	232
0	773	344.571455241251	233
0	775	345.809524248424	234
0	777	347.050044512213	235
0	778	348.420742686209	236
0	780	349.455908070854	237
0	782	350.737093694811	238
0	791	352.054648016184	239
0	792	353.405005149381	240
0	793	355.330699957978	241
0	795	356.581222439721	242
0	800	358.401756871329	243
0	807	360.395123627573	244
0	809	361.479893159192	245
0	810	363.073005696829	246
0	817	364.988613535022	247
0	820	366.262111974019	248
0	825	367.944512788277	249
0	826	369.516882312089	250
0	828	370.591170412093	251
0	829	372.229302214529	252
0	843	373.479348295904	253
0	846	375.108480207459	254
0	847	376.489494325896	255
0	848	378.168651632802	256
0	855	379.264719542652	257
0	863	380.283364467393	258
0	866	381.335165351699	259
0	880	382.977532076486	260
0	888	384.48853449577	261
0	897	385.923427557875	262
0	899	387.804037182661	263
0	912	389.339046884164	264
0	913	390.355002187727	265
0	914	392.226164349657	266
0	915	393.620411234279	267
0	916	395.018428563676	268
0	918	396.65468492622	269
0	921	398.594819516479	270
0	925	399.605525715114	271
0	931	401.354871698027	272
0	939	403.260352320807	273
0	941	404.599456201611	274
0	947	406.568513374148	275
0	949	407.862553832891	276
0	951	409.846600529809	277
0	953	411.268200684643	278
0	957	413.130865165802	279
0	959	414.568804697205	280
0	963	416.503331831495	281
0	966	418.497751906586	282
0	967	419.935105995347	283
0	970	420.97603679409	284
0	975	422.815758652824	285
0	978	423.840304998986	286
0	981	425.270510462418	287
0	983	427.23746055139	288
0	989	428.956188373107	289
0	990	430.075297442337	290
0	993	431.732240111639	291
0	995	433.60357442389	292
0	997	434.755593310182	293
0	998	436.308287413863	294
0	999	437.66906044197	295
0	1001	439.316202357716	296
0	1006	440.341787145545	297
0	1009	441.440744812207	298
0	1010	442.696579616356	299
0	1011	444.411847291819	300
0	1012	445.605762471051	301
0	1017	446.746126373137	302
0	1020	448.517217930012	303
0	1028	449.601002213849	304
0	1030	451.5864412145	305
0	1031	453.207896441059	306
0	1033	454.737368408195	307
0	1039	455.782467667084	308
0	1042	456.959682537313	309
0	1044	458.274786041188	310
0	1045	459.81143674308	311
0	1046	461.483385570883	312
0	1047	462.765474617551	313
0	1053	463.959523001057	314
0	1067	465.354018854746	315
0	1076	467.229182075546	316
0	1079	468.376405117637	317
0	1083	469.648563268198	318
0	1087	471.581617505126	319
0	1088	472.803545632469	320
0	1092	473.946760725299	321
0	1093	475.221860434696	322
0	1097	476.958530628424	323
0	1098	478.330941316973	324
0	1100	479.521834194729	325
0	1107	480.666276498068	326
0	1108	481.964802237995	327
0	1110	483.292937321192	328
0	1113	484.768593072262	329
0	1115	486.656989239458	330
0	1119	488.286969306948	331
0	1122	490.016356185614	332
0	1125	491.329089798336	333
0	1127	493.177208022517	334
0	1132	494.563475226122	335
0	1136	495.628204979771	336
0	1138	496.701046907879	337
0	1139	497.937725866982	338
0	1142	499.330650898698	339
0	1143	500.943412198522	340
0	1145	502.226905731321	341
0	1147	503.37670430385	342
0	1148	505.21484535567	343
0	1149	506.419021744118	344
0	1150	507.680671481951	345
0	1154	508.96307337617	346
0	1160	510.588603135035	347
0	1161	512.518714547925	348
0	1162	513.770667529734	349
0	1165	515.331059277592	350
0	1168	517.193709723254	351
0	1175	518.303879948634	352
0	1176	519.773091659949	353
0	1178	520.79292615603	354
0	1180	522.136772454086	355
0	1182	523.775420578032	356
0	1183	525.15709609778	357
0	1188	526.896252080634	358
0	1193	528.594950817594	359
0	1196	530.116548492176	360
0	1197	531.36919959525	361
0	1198	532.759068403927	362
0	1201	534.700821012792	363
0	1205	536.196466052041	364
0	1206	537.714620140449	365
0	1207	539.386275061707	366
0	1209	540.63181836258	367
0	1210	542.036213824594	368
0	1214	543.384648762013	369
0	1217	545.377358984503	370
0	1219	547.116991030353	371
0	1229	548.868899308446	372
0	1231	549.890406024245	373
0	1233	551.353684152778	374
0	1236	552.794571701972	375
0	1239	554.564243529992	376
0	1240	556.349721517017	377
0	1241	557.594672310933	378
0	1243	559.060846588643	379
0	1251	560.146548123633	380
0	1262	561.828206302434	381
0	1264	563.47985145247	382
0	1267	565.118208509939	383
0	1268	566.846120696351	384
0	1270	568.487093208892	385
0	1272	570.429132199216	386
0	1281	572.298113904962	387
0	1288	573.486964931547	388
0	1291	574.759267637807	389
0	1292	576.669899838812	390
0	1294	577.887475434293	391
0	1299	579.378504258881	392
0	1303	580.581005024559	393
0	1316	582.552745317177	394
0	1320	584.030809525701	395
0	1321	585.568738011478	396
0	1322	586.668036119614	397
0	1323	588.051510581814	398
0	1324	589.357743508948	399
0	1325	590.615846286595	400
0	1332	592.056946043458	401
0	1333	593.894949389689	402
0	1336	595.482972230364	403
0	1338	596.54407982954	404
0	1344	598.198486800372	405
0	1345	599.538789396706	406
0	1353	600.579209151045	407
0	1358	602.096727251607	408
0	1365	603.833443622171	409
0	1367	605.240820525746	410
0	1372	606.426716522147	411
0	1377	608.058876993201	412
0	1379	609.18080428878	413
0	1381	610.205181930048	414
0	1384	611.349502449456	415
0	1385	612.367838388608	416
0	1388	613.767098880206	417
0	1390	614.83227375785	418
0	1393	615.929728445198	419
0	1395	617.610736687269	420
0	1399	619.170861235421	421
0	1402	620.23440380145	422
0	1408	622.081665103623	423
0	1414	623.797850851036	424
0	1415	625.666294949661	425
0	1421	627.271809374747	426
0	1428	629.070568859876	427
0	1429	630.812927711355	428
0	1430	632.168078140654	429
0	1438	633.439473249782	430
0	1446	635.087472551102	431
0	1448	636.971002029088	432
0	1452	638.723013397838	433
0	1453	639.775683039865	434
0	1455	641.155105038845	435
0	1457	642.957168558446	436
0	1458	644.200244131332	437
0	1463	646.070660173727	438
0	1464	647.560370754285	439
0	1473	649.406183374647	440
0	1474	651.015094185548	441
0	1476	653.012591742046	442
0	1478	654.308897768214	443
0	1481	656.180920393506	444
0	1483	657.918216634376	445
0	1484	659.614526690749	446
0	1488	661.582801234509	447
0	1490	663.404671794801	448
0	1491	664.960877848157	449
0	1492	666.651174124397	450
0	1493	668.222032767322	451
0	1494	669.595969253054	452
0	1502	670.664352568865	453
0	1503	672.407083599895	454
0	1507	674.364085182614	455
0	1508	676.183192466452	456
0	1510	677.248426877494	457
0	1511	679.034761266849	458
0	1515	680.132305793065	459
0	1517	682.109741469213	460
0	1518	684.077081122735	461
0	1521	685.943644297609	462
0	1523	687.190908176659	463
0	1528	688.418117907198	464
0	1530	689.692522421313	465
0	1534	691.085891638483	466
0	1538	692.323399000635	467
0	1543	693.937514171304	468
0	1546	695.278463868258	469
0	1547	696.47449829599	470
0	1549	697.783183313274	471
0	1553	698.992476665016	472
0	1557	700.625324001137	473
0	1558	702.282170550965	474
0	1561	703.824482121339	475
0	1563	705.307152226169	476
0	1566	706.713767741874	477
0	1569	708.085871622499	478
0	1571	709.159883065682	479
0	1573	710.315309541833	480
0	1574	711.59786761163	481
0	1575	713.223571915247	482
0	1579	714.727350054376	483
0	1584	716.214099910177	484
0	1585	718.195525158496	485
0	1586	719.542115053461	486
0	1589	721.068104786166	487
0	1591	722.141694808911	488
0	1592	723.268268944296	489
0	1597	724.718155881456	490
0	1605	726.688026517696	491
0	1607	727.886989697648	492
0	1610	729.868885042911	493
0	1614	731.862290005732	494
0	1616	733.821002609862	495
0	1618	735.420108112341	496
0	1623	736.817698437788	497
0	1627	738.256867897997	498
0	1628	740.222956726162	499
0	1633	742.067600538789	500
0	1637	743.828604534336	501
0	1638	745.123955512487	502
0	1639	746.836774887585	503
0	1640	748.004699457738	504
0	1641	749.967389835113	505
0	1645	751.620758296059	506
0	1652	753.10336982	507
0	1653	754.243166293784	508
0	1654	756.199275509057	509
0	1657	758.037602141801	510
0	1663	759.84600505845	511
0	1666	761.487229608068	512
0	1667	762.596305121969	513
0	1668	763.839626143289	514
0	1672	765.129230802714	515
0	1674	766.220561597332	516
0	1680	768.008214548997	517
0	1688	769.105237830033	518
0	1693	770.777484634261	519
0	1698	772.085640012588	520
0	1704	773.324395120678	521
0	1706	775.290402243914	522
0	1708	776.690974440727	523
0	1711	778.098982837818	524
0	1719	779.571987323298	525
0	1723	780.919833333532	526
0	1725	782.396039386348	527
0	1726	783.411836855182	528
0	1727	785.289858105661	529
0	1729	786.32543980663	530
0	1734	787.742543756331	531
0	1736	789.236173821681	532
0	1741	791.156327613697	533
0	1742	792.575544413014	534
0	1744	794.350044587928	535
0	1748	795.899849532706	536
0	1755	797.038346486933	537
0	1756	799.01625628427	538
0	1758	800.39231122455	539
0	1762	802.326105770491	540
0	1764	803.329483854653	541
0	1767	805.274956483695	542
0	1772	806.755714165581	543
0	1774	807.920660023413	544
0	1775	809.474552689654	545
0	1779	810.701755858327	546
0	1781	812.381203494568	547
0	1783	813.452894793425	548
0	1784	814.657619977903	549
0	1788	815.842328216017	550
0	1790	817.182834378046	551
0	1791	818.64281684167	552
0	1794	819.760121901354	553
0	1804	821.365270562072	554
0	1807	823.197280124596	555
0	1808	824.670804154894	556
0	1810	826.07907227387	557
0	1816	827.446093136513	558
0	1822	828.515538842951	559
0	1824	830.046792210613	560
0	1825	831.184704785536	561
0	1829	833.028808937243	562
0	1831	834.190577718497	563
0	1834	836.03263516661	564
0	1840	837.789216394371	565
0	1841	839.651229827034	566
0	1848	840.703029998413	567
0	1852	841.907800015595	568
0	1854	843.297543767907	569
0	1856	845.224609584615	570
0	1863	847.206716363851	571
0	1865	848.33562341409	572
0	1869	850.150515372001	573
0	1870	851.610927525742	574
0	1872	853.356294184292	575
0	1873	854.369430269648	576
0	1874	855.85736732797	577
0	1878	857.659235730369	578
0	1881	859.093750187729	579
0	1882	860.152198791804	580
0	1887	861.941524551783	581
0	1889	863.639955552595	582
0	1891	865.159916186307	583
0	1892	867.145552410113	584
0	1893	868.53534400726	585
0	1894	870.350206442012	586
0	1895	872.325135499772	587
0	1897	873.476341422482	588
0	1905	875.085317079977	589
0	1906	876.689594560836	590
0	1909	878.008356914923	591
0	1910	879.456323799745	592
0	1913	881.444379255709	593
0	1915	882.733480859616	594
0	1918	884.563458280939	595
0	1921	885.895094312097	596
0	1925	886.91163895449	597
0	1929	888.655924297006	598
0	1930	890.325934811331	599
0	1931	891.921592311304	600
0	1932	893.058409789646	601
0	1940	894.713070310954	602
0	1941	895.899675747449	603
0	1942	897.133049904438	604
0	1943	898.849847825313	605
0	1946	900.123353373561	606
0	1949	901.467100009857	607
0	1952	902.770087032648	608
0	1954	904.342405368876	609
0	1957	905.526346340845	610
0	1963	906.818121098051	611
0	1967	908.170819974341	612
0	1970	909.818828134634	613
0	1975	911.399297882406	614
0	1979	913.108084813295	615
0	1988	914.939989960356	616
0	1991	916.235445351409	617
0	1995	917.610266913729	618
0	2001	918.927659715362	619
0	2002	920.492679614876	620
0	2004	922.173118408839	621
0	2005	923.995769965066	622
0	2009	925.287692477297	623
0	2010	926.528384791523	624
0	2016	927.908744682161	625
0	2017	929.674637367552	626
0	2018	930.890895681525	627
0	2024	932.700587894604	628
0	2025	934.663985466887	629
0	2026	935.869038865505	630
0	2030	937.679875700571	631
0	2032	939.148652954795	632
0	2039	940.616569014568	633
0	2046	941.92689074513	634
0	2053	943.330146786593	635
0	2055	944.429525899304	636
0	2057	945.758913360139	637
0	2060	947.247257660212	638
0	2062	948.575665416963	639
0	2064	949.698808530647	640
0	2065	950.971762757817	641
0	2073	952.057714285165	642
0	2078	953.806849139346	643
0	2081	955.772841210081	644
0	2082	957.693677181215	645
0	2087	959.674409804237	646
0	2090	961.577676265803	647
0	2092	962.885019522463	648
0	2094	964.263391139754	649
0	2103	965.926172822085	650
0	2111	967.812504495331	651
0	2116	969.254315060633	652
0	2117	971.216524495114	653
0	2118	972.693326148274	654
0	2120	973.817982456716	655
0	2124	975.033328932081	656
0	2125	976.532987555093	657
0	2127	977.712151004071	658
0	2133	979.387420985219	659
0	2136	981.102924114396	660
0	2142	982.983209164185	661
0	2145	984.786954208347	662
0	2149	986.348233403941	663
0	2150	988.157067036559	664
0	2153	989.97031551071	665
0	2162	991.040387719474	666
0	2176	992.081444715453	667
0	2177	993.177651007963	668
0	2178	995.16597454676	669
0	2180	996.310287487298	670
0	2181	998.304405140761	671
0	2189	999.804670243595	672
1	4	1.313545634032	1
1	11	5.794878333192	2
1	16	6.903403708266	3
1	19	8.524457623546	4
1	24	9.855860640711	5
1	27	11.783964041755	6
1	33	13.362048025133	7
1	37	16.243677269637	8
1	46	21.606036040494	9
1	55	23.260057033977	10
1	58	24.367142335181	11
1	69	32.034325998558	12
1	73	33.149616376966	13
1	80	34.523628458235	14
1	84	37.694896887088	15
1	90	39.381637975829	16
1	94	42.145566007943	17
1	99	45.037331687908	18
1	104	46.279467524155	19
1	107	47.743158501098	20
1	111	49.651142899099	21
1	117	50.777846026402	22
1	125	51.919403847189	23
1	128	53.637134134658	24
1	134	54.761440915605	25
1	143	57.730205113483	26
1	149	60.642680772247	27
1	157	63.768075668167	28
1	163	67.659383945505	29
1	167	68.877808365857	30
1	178	76.789387998734	31
1	183	77.883725550857	32
1	189	82.804572410509	33
1	200	88.122173136278	34
1	207	89.981226014924	35
1	215	93.661938264031	36
1	222	94.889599967223	37
1	225	96.422160256111	38
1	237	98.158016074132	39
1	249	104.851791247257	40
1	257	107.986890668713	41
1	261	110.88224117382	42
1	265	112.977656823343	43
1	272	114.79504326479	44
1	277	119.847433277322	45
1	284	120.949155811511	46
1	292	126.648713808938	47
1	296	127.861192935756	48
1	302	130.543403854486	49
1	308	135.581629904235	50
1	313	137.143680057566	51
1	318	141.652405329185	52
1	326	143.054770847017	53
1	331	148.062429623914	54
1	337	151.23515530542	55
1	349	152.529970078944	56
1	357	157.97315363181	57
1	363	161.421798896064	58
1	368	163.226679814969	59
1	371	165.071707828067	60
1	378	168.726512410723	61
1	384	174.827724312108	62
1	387	176.218011101353	63
1	390	177.748684517498	64
1	401	180.36055923201	65
1	406	181.967159542816	66
1	410	184.882810869557	67
1	417	188.21763269401	68
1	420	190.086249386405	69
1	423	191.399471487985	70
1	426	192.983851310694	71
1	433	194.407857088663	72
1	438	195.4485944579	73
1	446	201.515270484385	74
1	452	204.734071729031	75
1	462	212.637300204975	76
1	470	217.97049437661	77
1	474	220.71683931608	78
1	477	222.038465308004	79
1	482	224.021891072467	80
1	486	225.208829121913	81
1	490	226.164550744383	82
1	493	227.776105769749	83
1	496	229.482200349867	84
1	500	230.939586491656	85
1	508	233.348441927804	86
1	512	234.388321396502	87
1	520	237.505380319687	88
1	524	238.812611254171	89
1	532	241.012330438268	90
1	536	242.544836641025	91
1	539	244.474871158771	92
1	545	245.579702375149	93
1	551	248.922012595783	94
1	557	251.781809099118	95
1	565	255.041828558879	96
1	569	258.543896298103	97
1	577	262.668814254789	98
1	584	264.544996066663	99
1	588	267.311338701936	100
1	597	268.609515939108	101
1	603	270.018909345676	102
1	609	272.100160566451	103
1	612	273.137227703767	104
1	621	277.847060198352	105
1	633	279.066344833634	106
1	639	282.256603250801	107
1	645	284.079125355	108
1	648	285.84676511249	109
1	651	287.292338772213	110
1	661	290.158408104895	111
1	668	291.827207569461	112
1	674	294.781391121827	113
1	685	302.840899211098	114
1	694	303.993160962294	115
1	709	317.919836321508	116
1	716	321.389922772505	117
1	719	322.763415652012	118
1	722	324.500066212249	119
1	730	327.616038043926	120
1	735	328.834094746934	121
1	739	331.52226283573	122
1	742	333.25394966736	123
1	745	334.739862303378	124
1	751	336.449715462493	125
1	756	337.973176662738	126
1	766	342.11372333573	127
1	770	343.261973063504	128
1	783	350.864540714494	129
1	796	356.741297843734	130
1	801	358.543795423934	131
1	811	363.217787980964	132
1	818	365.033834996515	133
1	821	366.364558643417	134
1	830	372.266815391426	135
1	844	373.669087602445	136
1	849	378.36130215403	137
1	856	379.350866800051	138
1	864	380.329909974649	139
1	867	381.401734085421	140
1	881	383.038349073981	141
1	889	384.689574851382	142
1	900	387.918734131282	143
1	919	396.848854220097	144
1	922	398.770239748456	145
1	926	399.814245649001	146
1	932	401.376715334133	147
1	942	404.783013699868	148
1	954	411.385311762361	149
1	960	414.687675726783	150
1	964	416.656049810901	151
1	968	420.102486805508	152
1	971	421.059218468652	153
1	976	422.893617709316	154
1	979	424.000922266289	155
1	984	427.395441491243	156
1	991	430.283011515466	157
1	1002	439.486336602752	158
1	1007	440.437144035885	159
1	1013	445.675386148011	160
1	1018	446.818501245742	161
1	1021	448.712964820721	162
1	1034	454.943637453346	163
1	1040	455.835439473964	164
1	1048	462.812561676486	165
1	1054	464.084375299979	166
1	1069	465.487661021788	167
1	1077	467.421197170887	168
1	1080	468.531995610315	169
1	1084	469.703706042491	170
1	1089	472.895530837869	171
1	1094	475.274894500206	172
1	1101	479.604104698132	173
1	1111	483.502453639663	174
1	1116	486.831742245102	175
1	1120	488.39332988193	176
1	1123	490.140016029484	177
1	1128	493.277373589931	178
1	1133	494.717601617065	179
1	1140	498.065073341567	180
1	1151	507.794290181652	181
1	1155	509.11141293043	182
1	1163	513.805222559729	183
1	1166	515.428590313169	184
1	1169	517.285470917479	185
1	1184	525.216664473185	186
1	1189	526.973769422466	187
1	1194	528.766850395534	188
1	1199	532.791867615202	189
1	1202	534.734327521152	190
1	1211	542.201573488725	191
1	1215	543.456662909948	192
1	1220	547.243533365778	193
1	1234	551.469279842969	194
1	1237	552.898364725382	195
1	1244	559.263922214581	196
1	1265	563.576681200272	197
1	1273	570.456616308029	198
1	1282	572.480553704734	199
1	1289	573.61536569302	200
1	1295	578.031332858096	201
1	1300	579.567543983325	202
1	1304	580.668326396319	203
1	1317	582.628729234615	204
1	1326	590.695894831107	205
1	1334	594.015649495378	206
1	1339	596.571674958211	207
1	1346	599.649704589887	208
1	1354	600.639128442931	209
1	1359	602.298290866028	210
1	1368	605.274486496857	211
1	1373	606.450480233378	212
1	1382	610.27899396988	213
1	1386	612.414750964591	214
1	1391	615.038774105896	215
1	1396	617.739591349635	216
1	1400	619.195666197978	217
1	1403	620.383890531183	218
1	1409	622.163740579233	219
1	1416	625.698832593354	220
1	1422	627.359999776009	221
1	1431	632.3470600438	222
1	1439	633.548562636823	223
1	1449	637.159561913172	224
1	1459	644.392335179343	225
1	1465	647.673600796051	226
1	1479	654.479350661735	227
1	1485	659.668147560886	228
1	1495	669.751953904596	229
1	1504	672.496832500432	230
1	1512	679.187106332738	231
1	1519	684.228212765994	232
1	1524	687.230462760376	233
1	1531	689.807419489633	234
1	1535	691.156231405017	235
1	1539	692.429755080612	236
1	1544	694.092621062567	237
1	1550	697.884373037944	238
1	1554	699.119970927641	239
1	1559	702.394949296959	240
1	1564	705.424080971156	241
1	1567	706.773261857945	242
1	1576	713.295517173612	243
1	1580	714.74887181529	244
1	1587	719.671044319995	245
1	1593	723.418048657985	246
1	1598	724.803222430091	247
1	1608	728.014894724688	248
1	1611	729.948547831533	249
1	1619	735.518957829668	250
1	1624	737.011786374196	251
1	1629	740.253887902049	252
1	1634	742.145316050537	253
1	1642	750.142625056289	254
1	1646	751.784439861396	255
1	1655	756.285295872431	256
1	1658	758.061567598603	257
1	1664	760.051420232543	258
1	1669	763.906291559833	259
1	1675	766.277944194766	260
1	1681	768.206982031435	261
1	1689	769.242983759668	262
1	1694	770.880022812249	263
1	1699	772.129671472459	264
1	1709	776.753593639458	265
1	1712	778.186754712917	266
1	1720	779.747538068397	267
1	1730	786.467859876655	268
1	1737	789.270947020937	269
1	1745	794.394179655521	270
1	1749	796.053689751211	271
1	1759	800.58682225963	272
1	1765	803.387856721004	273
1	1768	805.336236203325	274
1	1776	809.67606745092	275
1	1785	814.717800442725	276
1	1792	818.72225386898	277
1	1795	819.825614493601	278
1	1805	821.55129980335	279
1	1811	826.226264987758	280
1	1817	827.539245220736	281
1	1826	831.249682898103	282
1	1832	834.290331142957	283
1	1835	836.082593831322	284
1	1842	839.711782029753	285
1	1849	840.832757133665	286
1	1857	845.308693484033	287
1	1866	848.537513900054	288
1	1875	855.910639801014	289
1	1879	857.722800466986	290
1	1883	860.349034887107	291
1	1898	873.572621010942	292
1	1907	876.860325976571	293
1	1911	879.478524020701	294
1	1916	882.801943721565	295
1	1919	884.758160383597	296
1	1922	886.00872391328	297
1	1926	887.038553638205	298
1	1933	893.137897487401	299
1	1944	899.057070073792	300
1	1947	900.298499928339	301
1	1950	901.543870091216	302
1	1955	904.515254153213	303
1	1958	905.679676417543	304
1	1964	906.979800285917	305
1	1968	908.366745756876	306
1	1971	909.862428211017	307
1	1976	911.421966863872	308
1	1980	913.180567001504	309
1	1989	915.120751511147	310
1	1992	916.364917781958	311
1	1996	917.770563088806	312
1	2006	924.165087564641	313
1	2011	926.706210093045	314
1	2019	930.921267684083	315
1	2027	936.043991775896	316
1	2033	939.273264030711	317
1	2040	940.739686014528	318
1	2047	941.967156035518	319
1	2058	945.809886170468	320
1	2066	951.16826113026	321
1	2074	952.264420673478	322
1	2079	953.841682187465	323
1	2083	957.884361815292	324
1	2088	959.738416840776	325
1	2095	964.33764268182	326
1	2104	966.027912874156	327
1	2112	967.883814611772	328
1	2121	974.018807150732	329
1	2128	977.8549620009	330
1	2134	979.439620152211	331
1	2137	981.210047335809	332
1	2143	983.046998866895	333
1	2146	984.812940190479	334
1	2151	988.279074994181	335
1	2154	990.179912378735	336
1	2164	991.156969738628	337
1	2182	998.469630734341	338
2	4	1.313545634032	1
2	11	5.794878333192	2
2	16	6.903403708266	3
2	19	8.524457623546	4
2	24	9.855860640711	5
2	27	11.783964041755	6
2	33	13.362048025133	7
2	37	16.243677269637	8
2	46	21.606036040494	9
2	55	23.260057033977	10
2	58	24.367142335181	11
2	69	32.034325998558	12
2	73	33.149616376966	13
2	80	34.523628458235	14
2	84	37.694896887088	15
2	90	39.381637975829	16
2	94	42.145566007943	17
2	99	45.037331687908	18
2	104	46.279467524155	19
2	107	47.743158501098	20
2	111	49.651142899099	21
2	117	50.777846026402	22
2	125	51.919403847189	23
2	128	53.637134134658	24
2	134	54.761440915605	25
2	143	57.730205113483	26
2	149	60.642680772247	27
2	157	63.768075668167	28
2	163	67.659383945505	29
2	167	68.877808365857	30
2	178	76.789387998734	31
2	183	77.883725550857	32
2	189	82.804572410509	33
2	200	88.122173136278	34
2	207	89.981226014924	35
2	215	93.661938264031	36
2	222	94.889599967223	37
2	225	96.422160256111	38
2	237	98.158016074132	39
2	249	104.851791247257	40
2	257	107.986890668713	41
2	261	110.88224117382	42
2	265	112.977656823343	43
2	272	114.79504326479	44
2	277	119.847433277322	45
2	284	120.949155811511	46
2	292	126.648713808938	47
2	296	127.861192935756	48
2	302	130.543403854486	49
2	308	135.581629904235	50
2	313	137.143680057566	51
2	318	141.652405329185	52
2	326	143.054770847017	53
2	331	148.062429623914	54
2	337	151.23515530542	55
2	349	152.529970078944	56
2	357	157.97315363181	57
2	363	161.421798896064	58
2	368	163.226679814969	59
2	371	165.071707828067	60
2	378	168.726512410723	61
2	384	174.827724312108	62
2	387	176.218011101353	63
2	390	177.748684517498	64
2	401	180.36055923201	65
2	406	181.967159542816	66
2	410	184.882810869557	67
2	417	188.21763269401	68
2	420	190.086249386405	69
2	423	191.399471487985	70
2	426	192.983851310694	71
2	433	194.407857088663	72
2	438	195.4485944579	73
2	446	201.515270484385	74
2	452	204.734071729031	75
2	462	212.637300204975	76
2	470	217.97049437661	77
2	474	220.71683931608	78
2	477	222.038465308004	79
2	482	224.021891072467	80
2	486	225.208829121913	81
2	490	226.164550744383	82
2	493	227.776105769749	83
2	496	229.482200349867	84
2	500	230.939586491656	85
2	508	233.348441927804	86
2	512	234.388321396502	87
2	520	237.505380319687	88
2	524	238.812611254171	89
2	532	241.012330438268	90
2	536	242.544836641025	91
2	539	244.474871158771	92
2	545	245.579702375149	93
2	551	248.922012595783	94
2	557	251.781809099118	95
2	565	255.041828558879	96
2	569	258.543896298103	97
2	577	262.668814254789	98
2	584	264.544996066663	99
2	588	267.311338701936	100
2	597	268.609515939108	101
2	603	270.018909345676	102
2	609	272.100160566451	103
2	612	273.137227703767	104
2	621	277.847060198352	105
2	633	279.066344833634	106
2	639	282.256603250801	107
2	645	284.079125355	108
2	648	285.84676511249	109
2	651	287.292338772213	110
2	661	290.158408104895	111
2	668	291.827207569461	112
2	674	294.781391121827	113
2	685	302.840899211098	114
2	694	303.993160962294	115
2	709	317.919836321508	116
2	716	321.389922772505	117
2	719	322.763415652012	118
2	722	324.500066212249	119
2	730	327.616038043926	120
2	735	328.834094746934	121
2	739	331.52226283573	122
2	742	333.25394966736	123
2	745	334.739862303378	124
2	751	336.449715462493	125
2	756	337.973176662738	126
2	766	342.11372333573	127
2	770	343.261973063504	128
2	783	350.864540714494	129
2	796	356.741297843734	130
2	801	358.543795423934	131
2	811	363.217787980964	132
2	818	365.033834996515	133
2	821	366.364558643417	134
2	830	372.266815391426	135
2	844	373.669087602445	136
2	849	378.36130215403	137
2	856	379.350866800051	138
2	864	380.329909974649	139
2	867	381.401734085421	140
2	881	383.038349073981	141
2	889	384.689574851382	142
2	900	387.918734131282	143
2	919	396.848854220097	144
2	922	398.770239748456	145
2	926	399.814245649001	146
2	932	401.376715334133	147
2	942	404.783013699868	148
2	954	411.385311762361	149
2	960	414.687675726783	150
2	964	416.656049810901	151
2	968	420.102486805508	152
2	971	421.059218468652	153
2	976	422.893617709316	154
2	979	424.000922266289	155
2	984	427.395441491243	156
2	991	430.283011515466	157
2	1002	439.486336602752	158
2	1007	440.437144035885	159
2	1013	445.675386148011	160
2	1018	446.818501245742	161
2	1021	448.712964820721	162
2	1034	454.943637453346	163
2	1040	455.835439473964	164
2	1048	462.812561676486	165
2	1054	464.084375299979	166
2	1069	465.487661021788	167
2	1077	467.421197170887	168
2	1080	468.531995610315	169
2	1084	469.703706042491	170
2	1089	472.895530837869	171
2	1094	475.274894500206	172
2	1101	479.604104698132	173
2	1111	483.502453639663	174
2	1116	486.831742245102	175
2	1120	488.39332988193	176
2	1123	490.140016029484	177
2	1128	493.277373589931	178
2	1133	494.717601617065	179
2	1140	498.065073341567	180
2	1151	507.794290181652	181
2	1155	509.11141293043	182
2	1163	513.805222559729	183
2	1166	515.428590313169	184
2	1169	517.285470917479	185
2	1184	525.216664473185	186
2	1189	526.973769422466	187
2	1194	528.766850395534	188
2	1199	532.791867615202	189
2	1202	534.734327521152	190
2	1211	542.201573488725	191
2	1215	543.456662909948	192
2	1220	547.243533365778	193
2	1234	551.469279842969	194
2	1237	552.898364725382	195
2	1244	559.263922214581	196
2	1265	563.576681200272	197
2	1273	570.456616308029	198
2	1282	572.480553704734	199
2	1289	573.61536569302	200
2	1295	578.031332858096	201
2	1300	579.567543983325	202
2	1304	580.668326396319	203
2	1317	582.628729234615	204
2	1326	590.695894831107	205
2	1334	594.015649495378	206
2	1339	596.571674958211	207
2	1346	599.649704589887	208
2	1354	600.639128442931	209
2	1359	602.298290866028	210
2	1368	605.274486496857	211
2	1373	606.450480233378	212
2	1382	610.27899396988	213
2	1386	612.414750964591	214
2	1391	615.038774105896	215
2	1396	617.739591349635	216
2	1400	619.195666197978	217
2	1403	620.383890531183	218
2	1409	622.163740579233	219
2	1416	625.698832593354	220
2	1422	627.359999776009	221
2	1431	632.3470600438	222
2	1439	633.548562636823	223
2	1449	637.159561913172	224
2	1459	644.392335179343	225
2	1465	647.673600796051	226
2	1479	654.479350661735	227
2	1485	659.668147560886	228
2	1495	669.751953904596	229
2	1504	672.496832500432	230
2	1512	679.187106332738	231
2	1519	684.228212765994	232
2	1524	687.230462760376	233
2	1531	689.807419489633	234
2	1535	691.156231405017	235
2	1539	692.429755080612	236
2	1544	694.092621062567	237
2	1550	697.884373037944	238
2	1554	699.119970927641	239
2	1559	702.394949296959	240
2	1564	705.424080971156	241
2	1567	706.773261857945	242
2	1576	713.295517173612	243
2	1580	714.74887181529	244
2	1587	719.671044319995	245
2	1593	723.418048657985	246
2	1598	724.803222430091	247
2	1608	728.014894724688	248
2	1611	729.948547831533	249
2	1619	735.518957829668	250
2	1624	737.011786374196	251
2	1629	740.253887902049	252
2	1634	742.145316050537	253
2	1642	750.142625056289	254
2	1646	751.784439861396	255
2	1655	756.285295872431	256
2	1658	758.061567598603	257
2	1664	760.051420232543	258
2	1669	763.906291559833	259
2	1675	766.277944194766	260
2	1681	768.206982031435	261
2	1689	769.242983759668	262
2	1694	770.880022812249	263
2	1699	772.129671472459	264
2	1709	776.753593639458	265
2	1712	778.186754712917	266
2	1720	779.747538068397	267
2	1730	786.467859876655	268
2	1737	789.270947020937	269
2	1745	794.394179655521	270
2	1749	796.053689751211	271
2	1759	800.58682225963	272
2	1765	803.387856721004	273
2	1768	805.336236203325	274
2	1776	809.67606745092	275
2	1785	814.717800442725	276
2	1792	818.72225386898	277
2	1795	819.825614493601	278
2	1805	821.55129980335	279
2	1811	826.226264987758	280
2	1817	827.539245220736	281
2	1826	831.249682898103	282
2	1832	834.290331142957	283
2	1835	836.082593831322	284
2	1842	839.711782029753	285
2	1849	840.832757133665	286
2	1857	845.308693484033	287
2	1866	848.537513900054	288
2	1875	855.910639801014	289
2	1879	857.722800466986	290
2	1883	860.349034887107	291
2	1898	873.572621010942	292
2	1907	876.860325976571	293
2	1911	879.478524020701	294
2	1916	882.801943721565	295
2	1919	884.758160383597	296
2	1922	886.00872391328	297
2	1926	887.038553638205	298
2	1933	893.137897487401	299
2	1944	899.057070073792	300
2	1947	900.298499928339	301
2	1950	901.543870091216	302
2	1955	904.515254153213	303
2	1958	905.679676417543	304
2	1964	906.979800285917	305
2	1968	908.366745756876	306
2	1971	909.862428211017	307
2	1976	911.421966863872	308
2	1980	913.180567001504	309
2	1989	915.120751511147	310
2	1992	916.364917781958	311
2	1996	917.770563088806	312
2	2006	924.165087564641	313
2	2011	926.706210093045	314
2	2019	930.921267684083	315
2	2027	936.043991775896	316
2	2033	939.273264030711	317
2	2040	940.739686014528	318
2	2047	941.967156035518	319
2	2058	945.809886170468	320
2	2066	951.16826113026	321
2	2074	952.264420673478	322
2	2079	953.841682187465	323
2	2083	957.884361815292	324
2	2088	959.738416840776	325
2	2095	964.33764268182	326
2	2104	966.027912874156	327
2	2112	967.883814611772	328
2	2121	974.018807150732	329
2	2128	977.8549620009	330
2	2134	979.439620152211	331
2	2137	981.210047335809	332
2	2143	983.046998866895	333
2	2146	984.812940190479	334
2	2151	988.279074994181	335
2	2154	990.179912378735	336
2	2164	991.156969738628	337
2	2182	998.469630734341	338
3	12	5.867790917146	1
3	21	8.799092903651	2
3	28	11.879772323421	3
3	48	21.867389612352	4
3	50	22.198653439594	5
3	52	22.46018901992	6
3	60	24.719116475393	7
3	75	33.479731748668	8
3	77	33.831569055102	9
3	86	37.787724813078	10
3	113	49.888256208697	11
3	119	51.13069055873	12
3	121	51.352719384814	13
3	130	53.788933699697	14
3	135	54.918156517488	15
3	137	55.104628948604	16
3	144	57.934396655697	17
3	150	60.76086980205	18
3	164	67.796557949994	19
3	168	68.950154975935	20
3	191	82.930849756629	21
3	201	88.23372395008	22
3	203	88.582887351379	23
3	209	90.263625002848	24
3	211	90.488169440434	25
3	216	93.686312629118	26
3	218	93.933174983907	27
3	227	96.821812403171	28
3	230	97.186644372898	29
3	232	97.370929961151	30
3	239	98.382716380323	31
3	241	98.621751845728	32
3	243	98.87139685204	33
3	251	105.229988270367	34
3	267	113.223561995833	35
3	269	113.450530106826	36
3	279	120.124256866863	37
3	281	120.522922017102	38
3	293	126.749531155015	39
3	309	135.708756036645	40
3	320	141.937348351589	41
3	322	142.141873086429	42
3	333	148.139865102533	43
3	338	151.417303437665	44
3	340	151.757468061577	45
3	342	151.899248122926	46
3	344	152.061464920467	47
3	364	161.458237342761	48
3	372	165.199216351373	49
3	392	177.967175943141	50
3	394	178.21437017746	51
3	403	180.569286095426	52
3	412	185.207128787676	53
3	428	193.2524674115	54
3	430	193.354021605157	55
3	435	194.627017415438	56
3	454	205.016688813356	57
3	463	212.741749042378	58
3	478	222.19403085838	59
3	502	231.19622497288	60
3	513	234.471065004569	61
3	515	234.802655459648	62
3	526	239.154715213295	63
3	533	241.145081695471	64
3	540	244.582832467054	65
3	542	244.871183698604	66
3	547	245.792636733234	67
3	553	249.15504699188	68
3	558	251.862295331316	69
3	571	258.891056845137	70
3	578	262.866994892079	71
3	580	263.010060165992	72
3	589	267.359389406139	73
3	591	267.579860106093	74
3	593	267.767109397872	75
3	598	268.682225028283	76
3	600	268.909065751026	77
3	604	270.174930270374	78
3	606	270.387002292095	79
3	614	273.413355928623	80
3	623	277.99373882949	81
3	625	278.20703365686	82
3	627	278.430577438445	83
3	630	278.734118579257	84
3	640	282.350336784087	85
3	642	282.66805560894	86
3	653	287.600305013691	87
3	655	287.789754172523	88
3	657	288.033633924946	89
3	664	290.318342381728	90
3	675	294.974427604296	91
3	677	295.172590999081	92
3	687	303.078310298439	93
3	689	303.350305212756	94
3	695	304.060118399604	95
3	724	324.761109710017	96
3	746	334.861199751955	97
3	748	335.011896617564	98
3	752	336.520822581345	99
3	758	338.196424642904	100
3	760	338.50579071356	101
3	771	343.437773507885	102
3	784	350.89691899037	103
3	786	351.156009657118	104
3	788	351.410404721186	105
3	798	357.010999921587	106
3	803	358.758508285186	107
3	813	363.388357435424	108
3	815	363.463125426224	109
3	822	366.410204542086	110
3	831	372.39584090619	111
3	833	372.568744438178	112
3	835	372.757295045265	113
3	838	373.117422336304	114
3	841	373.308702251826	115
3	851	378.574074646675	116
3	853	378.867124261915	117
3	858	379.588821734794	118
3	860	379.9420767635	119
3	869	381.526753957241	120
3	871	381.821516580667	121
3	873	382.160400287199	122
3	875	382.296171429725	123
3	877	382.584414093387	124
3	884	383.497088029352	125
3	886	383.653682984237	126
3	891	384.901167967931	127
3	893	385.166732244486	128
3	901	388.064693386169	129
3	903	388.279513776119	130
3	905	388.356190170425	131
3	907	388.537194085187	132
3	909	388.764142399932	133
3	923	398.848170003555	134
3	929	400.165753343785	135
3	933	401.485926214779	136
3	936	401.799332223186	137
3	943	404.94142771035	138
3	945	405.17503936641	139
3	961	414.794001105888	140
3	972	421.175170360107	141
3	985	427.416161780756	142
3	1004	439.619540352476	143
3	1014	445.867538387989	144
3	1022	448.848964947433	145
3	1024	449.056629479582	146
3	1026	449.330467924232	147
3	1035	455.002847298366	148
3	1037	455.179420865607	149
3	1050	463.095289861448	150
3	1056	464.385034842768	151
3	1058	464.746411215057	152
3	1060	464.932874112657	153
3	1062	465.05086259585	154
3	1064	465.208044128776	155
3	1066	465.34083042829	156
3	1070	465.572289981254	157
3	1072	465.663752499741	158
3	1081	468.571703646588	159
3	1085	469.801935192267	160
3	1103	479.855664919823	161
3	1105	480.061285638836	162
3	1130	493.490095729583	163
3	1156	509.175025401604	164
3	1158	509.414073286158	165
3	1171	517.520295818642	166
3	1186	525.431686395082	167
3	1222	547.507029285566	168
3	1224	547.775220638912	169
3	1226	547.913161363632	170
3	1247	559.643592048022	171
3	1249	559.825117388643	172
3	1252	560.211318263706	173
3	1255	560.439501973564	174
3	1257	560.606935355583	175
3	1259	560.989589804228	176
3	1274	570.508579324944	177
3	1276	570.750935897701	178
3	1278	570.864587710856	179
3	1285	572.647787674223	180
3	1297	578.315015531495	181
3	1301	579.624329287345	182
3	1305	580.690954301109	183
3	1307	581.014616887296	184
3	1309	581.310425661432	185
3	1311	581.525706641034	186
3	1314	582.065613057683	187
3	1318	582.663358128192	188
3	1328	591.044451175041	189
3	1341	596.755483282339	190
3	1348	599.878290567623	191
3	1350	599.967112717353	192
3	1356	600.833347710667	193
3	1361	602.607376817927	194
3	1363	602.829815100933	195
3	1370	605.504028287952	196
3	1375	606.610636329287	197
3	1397	617.913418043327	198
3	1405	620.732998464933	199
3	1410	622.305266322799	200
3	1412	622.658196295526	201
3	1418	626.023361327126	202
3	1423	627.508837220279	203
3	1425	627.683671487291	204
3	1433	632.594266131954	205
3	1435	632.822858926384	206
3	1440	633.621659287985	207
3	1442	633.876996665977	208
3	1444	634.156460586049	209
3	1461	644.72977017784	210
3	1466	647.790369355529	211
3	1468	648.154243340632	212
3	1470	648.44774410349	213
3	1486	659.767250734215	214
3	1497	669.823725250926	215
3	1499	670.136559852626	216
3	1526	687.492389532004	217
3	1540	692.584362961587	218
3	1577	713.457485998666	219
3	1582	714.935931621613	220
3	1595	723.724815435901	221
3	1600	724.949889240883	222
3	1602	725.160874399208	223
3	1621	735.895655941229	224
3	1630	740.345810283946	225
3	1647	751.904251530009	226
3	1649	752.057849070289	227
3	1660	758.271795516182	228
3	1677	766.503832979073	229
3	1682	768.281050066609	230
3	1685	768.577354767596	231
3	1695	771.02853057406	232
3	1701	772.396787342987	233
3	1714	778.40467402204	234
3	1717	778.559947266814	235
3	1732	786.806138289053	236
3	1738	789.441136018108	237
3	1751	796.330921057403	238
3	1753	796.620016967574	239
3	1769	805.418182336479	240
3	1786	814.867695360418	241
3	1797	820.063884289628	242
3	1800	820.377020088506	243
3	1812	826.330164866168	244
3	1818	827.648396102685	245
3	1820	827.847982127	246
3	1837	836.423960357052	247
3	1845	839.922409200697	248
3	1858	845.430626331496	249
3	1860	845.649480939174	250
3	1867	848.698229976028	251
3	1884	860.408804709787	252
3	1899	873.61611135961	253
3	1901	873.814368769899	254
3	1903	873.92531643336	255
3	1923	886.067353957626	256
3	1935	893.302872365673	257
3	1938	893.734384134295	258
3	1959	905.743721085782	259
3	1961	905.911237078528	260
3	1965	907.046788309567	261
3	1973	910.259590982834	262
3	1982	913.355695183591	263
3	1984	913.616324901075	264
3	1993	916.56487754577	265
3	1997	917.836581783867	266
3	1999	918.047023880589	267
3	2013	926.961690464975	268
3	2020	931.12418159614	269
3	2022	931.356704822475	270
3	2035	939.651758153354	271
3	2037	939.972707680039	272
3	2041	940.797585215279	273
3	2043	940.98786784565	274
3	2048	942.084042496623	275
3	2050	942.451565620271	276
3	2069	951.54549447013	277
3	2075	952.294925760702	278
3	2097	964.687796707044	279
3	2099	965.048169462938	280
3	2106	966.300992641879	281
3	2108	966.552593700655	282
3	2114	968.150619664529	283
3	2130	978.133178814072	284
3	2138	981.391720068332	285
3	2155	990.365455878727	286
3	2157	990.551935426603	287
3	2159	990.742972804388	288
3	2163	991.049986418852	289
3	2167	991.332938023795	290
3	2169	991.542158886416	291
3	2171	991.714749274608	292
3	2173	991.917410409079	293
3	2184	998.756020229708	294
3	2186	998.933369447531	295
4	12	5.867790917146	1
4	21	8.799092903651	2
4	28	11.879772323421	3
4	48	21.867389612352	4
4	50	22.198653439594	5
4	52	22.46018901992	6
4	60	24.719116475393	7
4	75	33.479731748668	8
4	77	33.831569055102	9
4	86	37.787724813078	10
4	113	49.888256208697	11
4	119	51.13069055873	12
4	121	51.352719384814	13
4	130	53.788933699697	14
4	135	54.918156517488	15
4	137	55.104628948604	16
4	144	57.934396655697	17
4	150	60.76086980205	18
4	164	67.796557949994	19
4	168	68.950154975935	20
4	191	82.930849756629	21
4	201	88.23372395008	22
4	203	88.582887351379	23
4	209	90.263625002848	24
4	211	90.488169440434	25
4	216	93.686312629118	26
4	218	93.933174983907	27
4	227	96.821812403171	28
4	230	97.186644372898	29
4	232	97.370929961151	30
4	239	98.382716380323	31
4	241	98.621751845728	32
4	243	98.87139685204	33
4	251	105.229988270367	34
4	267	113.223561995833	35
4	269	113.450530106826	36
4	279	120.124256866863	37
4	281	120.522922017102	38
4	293	126.749531155015	39
4	309	135.708756036645	40
4	320	141.937348351589	41
4	322	142.141873086429	42
4	333	148.139865102533	43
4	338	151.417303437665	44
4	340	151.757468061577	45
4	342	151.899248122926	46
4	344	152.061464920467	47
4	364	161.458237342761	48
4	372	165.199216351373	49
4	392	177.967175943141	50
4	394	178.21437017746	51
4	403	180.569286095426	52
4	412	185.207128787676	53
4	428	193.2524674115	54
4	430	193.354021605157	55
4	435	194.627017415438	56
4	454	205.016688813356	57
4	463	212.741749042378	58
4	478	222.19403085838	59
4	502	231.19622497288	60
4	513	234.471065004569	61
4	515	234.802655459648	62
4	526	239.154715213295	63
4	533	241.145081695471	64
4	540	244.582832467054	65
4	542	244.871183698604	66
4	547	245.792636733234	67
4	553	249.15504699188	68
4	558	251.862295331316	69
4	571	258.891056845137	70
4	578	262.866994892079	71
4	580	263.010060165992	72
4	589	267.359389406139	73
4	591	267.579860106093	74
4	593	267.767109397872	75
4	598	268.682225028283	76
4	600	268.909065751026	77
4	604	270.174930270374	78
4	606	270.387002292095	79
4	614	273.413355928623	80
4	623	277.99373882949	81
4	625	278.20703365686	82
4	627	278.430577438445	83
4	630	278.734118579257	84
4	640	282.350336784087	85
4	642	282.66805560894	86
4	653	287.600305013691	87
4	655	287.789754172523	88
4	657	288.033633924946	89
4	664	290.318342381728	90
4	675	294.974427604296	91
4	677	295.172590999081	92
4	687	303.078310298439	93
4	689	303.350305212756	94
4	695	304.060118399604	95
4	724	324.761109710017	96
4	746	334.861199751955	97
4	748	335.011896617564	98
4	752	336.520822581345	99
4	758	338.196424642904	100
4	760	338.50579071356	101
4	771	343.437773507885	102
4	784	350.89691899037	103
4	786	351.156009657118	104
4	788	351.410404721186	105
4	798	357.010999921587	106
4	803	358.758508285186	107
4	813	363.388357435424	108
4	815	363.463125426224	109
4	822	366.410204542086	110
4	831	372.39584090619	111
4	833	372.568744438178	112
4	835	372.757295045265	113
4	838	373.117422336304	114
4	841	373.308702251826	115
4	851	378.574074646675	116
4	853	378.867124261915	117
4	858	379.588821734794	118
4	860	379.9420767635	119
4	869	381.526753957241	120
4	871	381.821516580667	121
4	873	382.160400287199	122
4	875	382.296171429725	123
4	877	382.584414093387	124
4	884	383.497088029352	125
4	886	383.653682984237	126
4	891	384.901167967931	127
4	893	385.166732244486	128
4	901	388.064693386169	129
4	903	388.279513776119	130
4	905	388.356190170425	131
4	907	388.537194085187	132
4	909	388.764142399932	133
4	923	398.848170003555	134
4	929	400.165753343785	135
4	933	401.485926214779	136
4	936	401.799332223186	137
4	943	404.94142771035	138
4	945	405.17503936641	139
4	961	414.794001105888	140
4	972	421.175170360107	141
4	985	427.416161780756	142
4	1004	439.619540352476	143
4	1014	445.867538387989	144
4	1022	448.848964947433	145
4	1024	449.056629479582	146
4	1026	449.330467924232	147
4	1035	455.002847298366	148
4	1037	455.179420865607	149
4	1050	463.095289861448	150
4	1056	464.385034842768	151
4	1058	464.746411215057	152
4	1060	464.932874112657	153
4	1062	465.05086259585	154
4	1064	465.208044128776	155
4	1066	465.34083042829	156
4	1070	465.572289981254	157
4	1072	465.663752499741	158
4	1081	468.571703646588	159
4	1085	469.801935192267	160
4	1103	479.855664919823	161
4	1105	480.061285638836	162
4	1130	493.490095729583	163
4	1156	509.175025401604	164
4	1158	509.414073286158	165
4	1171	517.520295818642	166
4	1186	525.431686395082	167
4	1222	547.507029285566	168
4	1224	547.775220638912	169
4	1226	547.913161363632	170
4	1247	559.643592048022	171
4	1249	559.825117388643	172
4	1252	560.211318263706	173
4	1255	560.439501973564	174
4	1257	560.606935355583	175
4	1259	560.989589804228	176
4	1274	570.508579324944	177
4	1276	570.750935897701	178
4	1278	570.864587710856	179
4	1285	572.647787674223	180
4	1297	578.315015531495	181
4	1301	579.624329287345	182
4	1305	580.690954301109	183
4	1307	581.014616887296	184
4	1309	581.310425661432	185
4	1311	581.525706641034	186
4	1314	582.065613057683	187
4	1318	582.663358128192	188
4	1328	591.044451175041	189
4	1341	596.755483282339	190
4	1348	599.878290567623	191
4	1350	599.967112717353	192
4	1356	600.833347710667	193
4	1361	602.607376817927	194
4	1363	602.829815100933	195
4	1370	605.504028287952	196
4	1375	606.610636329287	197
4	1397	617.913418043327	198
4	1405	620.732998464933	199
4	1410	622.305266322799	200
4	1412	622.658196295526	201
4	1418	626.023361327126	202
4	1423	627.508837220279	203
4	1425	627.683671487291	204
4	1433	632.594266131954	205
4	1435	632.822858926384	206
4	1440	633.621659287985	207
4	1442	633.876996665977	208
4	1444	634.156460586049	209
4	1461	644.72977017784	210
4	1466	647.790369355529	211
4	1468	648.154243340632	212
4	1470	648.44774410349	213
4	1486	659.767250734215	214
4	1497	669.823725250926	215
4	1499	670.136559852626	216
4	1526	687.492389532004	217
4	1540	692.584362961587	218
4	1577	713.457485998666	219
4	1582	714.935931621613	220
4	1595	723.724815435901	221
4	1600	724.949889240883	222
4	1602	725.160874399208	223
4	1621	735.895655941229	224
4	1630	740.345810283946	225
4	1647	751.904251530009	226
4	1649	752.057849070289	227
4	1660	758.271795516182	228
4	1677	766.503832979073	229
4	1682	768.281050066609	230
4	1685	768.577354767596	231
4	1695	771.02853057406	232
4	1701	772.396787342987	233
4	1714	778.40467402204	234
4	1717	778.559947266814	235
4	1732	786.806138289053	236
4	1738	789.441136018108	237
4	1751	796.330921057403	238
4	1753	796.620016967574	239
4	1769	805.418182336479	240
4	1786	814.867695360418	241
4	1797	820.063884289628	242
4	1800	820.377020088506	243
4	1812	826.330164866168	244
4	1818	827.648396102685	245
4	1820	827.847982127	246
4	1837	836.423960357052	247
4	1845	839.922409200697	248
4	1858	845.430626331496	249
4	1860	845.649480939174	250
4	1867	848.698229976028	251
4	1884	860.408804709787	252
4	1899	873.61611135961	253
4	1901	873.814368769899	254
4	1903	873.92531643336	255
4	1923	886.067353957626	256
4	1935	893.302872365673	257
4	1938	893.734384134295	258
4	1959	905.743721085782	259
4	1961	905.911237078528	260
4	1965	907.046788309567	261
4	1973	910.259590982834	262
4	1982	913.355695183591	263
4	1984	913.616324901075	264
4	1993	916.56487754577	265
4	1997	917.836581783867	266
4	1999	918.047023880589	267
4	2013	926.961690464975	268
4	2020	931.12418159614	269
4	2022	931.356704822475	270
4	2035	939.651758153354	271
4	2037	939.972707680039	272
4	2041	940.797585215279	273
4	2043	940.98786784565	274
4	2048	942.084042496623	275
4	2050	942.451565620271	276
4	2069	951.54549447013	277
4	2075	952.294925760702	278
4	2097	964.687796707044	279
4	2099	965.048169462938	280
4	2106	966.300992641879	281
4	2108	966.552593700655	282
4	2114	968.150619664529	283
4	2130	978.133178814072	284
4	2138	981.391720068332	285
4	2155	990.365455878727	286
4	2157	990.551935426603	287
4	2159	990.742972804388	288
4	2163	991.049986418852	289
4	2167	991.332938023795	290
4	2169	991.542158886416	291
4	2171	991.714749274608	292
4	2173	991.917410409079	293
4	2184	998.756020229708	294
4	2186	998.933369447531	295
5	13	5.981391742157	1
5	30	12.086849870675	2
5	49	22.018333891491	3
5	87	37.840473763965	4
5	101	45.196137646851	5
5	122	51.401930024049	6
5	136	54.982134113314	7
5	138	55.273281904626	8
5	152	60.98700953633	9
5	180	77.077969349906	10
5	193	82.983590422552	11
5	204	88.635665818538	12
5	217	93.834435400398	13
5	219	94.103093392608	14
5	229	97.133731621741	15
5	234	97.569458413436	16
5	240	98.567741760393	17
5	252	105.325049820424	18
5	346	152.30390235085	19
5	365	161.534779715681	20
5	374	165.399344505467	21
5	396	178.478093820286	22
5	429	193.292198188712	23
5	479	222.386420897622	24
5	516	234.893356833103	25
5	541	244.778084004925	26
5	560	252.106241238836	27
5	579	262.925605528806	28
5	581	263.035912600464	29
5	590	267.410003349566	30
5	615	273.497578610672	31
5	626	278.395481881142	32
5	629	278.64609511278	33
5	635	279.228348165147	34
5	641	282.470794998691	35
5	656	287.838936604617	36
5	663	290.28048232399	37
5	670	292.042285446585	38
5	688	303.208445067041	39
5	691	303.492919994521	40
5	732	327.754620427199	41
5	787	351.245119007742	42
5	805	359.074035236451	43
5	837	373.047738267904	44
5	840	373.274121678603	45
5	852	378.743132389256	46
5	861	379.981406108531	47
5	878	382.626936818391	48
5	883	383.323671709588	49
5	895	385.362888252134	50
5	902	388.255130881493	51
5	910	388.904911226263	52
5	928	399.996711409811	53
5	935	401.650818965224	54
5	944	405.132698603778	55
5	987	427.660094417593	56
5	1015	445.955936136878	57
5	1027	449.522534512487	58
5	1065	465.259963330915	59
5	1068	465.472202988678	60
5	1073	465.773887109911	61
5	1173	517.796208452462	62
5	1191	527.284065397186	63
5	1223	547.715980908766	64
5	1227	548.005185924768	65
5	1246	559.590151087933	66
5	1279	570.888123951028	67
5	1284	572.595032011662	68
5	1286	572.710186973684	69
5	1306	580.866313058705	70
5	1313	581.88942360257	71
5	1330	591.120295926556	72
5	1349	599.932490086701	73
5	1351	600.168210723474	74
5	1362	602.668582351614	75
5	1419	626.130944329877	76
5	1441	633.718892797444	77
5	1469	648.29546085434	78
5	1471	648.541625105989	79
5	1601	725.043470178366	80
5	1603	725.320767841954	81
5	1631	740.378413841109	82
5	1648	751.991352861867	83
5	1678	766.577004158181	84
5	1684	768.459749784766	85
5	1686	768.648539443357	86
5	1691	769.551567182248	87
5	1716	778.527844855653	88
5	1739	789.583318826536	89
5	1770	805.500596287435	90
5	1799	820.2493365003	91
5	1802	820.523972050019	92
5	1814	826.45561101767	93
5	1838	836.563039926483	94
5	1844	839.868435346359	95
5	1846	840.109498576525	96
5	1885	860.462919409344	97
5	1937	893.598263308224	98
5	1983	913.439941600691	99
5	1986	913.922062966479	100
5	2014	927.038059093317	101
5	2021	931.29587186362	102
5	2036	939.853627830333	103
5	2042	940.931602143386	104
5	2051	942.556681321345	105
5	2068	951.423540339409	106
5	2071	951.859612313908	107
5	2076	952.462161910397	108
5	2085	958.083370540185	109
5	2101	965.240320673618	110
5	2109	966.598532081358	111
5	2131	978.209459953494	112
5	2140	981.760190752375	113
5	2161	990.92918113221	114
6	13	5.981391742157	1
6	30	12.086849870675	2
6	49	22.018333891491	3
6	87	37.840473763965	4
6	101	45.196137646851	5
6	122	51.401930024049	6
6	136	54.982134113314	7
6	138	55.273281904626	8
6	152	60.98700953633	9
6	180	77.077969349906	10
6	193	82.983590422552	11
6	204	88.635665818538	12
6	217	93.834435400398	13
6	219	94.103093392608	14
6	229	97.133731621741	15
6	234	97.569458413436	16
6	240	98.567741760393	17
6	252	105.325049820424	18
6	346	152.30390235085	19
6	365	161.534779715681	20
6	374	165.399344505467	21
6	396	178.478093820286	22
6	429	193.292198188712	23
6	479	222.386420897622	24
6	516	234.893356833103	25
6	541	244.778084004925	26
6	560	252.106241238836	27
6	579	262.925605528806	28
6	581	263.035912600464	29
6	590	267.410003349566	30
6	615	273.497578610672	31
6	626	278.395481881142	32
6	629	278.64609511278	33
6	635	279.228348165147	34
6	641	282.470794998691	35
6	656	287.838936604617	36
6	663	290.28048232399	37
6	670	292.042285446585	38
6	688	303.208445067041	39
6	691	303.492919994521	40
6	732	327.754620427199	41
6	787	351.245119007742	42
6	805	359.074035236451	43
6	837	373.047738267904	44
6	840	373.274121678603	45
6	852	378.743132389256	46
6	861	379.981406108531	47
6	878	382.626936818391	48
6	883	383.323671709588	49
6	895	385.362888252134	50
6	902	388.255130881493	51
6	910	388.904911226263	52
6	928	399.996711409811	53
6	935	401.650818965224	54
6	944	405.132698603778	55
6	987	427.660094417593	56
6	1015	445.955936136878	57
6	1027	449.522534512487	58
6	1065	465.259963330915	59
6	1068	465.472202988678	60
6	1073	465.773887109911	61
6	1173	517.796208452462	62
6	1191	527.284065397186	63
6	1223	547.715980908766	64
6	1227	548.005185924768	65
6	1246	559.590151087933	66
6	1279	570.888123951028	67
6	1284	572.595032011662	68
6	1286	572.710186973684	69
6	1306	580.866313058705	70
6	1313	581.88942360257	71
6	1330	591.120295926556	72
6	1349	599.932490086701	73
6	1351	600.168210723474	74
6	1362	602.668582351614	75
6	1419	626.130944329877	76
6	1441	633.718892797444	77
6	1469	648.29546085434	78
6	1471	648.541625105989	79
6	1601	725.043470178366	80
6	1603	725.320767841954	81
6	1631	740.378413841109	82
6	1648	751.991352861867	83
6	1678	766.577004158181	84
6	1684	768.459749784766	85
6	1686	768.648539443357	86
6	1691	769.551567182248	87
6	1716	778.527844855653	88
6	1739	789.583318826536	89
6	1770	805.500596287435	90
6	1799	820.2493365003	91
6	1802	820.523972050019	92
6	1814	826.45561101767	93
6	1838	836.563039926483	94
6	1844	839.868435346359	95
6	1846	840.109498576525	96
6	1885	860.462919409344	97
6	1937	893.598263308224	98
6	1983	913.439941600691	99
6	1986	913.922062966479	100
6	2014	927.038059093317	101
6	2021	931.29587186362	102
6	2036	939.853627830333	103
6	2042	940.931602143386	104
6	2051	942.556681321345	105
6	2068	951.423540339409	106
6	2071	951.859612313908	107
6	2076	952.462161910397	108
6	2085	958.083370540185	109
6	2101	965.240320673618	110
6	2109	966.598532081358	111
6	2131	978.209459953494	112
6	2140	981.760190752375	113
6	2161	990.92918113221	114
7	14	6.005948299963	1
7	102	45.397863054073	2
7	123	51.555640567076	3
7	139	55.394881530073	4
7	220	94.21820084734	5
7	253	105.47243838077	6
7	375	165.518254049113	7
7	480	222.498467375829	8
7	517	234.948348323245	9
7	561	252.249300226881	10
7	582	263.103826737128	11
7	636	279.303349573072	12
7	671	292.248824021728	13
7	692	303.572757833046	14
7	733	327.776929584633	15
7	862	380.12353447179	16
7	879	382.83306950479	17
7	896	385.452036394684	18
7	911	389.055584240226	19
7	1075	465.863966702724	20
7	1192	527.353035021305	21
7	1472	648.703126293334	22
7	1632	740.525641636033	23
7	1687	768.71727153855	24
7	1692	769.586579602703	25
7	1740	789.711692891678	26
7	1771	805.69665465789	27
7	1847	840.231928898339	28
7	1886	860.589094345585	29
7	2015	927.204806857808	30
7	2052	942.643290457973	31
7	2077	952.543336836969	32
7	2086	958.253908218102	33
8	14	6.005948299963	1.410724199263
8	102	45.397863054073	1.685568631215
8	123	51.555640567076	2.013924204423
8	139	55.394881530073	1.93504132823
8	220	94.21820084734	2.551658616863
8	253	105.47243838077	2.118363835028
8	375	165.518254049113	2.383721272381
8	480	222.498467375829	1.846814927414
8	517	234.948348323245	1.721000806023
8	561	252.249300226881	2.045759356125
8	582	263.103826737128	1.732539106188
8	636	279.303349573072	1.520669516945
8	671	292.248824021728	2.210323851901
8	692	303.572757833046	2.765958837038
8	733	327.776929584633	1.602626618461
8	862	380.12353447179	1.954882838988
8	879	382.83306950479	2.549705037397
8	896	385.452036394684	2.474504318198
8	911	389.055584240226	3.132156682351
8	1075	465.863966702724	3.098492085173
8	1192	527.353035021305	2.195938923525
8	1472	648.703126293334	2.632466119607
8	1632	740.525641636033	2.268773738036
8	1687	768.71727153855	2.496709941218
8	1692	769.586579602703	1.578365053706
8	1740	789.711692891678	1.969149135347
8	1771	805.69665465789	2.3671708032371
8	1847	840.231928898339	2.442712503968
8	1886	860.589094345585	1.4953441578559
8	2015	927.204806857808	1.917114380511
8	2052	942.643290457973	2.026721443405
8	2077	952.543336836969	1.5715740791519
8	2086	958.253908218102	2.481067008021
9	20	8.630833098888	1
9	38	16.375065320961	2
9	47	21.760496499059	3
9	59	24.524690771135	4
9	61	24.751840665691	5
9	70	32.157119736471	6
9	74	33.307617081614	7
9	76	33.641234690086	8
9	85	37.750664548226	9
9	108	47.922276362423	10
9	114	49.963521973354	11
9	129	53.677259262372	12
9	131	53.854236596269	13
9	208	90.0859496959	14
9	210	90.431825615105	15
9	226	96.616926171916	16
9	231	97.230667459832	17
9	242	98.773034949426	18
9	250	105.028343870693	19
9	278	119.955695303041	20
9	280	120.334055170352	21
9	297	127.910160955309	22
9	303	130.732278519608	23
9	319	141.777122114297	24
9	332	148.11230421345	25
9	350	152.641736724613	26
9	391	177.927084766053	27
9	393	178.09011588396	28
9	402	180.410473887963	29
9	411	185.047705329943	30
9	427	193.1386259142	31
9	453	204.920637033755	32
9	483	224.198220300607	33
9	497	229.609543663265	34
9	501	231.106731456627	35
9	521	237.546611844273	36
9	527	239.292923234677	37
9	546	245.61220363518	38
9	592	267.740898042306	39
9	594	267.96765912122	40
9	599	268.868488982706	41
9	605	270.320271866656	42
9	613	273.282134852031	43
9	624	278.151811929158	44
9	654	287.624920560952	45
9	665	290.426539179839	46
9	676	295.034009842728	47
9	686	302.95206505109	48
9	696	304.191104137617	49
9	710	318.111593215191	50
9	747	334.931079570374	51
9	753	336.722989970242	52
9	759	338.394626040915	53
9	785	351.06360692157	54
9	789	351.510650363836	55
9	797	356.854115225848	56
9	802	358.626819635383	57
9	812	363.248163064377	58
9	814	363.441591380687	59
9	823	366.499395325782	60
9	832	372.527839916832	61
9	834	372.726081989735	62
9	850	378.497251840025	63
9	857	379.497592636678	64
9	868	381.472225031571	65
9	872	382.027218090435	66
9	874	382.207483345929	67
9	876	382.390632704119	68
9	885	383.623385453443	69
9	890	384.825761006984	70
9	892	384.991058494043	71
9	904	388.321890959484	72
9	906	388.410821549919	73
9	973	421.340086245711	74
9	1003	439.546250069269	75
9	1049	462.95340404917	76
9	1055	464.190941878776	77
9	1059	464.802692113676	78
9	1061	465.023857654274	79
9	1063	465.175798733762	80
9	1090	472.931804977331	81
9	1095	475.319556607172	82
9	1102	479.667789840546	83
9	1129	493.383738539768	84
9	1134	494.863047987179	85
9	1170	517.488491102455	86
9	1185	525.378949126828	87
9	1203	534.88755281725	88
9	1248	559.701890801422	89
9	1250	560.018142678501	90
9	1256	560.585683378364	91
9	1260	561.043154718695	92
9	1275	570.675001297383	93
9	1277	570.816395026778	94
9	1296	578.215189130642	95
9	1310	581.490640570098	96
9	1340	596.727585411379	97
9	1342	596.928061036624	98
9	1347	599.706275790854	99
9	1355	600.764222164592	100
9	1369	605.347493611375	101
9	1404	620.569753661031	102
9	1411	622.453069992599	103
9	1417	625.827496285908	104
9	1424	627.561790403301	105
9	1432	632.398099012899	106
9	1434	632.734517598369	107
9	1443	634.034839153125	108
9	1450	637.221301150969	109
9	1460	644.528099756594	110
9	1496	669.791427202287	111
9	1498	669.948131863565	112
9	1500	670.172260325564	113
9	1513	679.355784266939	114
9	1525	687.376828535767	115
9	1551	698.067844764549	116
9	1581	714.785189100918	117
9	1594	723.597773317176	118
9	1599	724.905800706878	119
9	1612	729.998132296159	120
9	1620	735.725253724257	121
9	1625	737.120056141799	122
9	1635	742.203532871243	123
9	1650	752.193322659595	124
9	1661	758.327939108652	125
9	1670	764.066976356526	126
9	1700	772.235269575572	127
9	1702	772.537944364835	128
9	1713	778.213460583413	129
9	1746	794.433349242735	130
9	1750	796.238891260189	131
9	1752	796.467062013276	132
9	1777	809.75224759911	133
9	1861	845.723202555349	134
9	1902	873.875898003278	135
9	1927	887.139303918505	136
9	1977	911.510502764472	137
9	1981	913.323170017574	138
9	1998	917.950542685508	139
9	2012	926.912899630243	140
9	2028	936.246830060388	141
9	2034	939.470823397775	142
9	2044	941.020003541304	143
9	2049	942.254287308124	144
9	2096	964.492190577723	145
9	2098	964.872436143214	146
9	2107	966.473792663882	147
9	2147	984.872325793207	148
9	2174	992.020753221517	149
9	2183	998.611649000321	150
9	2185	998.821089258918	151
9	2187	999.04560289393	152
10	20	8.630833098888	1
10	38	16.375065320961	2
10	47	21.760496499059	3
10	59	24.524690771135	4
10	61	24.751840665691	5
10	70	32.157119736471	6
10	74	33.307617081614	7
10	76	33.641234690086	8
10	85	37.750664548226	9
10	108	47.922276362423	10
10	114	49.963521973354	11
10	129	53.677259262372	12
10	131	53.854236596269	13
10	208	90.0859496959	14
10	210	90.431825615105	15
10	226	96.616926171916	16
10	231	97.230667459832	17
10	242	98.773034949426	18
10	250	105.028343870693	19
10	278	119.955695303041	20
10	280	120.334055170352	21
10	297	127.910160955309	22
10	303	130.732278519608	23
10	319	141.777122114297	24
10	332	148.11230421345	25
10	350	152.641736724613	26
10	391	177.927084766053	27
10	393	178.09011588396	28
10	402	180.410473887963	29
10	411	185.047705329943	30
10	427	193.1386259142	31
10	453	204.920637033755	32
10	483	224.198220300607	33
10	497	229.609543663265	34
10	501	231.106731456627	35
10	521	237.546611844273	36
10	527	239.292923234677	37
10	546	245.61220363518	38
10	592	267.740898042306	39
10	594	267.96765912122	40
10	599	268.868488982706	41
10	605	270.320271866656	42
10	613	273.282134852031	43
10	624	278.151811929158	44
10	654	287.624920560952	45
10	665	290.426539179839	46
10	676	295.034009842728	47
10	686	302.95206505109	48
10	696	304.191104137617	49
10	710	318.111593215191	50
10	747	334.931079570374	51
10	753	336.722989970242	52
10	759	338.394626040915	53
10	785	351.06360692157	54
10	789	351.510650363836	55
10	797	356.854115225848	56
10	802	358.626819635383	57
10	812	363.248163064377	58
10	814	363.441591380687	59
10	823	366.499395325782	60
10	832	372.527839916832	61
10	834	372.726081989735	62
10	850	378.497251840025	63
10	857	379.497592636678	64
10	868	381.472225031571	65
10	872	382.027218090435	66
10	874	382.207483345929	67
10	876	382.390632704119	68
10	885	383.623385453443	69
10	890	384.825761006984	70
10	892	384.991058494043	71
10	904	388.321890959484	72
10	906	388.410821549919	73
10	973	421.340086245711	74
10	1003	439.546250069269	75
10	1049	462.95340404917	76
10	1055	464.190941878776	77
10	1059	464.802692113676	78
10	1061	465.023857654274	79
10	1063	465.175798733762	80
10	1090	472.931804977331	81
10	1095	475.319556607172	82
10	1102	479.667789840546	83
10	1129	493.383738539768	84
10	1134	494.863047987179	85
10	1170	517.488491102455	86
10	1185	525.378949126828	87
10	1203	534.88755281725	88
10	1248	559.701890801422	89
10	1250	560.018142678501	90
10	1256	560.585683378364	91
10	1260	561.043154718695	92
10	1275	570.675001297383	93
10	1277	570.816395026778	94
10	1296	578.215189130642	95
10	1310	581.490640570098	96
10	1340	596.727585411379	97
10	1342	596.928061036624	98
10	1347	599.706275790854	99
10	1355	600.764222164592	100
10	1369	605.347493611375	101
10	1404	620.569753661031	102
10	1411	622.453069992599	103
10	1417	625.827496285908	104
10	1424	627.561790403301	105
10	1432	632.398099012899	106
10	1434	632.734517598369	107
10	1443	634.034839153125	108
10	1450	637.221301150969	109
10	1460	644.528099756594	110
10	1496	669.791427202287	111
10	1498	669.948131863565	112
10	1500	670.172260325564	113
10	1513	679.355784266939	114
10	1525	687.376828535767	115
10	1551	698.067844764549	116
10	1581	714.785189100918	117
10	1594	723.597773317176	118
10	1599	724.905800706878	119
10	1612	729.998132296159	120
10	1620	735.725253724257	121
10	1625	737.120056141799	122
10	1635	742.203532871243	123
10	1650	752.193322659595	124
10	1661	758.327939108652	125
10	1670	764.066976356526	126
10	1700	772.235269575572	127
10	1702	772.537944364835	128
10	1713	778.213460583413	129
10	1746	794.433349242735	130
10	1750	796.238891260189	131
10	1752	796.467062013276	132
10	1777	809.75224759911	133
10	1861	845.723202555349	134
10	1902	873.875898003278	135
10	1927	887.139303918505	136
10	1977	911.510502764472	137
10	1981	913.323170017574	138
10	1998	917.950542685508	139
10	2012	926.912899630243	140
10	2028	936.246830060388	141
10	2034	939.470823397775	142
10	2044	941.020003541304	143
10	2049	942.254287308124	144
10	2096	964.492190577723	145
10	2098	964.872436143214	146
10	2107	966.473792663882	147
10	2147	984.872325793207	148
10	2174	992.020753221517	149
10	2183	998.611649000321	150
10	2185	998.821089258918	151
10	2187	999.04560289393	152
11	29	11.917293555583	1
11	51	22.283224685733	2
11	95	42.192799147687	3
11	100	45.148337564599	4
11	112	49.735873711019	5
11	118	50.972619505371	6
11	120	51.252998660156	7
11	145	58.087493894093	8
11	151	60.871486837263	9
11	179	76.919239037623	10
11	190	82.876927378173	11
11	192	82.955604560308	12
11	202	88.373928546301	13
11	228	96.949713816025	14
11	233	97.399196118927	15
11	238	98.301638086806	16
11	262	111.023580939016	17
11	266	113.102315017141	18
11	268	113.352711193089	19
11	310	135.782690230907	20
11	321	142.01751808212	21
11	323	142.18718919315	22
11	339	151.619620844626	23
11	341	151.804862788815	24
11	343	152.01450668937	25
11	345	152.113880967453	26
11	373	165.266354784017	27
11	395	178.28690105594	28
11	413	185.369971906976	29
11	434	194.58193504509	30
11	439	195.477280067028	31
11	447	201.695813176778	32
11	487	225.355752059847	33
11	503	231.358650687402	34
11	509	233.531052378515	35
11	514	234.639797672635	36
11	525	238.978337767566	37
11	552	249.119166772796	38
11	559	251.91023602185	39
11	570	258.68712569891	40
11	622	277.946818270349	41
11	628	278.489662095028	42
11	634	279.133617957662	43
11	652	287.475926401691	44
11	662	290.256169630453	45
11	669	291.849064792329	46
11	690	303.375471727672	47
11	723	324.65626315933	48
11	725	324.956958273398	49
11	731	327.715981516725	50
11	757	338.085503222232	51
11	767	342.265458458488	52
11	804	358.958825003367	53
11	836	372.910218035126	54
11	839	373.204025338207	55
11	859	379.745438489475	56
11	870	381.729477574466	57
11	882	383.119498520496	58
11	894	385.203280318656	59
11	908	388.724246701995	60
11	927	399.910565423099	61
11	934	401.580351175937	62
11	937	401.856638085959	63
11	955	411.565774973499	64
11	986	427.615995230191	65
11	1023	448.904528787228	66
11	1025	449.2261551038	67
11	1036	455.061155182983	68
11	1051	463.226164340807	69
11	1057	464.541883441638	70
11	1071	465.644430964511	71
11	1104	479.884593033969	72
11	1117	486.958160004032	73
11	1152	507.957787736892	74
11	1157	509.295731853828	75
11	1172	517.650361288386	76
11	1190	527.102973348677	77
11	1212	542.301169795525	78
11	1221	547.318280715889	79
11	1225	547.848315919719	80
11	1245	559.38610925403	81
11	1254	560.358668774482	82
11	1258	560.807466614771	83
11	1283	572.512040844451	84
11	1308	581.171335605557	85
11	1312	581.693089073219	86
11	1327	590.857468170295	87
11	1329	591.076499105245	88
11	1360	602.475697490891	89
11	1374	606.471165611021	90
11	1406	620.847369102239	91
11	1426	627.707044876714	92
11	1436	632.990446264534	93
11	1467	647.956772304687	94
11	1505	672.681158273321	95
11	1532	689.8825935031	96
11	1536	691.345962176092	97
11	1541	692.749633794667	98
11	1555	699.308325280237	99
11	1643	750.197951907523	100
11	1659	758.106136735096	101
11	1676	766.383505307495	102
11	1683	768.414866837725	103
11	1690	769.350527548199	104
11	1696	771.071708857495	105
11	1715	778.498768075838	106
11	1721	779.900475328804	107
11	1731	786.624710057558	108
11	1760	800.63572886607	109
11	1796	819.954236916513	110
11	1798	820.141639095179	111
11	1801	820.49073562657	112
11	1813	826.423707673436	113
11	1819	827.688031871034	114
11	1827	831.396017380367	115
11	1836	836.284998519197	116
11	1843	839.817769692368	117
11	1850	840.915300846009	118
11	1859	845.454814173025	119
11	1876	855.948939613716	120
11	1900	873.717608343516	121
11	1934	893.161641967478	122
11	1936	893.474430246516	123
11	1960	905.825697258939	124
11	1972	910.05880338608	125
11	1985	913.764390598752	126
11	2007	924.257252025104	127
11	2067	951.285670933385	128
11	2070	951.73982959811	129
11	2084	958.041811598647	130
11	2100	965.19324746267	131
11	2105	966.144737600362	132
11	2113	968.008816748091	133
11	2122	974.138285142431	134
11	2129	978.004685025767	135
11	2139	981.575437766342	136
11	2156	990.404613201314	137
11	2158	990.587397469048	138
11	2160	990.871498896124	139
11	2165	991.172321516276	140
11	2168	991.433438623525	141
11	2170	991.663414537977	142
11	2172	991.764186484132	143
12	29	11.917293555583	1
12	51	22.283224685733	2
12	95	42.192799147687	3
12	100	45.148337564599	4
12	112	49.735873711019	5
12	118	50.972619505371	6
12	120	51.252998660156	7
12	145	58.087493894093	8
12	151	60.871486837263	9
12	179	76.919239037623	10
12	190	82.876927378173	11
12	192	82.955604560308	12
12	202	88.373928546301	13
12	228	96.949713816025	14
12	233	97.399196118927	15
12	238	98.301638086806	16
12	262	111.023580939016	17
12	266	113.102315017141	18
12	268	113.352711193089	19
12	310	135.782690230907	20
12	321	142.01751808212	21
12	323	142.18718919315	22
12	339	151.619620844626	23
12	341	151.804862788815	24
12	343	152.01450668937	25
12	345	152.113880967453	26
12	373	165.266354784017	27
12	395	178.28690105594	28
12	413	185.369971906976	29
12	434	194.58193504509	30
12	439	195.477280067028	31
12	447	201.695813176778	32
12	487	225.355752059847	33
12	503	231.358650687402	34
12	509	233.531052378515	35
12	514	234.639797672635	36
12	525	238.978337767566	37
12	552	249.119166772796	38
12	559	251.91023602185	39
12	570	258.68712569891	40
12	622	277.946818270349	41
12	628	278.489662095028	42
12	634	279.133617957662	43
12	652	287.475926401691	44
12	662	290.256169630453	45
12	669	291.849064792329	46
12	690	303.375471727672	47
12	723	324.65626315933	48
12	725	324.956958273398	49
12	731	327.715981516725	50
12	757	338.085503222232	51
12	767	342.265458458488	52
12	804	358.958825003367	53
12	836	372.910218035126	54
12	839	373.204025338207	55
12	859	379.745438489475	56
12	870	381.729477574466	57
12	882	383.119498520496	58
12	894	385.203280318656	59
12	908	388.724246701995	60
12	927	399.910565423099	61
12	934	401.580351175937	62
12	937	401.856638085959	63
12	955	411.565774973499	64
12	986	427.615995230191	65
12	1023	448.904528787228	66
12	1025	449.2261551038	67
12	1036	455.061155182983	68
12	1051	463.226164340807	69
12	1057	464.541883441638	70
12	1071	465.644430964511	71
12	1104	479.884593033969	72
12	1117	486.958160004032	73
12	1152	507.957787736892	74
12	1157	509.295731853828	75
12	1172	517.650361288386	76
12	1190	527.102973348677	77
12	1212	542.301169795525	78
12	1221	547.318280715889	79
12	1225	547.848315919719	80
12	1245	559.38610925403	81
12	1254	560.358668774482	82
12	1258	560.807466614771	83
12	1283	572.512040844451	84
12	1308	581.171335605557	85
12	1312	581.693089073219	86
12	1327	590.857468170295	87
12	1329	591.076499105245	88
12	1360	602.475697490891	89
12	1374	606.471165611021	90
12	1406	620.847369102239	91
12	1426	627.707044876714	92
12	1436	632.990446264534	93
12	1467	647.956772304687	94
12	1505	672.681158273321	95
12	1532	689.8825935031	96
12	1536	691.345962176092	97
12	1541	692.749633794667	98
12	1555	699.308325280237	99
12	1643	750.197951907523	100
12	1659	758.106136735096	101
12	1676	766.383505307495	102
12	1683	768.414866837725	103
12	1690	769.350527548199	104
12	1696	771.071708857495	105
12	1715	778.498768075838	106
12	1721	779.900475328804	107
12	1731	786.624710057558	108
12	1760	800.63572886607	109
12	1796	819.954236916513	110
12	1798	820.141639095179	111
12	1801	820.49073562657	112
12	1813	826.423707673436	113
12	1819	827.688031871034	114
12	1827	831.396017380367	115
12	1836	836.284998519197	116
12	1843	839.817769692368	117
12	1850	840.915300846009	118
12	1859	845.454814173025	119
12	1876	855.948939613716	120
12	1900	873.717608343516	121
12	1934	893.161641967478	122
12	1936	893.474430246516	123
12	1960	905.825697258939	124
12	1972	910.05880338608	125
12	1985	913.764390598752	126
12	2007	924.257252025104	127
12	2067	951.285670933385	128
12	2070	951.73982959811	129
12	2084	958.041811598647	130
12	2100	965.19324746267	131
12	2105	966.144737600362	132
12	2113	968.008816748091	133
12	2122	974.138285142431	134
12	2129	978.004685025767	135
12	2139	981.575437766342	136
12	2156	990.404613201314	137
12	2158	990.587397469048	138
12	2160	990.871498896124	139
12	2165	991.172321516276	140
12	2168	991.433438623525	141
12	2170	991.663414537977	142
12	2172	991.764186484132	143

